label:
398
0	-80
0.0150503	-80.0023
0.0301007	-80.0048
0.0612141	-80.0102
0.0923275	-80.0156
0.148149	-80.0252
0.234294	-80.0393
0.32044	-80.0527
0.406585	-80.0655
0.49273	-80.0776
0.631371	-80.0962
0.770011	-80.1135
0.979072	-80.138
1.18813	-80.1605
1.39719	-80.1816
1.60626	-80.2013
1.81532	-80.2197
2.14387	-80.2463
2.47241	-80.2702
2.80096	-80.2917
3.3187	-80.3209
3.83645	-80.3447
4.35419	-80.3635
4.87193	-80.3777
5.38967	-80.3876
5.90741	-80.3935
6.42515	-80.3958
7.28754	-80.3925
8.14993	-80.3814
9.01231	-80.364
9.8747	-80.3415
10.7371	-80.3151
11.5995	-80.2856
12.4619	-80.2541
13.3243	-80.2211
14.7588	-80.165
16.1933	-80.1093
17.6278	-80.0555
19.0623	-80.005
20.4968	-79.9585
21.9313	-79.9164
23.3659	-79.8792
24.8004	-79.8468
26.2349	-79.8192
27.6694	-79.7964
29.1039	-79.7782
30.5384	-79.7643
31.9729	-79.7544
33.4075	-79.7484
34.842	-79.7459
36.2765	-79.7467
37.711	-79.7504
39.1455	-79.7568
40.58	-79.7655
42.0145	-79.7764
43.4491	-79.7892
44.8836	-79.8036
47.0744	-79.8282
49.2652	-79.8554
51.456	-79.8844
55.9969	-79.9482
60.5379	-80.0135
65.0788	-80.0768
69.6197	-80.136
74.1606	-80.1897
78.7016	-80.2372
83.2425	-80.2781
90.0852	-80.3278
96.9279	-80.364
103.771	-80.3887
110.613	-80.4039
117.456	-80.412
124.299	-80.4151
131.141	-80.4146
137.984	-80.4121
148.363	-80.4061
158.742	-80.3995
169.122	-80.3937
179.501	-80.3892
189.88	-80.3859
200.259	-80.3838
210.639	-80.3826
221.018	-80.3821
231.397	-80.3821
241.776	-80.3825
252.155	-80.3832
262.535	-80.384
272.914	-80.3848
283.293	-80.3857
293.672	-80.3866
295	-80.3867
295	-80.3867
295	-80.3042
295.001	-80.2324
295.002	-80.1316
295.002	-80.0442
295.004	-79.8605
295.006	-79.7132
295.008	-79.5866
295.01	-79.4732
295.013	-79.3083
295.016	-79.1603
295.019	-79.0247
295.024	-78.8175
295.029	-78.6291
295.039	-78.3003
295.049	-78.0052
295.059	-77.734
295.069	-77.4825
295.078	-77.2476
295.095	-76.8805
295.112	-76.5439
295.129	-76.2312
295.154	-75.7919
295.179	-75.3883
295.219	-74.8196
295.258	-74.3034
295.297	-73.8289
295.337	-73.3881
295.376	-72.9751
295.441	-72.3443
295.505	-71.7634
295.57	-71.2234
295.635	-70.7176
295.699	-70.2404
295.811	-69.472
295.922	-68.7608
296.034	-68.0961
296.146	-67.4697
296.257	-66.8749
296.448	-65.919
296.638	-65.0204
296.828	-64.166
297.019	-63.3455
297.209	-62.5505
297.502	-61.3595
297.794	-60.1857
298.087	-59.0004
298.38	-57.7619
298.673	-56.3927
298.966	-54.7384
299.039	-54.2426
299.112	-53.6803
299.223	-52.6607
299.334	-51.2971
299.445	-49.1481
299.472	-48.3817
299.5	-47.4381
299.528	-46.2317
299.556	-44.6348
299.583	-42.3358
299.611	-38.6538
299.618	-37.3787
299.625	-35.872
299.636	-32.7695
299.647	-28.4916
299.659	-22.4079
299.67	-13.6633
299.677	-6.12215
299.685	2.56316
299.692	11.6031
299.7	19.8038
299.705	24.3014
299.71	27.9573
299.715	30.8269
299.719	33.019
299.724	34.6665
299.729	35.8924
299.734	36.7959
299.739	37.4511
299.744	37.9139
299.749	38.2263
299.757	38.4838
299.764	38.5361
299.772	38.4344
299.78	38.2141
299.787	37.9002
299.795	37.5099
299.806	36.7935
299.818	35.9579
299.83	35.0268
299.841	34.0184
299.853	32.9453
299.865	31.8174
299.884	29.8721
299.903	27.844
299.922	25.7595
299.941	23.6539
299.96	21.5566
299.979	19.4779
299.998	17.4386
300	17.2371
300	17.2371
300	17.1191
300.001	17.0145
300.002	16.8658
300.002	16.7334
300.004	16.4449
300.006	16.1965
300.007	15.9688
300.009	15.7527
300.012	15.4086
300.015	15.0779
300.018	14.7564
300.023	14.2242
300.028	13.7055
300.035	12.9046
300.043	12.1235
300.057	10.7562
300.071	9.43352
300.085	8.14977
300.099	6.90456
300.113	5.69534
300.136	3.76648
300.159	1.92213
300.182	0.155753
300.205	-1.54019
300.228	-3.17136
300.251	-4.74292
300.274	-6.2599
300.309	-8.47097
300.344	-10.5773
300.379	-12.596
300.414	-14.5275
300.449	-16.3808
300.484	-18.1666
300.519	-19.894
300.554	-21.5705
300.589	-23.2032
300.624	-24.7991
300.659	-26.3638
300.694	-27.9056
300.73	-29.4285
300.765	-30.9385
300.8	-32.4375
300.835	-33.9299
300.87	-35.4151
300.905	-36.8946
300.94	-38.3634
300.975	-39.82
301.01	-41.2535
301.045	-42.6607
301.08	-44.036
301.115	-45.3727
301.15	-46.66
301.185	-47.8911
301.22	-49.0589
301.255	-50.1601
301.29	-51.1909
301.326	-52.1507
301.361	-53.04
301.396	-53.8616
301.431	-54.6197
301.466	-55.3195
301.501	-55.9661
301.536	-56.5648
301.571	-57.1202
301.606	-57.6364
301.641	-58.1167
301.676	-58.5639
301.731	-59.2077
301.787	-59.7812
301.842	-60.2903
301.897	-60.7394
301.953	-61.1331
302.008	-61.476
302.064	-61.7725
302.119	-62.0271
302.174	-62.2439
302.23	-62.4271
302.316	-62.6545
302.402	-62.821
302.489	-62.9371
302.575	-63.0112
302.662	-63.0502
302.748	-63.0593
302.835	-63.043
302.921	-63.0044
303.008	-62.9464
303.094	-62.8713
303.181	-62.7813
303.267	-62.6784
303.354	-62.5646
303.44	-62.4418
303.526	-62.3116
303.613	-62.1757
303.699	-62.0351
303.786	-61.8911
303.872	-61.7444
303.959	-61.596
304.045	-61.4463
304.202	-61.1738
304.358	-60.9017
304.515	-60.6318
304.671	-60.366
304.828	-60.1057
304.984	-59.8522
305.141	-59.6062
305.297	-59.3682
305.454	-59.1387
305.61	-58.9178
305.767	-58.7056
305.923	-58.5019
306.166	-58.2026
306.409	-57.9234
306.652	-57.6638
306.895	-57.4236
307.138	-57.2026
307.519	-56.8949
307.901	-56.6362
308.282	-56.4301
308.663	-56.278
309.045	-56.1913
309.426	-56.1709
309.808	-56.2248
310.189	-56.3497
310.571	-56.5715
310.952	-56.8696
311.333	-57.2431
311.715	-57.662
312.096	-58.1435
312.478	-58.6796
312.859	-59.2332
313.24	-59.8017
313.622	-60.3787
314.003	-60.9535
314.385	-61.516
314.766	-62.0711
315.147	-62.6123
315.529	-63.1379
315.91	-63.6466
316.5	-64.405
317.09	-65.1276
317.68	-65.8131
318.27	-66.4631
318.86	-67.08
319.45	-67.6659
320.04	-68.223
320.63	-68.7533
321.535	-69.5199
322.44	-70.2353
323.345	-70.9058
324.251	-71.5364
325.156	-72.1313
326.061	-72.694
326.966	-73.2272
327.872	-73.7334
329.357	-74.5099
330.843	-75.225
332.329	-75.8839
334.777	-76.8586
337.225	-77.708
339.673	-78.4454
342.121	-79.0821
344.569	-79.6284
347.016	-80.0941
350.839	-80.6807
354.661	-81.1213
358.484	-81.4411
362.306	-81.6616
366.129	-81.8016
369.951	-81.8776
376.479	-81.8981
383.006	-81.8265
389.533	-81.7024
396.06	-81.5532
402.588	-81.3975
409.115	-81.2472
415.642	-81.1092
422.17	-80.9867
428.697	-80.8807
435.224	-80.7909
441.751	-80.7159
448.279	-80.6542
454.806	-80.6041
461.333	-80.5638
467.861	-80.5317
474.388	-80.5063
480.915	-80.4864
487.442	-80.4709
493.97	-80.4589
500.497	-80.4496
507.024	-80.4425
513.552	-80.4371
520.079	-80.433
526.606	-80.4298
533.133	-80.4274
539.661	-80.4256
546.188	-80.4242
552.715	-80.4231
559.243	-80.4222
565.77	-80.4216
572.297	-80.4211
578.824	-80.4207
585.352	-80.4203
591.879	-80.42
598.406	-80.4198
600	-80.4198
