label:
694
0	-80
0.0150503	-80.0023
0.0301007	-80.0048
0.0612141	-80.0102
0.0923275	-80.0156
0.148149	-80.0252
0.234294	-80.0393
0.32044	-80.0527
0.406585	-80.0655
0.49273	-80.0776
0.631371	-80.0962
0.770011	-80.1135
0.979072	-80.138
1.18813	-80.1605
1.39719	-80.1816
1.60626	-80.2013
1.81532	-80.2197
2.14387	-80.2463
2.47241	-80.2702
2.80096	-80.2917
3.3187	-80.3209
3.83645	-80.3447
4.35419	-80.3635
4.87193	-80.3777
5.38967	-80.3876
5.90741	-80.3935
6.42515	-80.3958
7.28754	-80.3925
8.14993	-80.3814
9.01231	-80.364
9.8747	-80.3415
10.7371	-80.3151
11.5995	-80.2856
12.4619	-80.2541
13.3243	-80.2211
14.7588	-80.165
16.1933	-80.1093
17.6278	-80.0555
19.0623	-80.005
20.4968	-79.9585
21.9313	-79.9164
23.3659	-79.8792
24.8004	-79.8468
26.2349	-79.8192
27.6694	-79.7964
29.1039	-79.7782
30.5384	-79.7643
31.9729	-79.7544
33.4075	-79.7484
34.842	-79.7459
36.2765	-79.7467
37.711	-79.7504
39.1455	-79.7568
40.58	-79.7655
42.0145	-79.7764
43.4491	-79.7892
44.8836	-79.8036
47.0744	-79.8282
49.2652	-79.8554
51.456	-79.8844
55.9969	-79.9482
60.5379	-80.0135
65.0788	-80.0768
69.6197	-80.136
74.1606	-80.1897
78.7016	-80.2372
83.2425	-80.2781
90.0852	-80.3278
96.9279	-80.364
103.771	-80.3887
110.613	-80.4039
117.456	-80.412
124.299	-80.4151
131.141	-80.4146
137.984	-80.4121
148.363	-80.4061
158.742	-80.3995
169.122	-80.3937
179.501	-80.3892
189.88	-80.3859
200.259	-80.3838
210.639	-80.3826
221.018	-80.3821
231.397	-80.3821
241.776	-80.3825
252.155	-80.3832
262.535	-80.384
272.914	-80.3848
283.293	-80.3857
293.672	-80.3866
295	-80.3867
295	-80.3867
295	-80.3042
295.001	-80.2324
295.002	-80.1316
295.002	-80.0442
295.004	-79.8605
295.006	-79.7132
295.008	-79.5866
295.01	-79.4732
295.013	-79.3083
295.016	-79.1603
295.019	-79.0247
295.024	-78.8175
295.029	-78.6291
295.039	-78.3003
295.049	-78.0052
295.059	-77.734
295.069	-77.4825
295.078	-77.2476
295.095	-76.8805
295.112	-76.5439
295.129	-76.2312
295.154	-75.7919
295.179	-75.3883
295.219	-74.8196
295.258	-74.3034
295.297	-73.8289
295.337	-73.3881
295.376	-72.9751
295.441	-72.3443
295.505	-71.7634
295.57	-71.2234
295.635	-70.7176
295.699	-70.2404
295.811	-69.472
295.922	-68.7608
296.034	-68.0961
296.146	-67.4697
296.257	-66.8749
296.448	-65.919
296.638	-65.0204
296.828	-64.166
297.019	-63.3455
297.209	-62.5505
297.502	-61.3595
297.794	-60.1857
298.087	-59.0004
298.38	-57.7619
298.673	-56.3927
298.966	-54.7384
299.039	-54.2426
299.112	-53.6803
299.223	-52.6607
299.334	-51.2971
299.445	-49.1481
299.472	-48.3817
299.5	-47.4381
299.528	-46.2317
299.556	-44.6348
299.583	-42.3358
299.611	-38.6538
299.618	-37.3787
299.625	-35.872
299.636	-32.7695
299.647	-28.4916
299.659	-22.4079
299.67	-13.6633
299.677	-6.12215
299.685	2.56316
299.692	11.6031
299.7	19.8038
299.705	24.3014
299.71	27.9573
299.715	30.8269
299.719	33.019
299.724	34.6665
299.729	35.8924
299.734	36.7959
299.739	37.4511
299.744	37.9139
299.749	38.2263
299.757	38.4838
299.764	38.5361
299.772	38.4344
299.78	38.2141
299.787	37.9002
299.795	37.5099
299.806	36.7935
299.818	35.9579
299.83	35.0268
299.841	34.0184
299.853	32.9453
299.865	31.8174
299.884	29.8721
299.903	27.844
299.922	25.7595
299.941	23.6539
299.96	21.5566
299.979	19.4779
299.998	17.4386
300	17.2371
300	17.2371
300	17.1191
300.001	17.0145
300.002	16.8658
300.002	16.7334
300.004	16.4449
300.006	16.1965
300.007	15.9688
300.009	15.7527
300.012	15.4086
300.015	15.0779
300.018	14.7564
300.023	14.2242
300.028	13.7055
300.035	12.9046
300.043	12.1236
300.057	10.7564
300.071	9.43385
300.085	8.15022
300.099	6.90512
300.113	5.69601
300.136	3.76739
300.159	1.92326
300.182	0.157082
300.205	-1.53868
300.228	-3.16967
300.251	-4.74107
300.274	-6.2579
300.309	-8.46868
300.344	-10.5747
300.379	-12.5932
300.414	-14.5244
300.449	-16.3775
300.484	-18.1632
300.519	-19.8903
300.554	-21.5666
300.589	-23.1991
300.624	-24.7948
300.659	-26.3593
300.694	-27.9009
300.729	-29.4236
300.764	-30.9333
300.799	-32.4321
300.835	-33.9243
300.87	-35.4092
300.905	-36.8884
300.94	-38.357
300.975	-39.8134
301.01	-41.2467
301.045	-42.6538
301.08	-44.029
301.115	-45.3657
301.15	-46.6531
301.185	-47.8842
301.22	-49.0521
301.255	-50.1535
301.29	-51.1845
301.325	-52.1445
301.36	-53.034
301.395	-53.8559
301.43	-54.6141
301.466	-55.314
301.501	-55.9608
301.536	-56.5596
301.571	-57.115
301.606	-57.6313
301.641	-58.1116
301.676	-58.5588
301.731	-59.2021
301.786	-59.7753
301.842	-60.2839
301.897	-60.7327
301.952	-61.126
302.008	-61.4685
302.063	-61.7645
302.118	-62.0186
302.174	-62.2349
302.229	-62.4174
302.315	-62.6436
302.402	-62.8085
302.488	-62.9227
302.574	-62.9945
302.661	-63.0306
302.747	-63.0364
302.834	-63.016
302.92	-62.9727
303.006	-62.9092
303.093	-62.8279
303.179	-62.7309
303.265	-62.6203
303.352	-62.4981
303.438	-62.3661
303.525	-62.2261
303.611	-62.0793
303.697	-61.9271
303.784	-61.7705
303.87	-61.6102
303.957	-61.447
304.043	-61.2815
304.129	-61.1142
304.216	-60.9455
304.302	-60.7759
304.388	-60.6058
304.475	-60.4355
304.561	-60.2653
304.702	-59.9899
304.842	-59.7164
304.982	-59.4452
305.123	-59.1766
305.263	-58.9105
305.403	-58.6466
305.544	-58.384
305.684	-58.1222
305.824	-57.8605
305.965	-57.5982
306.105	-57.3333
306.246	-57.0658
306.386	-56.7931
306.526	-56.5165
306.667	-56.229
306.807	-55.9386
306.947	-55.6235
307.088	-55.3207
307.228	-54.994
307.368	-54.6075
307.509	-54.2002
307.649	-53.7831
307.789	-53.2787
307.93	-52.6624
308.07	-51.9919
308.211	-51.1913
308.351	-49.9289
308.386	-49.5202
308.421	-49.0901
308.456	-48.591
308.491	-47.9711
308.526	-47.2821
308.561	-46.4515
308.596	-45.3821
308.632	-43.8446
308.667	-41.7884
308.675	-41.1712
308.684	-40.4608
308.693	-39.6631
308.702	-38.7618
308.711	-37.7227
308.719	-36.5223
308.728	-35.1263
308.737	-33.4983
308.746	-31.562
308.754	-29.2508
308.763	-26.4458
308.772	-23.0759
308.781	-18.9709
308.789	-14.1011
308.798	-8.50944
308.807	-2.44172
308.816	3.815
308.825	9.70495
308.833	14.8543
308.842	19.0419
308.851	22.2151
308.86	24.4984
308.868	26.0558
308.877	27.0373
308.886	27.5867
308.895	27.8123
308.904	27.7818
308.912	27.5486
308.921	27.1554
308.93	26.635
308.939	26.0163
308.953	24.8778
308.966	23.5926
308.98	22.206
308.994	20.7539
309.008	19.2622
309.022	17.7522
309.044	15.3495
309.066	12.9823
309.088	10.6821
309.111	8.46736
309.133	6.34421
309.155	4.31556
309.177	2.37945
309.211	-0.418997
309.245	-3.02867
309.279	-5.47025
309.312	-7.7624
309.346	-9.9204
309.38	-11.9601
309.431	-14.8229
309.482	-17.4846
309.533	-19.9637
309.584	-22.297
309.635	-24.5011
309.685	-26.6034
309.736	-28.5955
309.787	-30.5056
309.838	-32.3073
309.889	-34.0528
309.94	-35.697
309.991	-37.2464
310.042	-38.6769
310.092	-40.0674
310.143	-41.3699
310.194	-42.5857
310.245	-43.6993
310.296	-44.7943
310.347	-45.8222
310.398	-46.778
310.448	-47.6618
310.499	-48.5014
310.55	-49.2789
310.601	-50.0104
310.652	-50.6762
310.703	-51.3174
310.754	-51.9039
310.805	-52.4728
310.855	-52.9853
310.906	-53.4773
310.957	-53.9492
311.008	-54.4078
311.059	-54.8348
311.11	-55.2442
311.161	-55.6285
311.211	-55.9973
311.262	-56.3416
311.313	-56.669
311.364	-56.9747
311.415	-57.2628
311.5	-57.6976
311.585	-58.0774
311.67	-58.4069
311.755	-58.6865
311.839	-58.9198
311.924	-59.1102
312.06	-59.3352
312.195	-59.4772
312.33	-59.551
312.465	-59.5696
312.6	-59.544
312.736	-59.4831
312.871	-59.3942
313.006	-59.2832
313.141	-59.1546
313.277	-59.012
313.412	-58.8584
313.547	-58.696
313.682	-58.5265
313.763	-58.4228
313.843	-58.3174
313.924	-58.2103
314.004	-58.1017
314.133	-57.9258
314.261	-57.7467
314.39	-57.5649
314.518	-57.3804
314.647	-57.1932
314.775	-57.0031
314.904	-56.8099
315.032	-56.6132
315.16	-56.4126
315.356	-56.098
315.552	-55.7697
315.747	-55.4239
315.943	-55.0552
316.139	-54.6558
316.334	-54.2151
316.53	-53.7155
316.726	-53.1347
316.921	-52.4216
317.117	-51.5187
317.313	-50.2203
317.362	-49.7725
317.411	-49.2522
317.459	-48.6452
317.508	-47.9315
317.557	-47.0245
317.606	-45.8729
317.655	-44.2523
317.704	-41.7912
317.735	-39.3593
317.766	-35.6631
317.786	-32.0706
317.806	-26.823
317.826	-19.0203
317.839	-12.2818
317.852	-4.41337
317.865	3.83092
317.878	11.2628
317.886	15.114
317.894	18.2652
317.902	20.712
317.91	22.5265
317.918	23.8138
317.926	24.6763
317.934	25.1997
317.943	25.4515
317.951	25.4844
317.959	25.3412
317.971	24.8592
317.983	24.1346
317.995	23.2325
318.008	22.201
318.02	21.0752
318.032	19.8818
318.051	17.9619
318.07	15.9895
318.089	14.0089
318.108	12.0508
318.127	10.1338
318.145	8.26993
318.175	5.4929
318.204	2.86996
318.233	0.394158
318.263	-1.93717
318.292	-4.13225
318.321	-6.20804
318.351	-8.17271
318.38	-10.0352
318.409	-11.8068
318.455	-14.3903
318.5	-16.7949
318.546	-19.0479
318.591	-21.17
318.637	-23.1759
318.682	-25.0768
318.728	-26.8826
318.797	-29.4522
318.866	-31.8371
318.935	-34.0407
319.004	-36.0643
319.072	-37.9043
319.141	-39.5794
319.21	-41.0945
319.279	-42.4878
319.348	-43.7654
319.417	-44.9586
319.486	-46.0288
319.555	-47.0214
319.624	-47.9397
319.693	-48.807
319.762	-49.5686
319.831	-50.2749
319.9	-50.9387
319.968	-51.5809
320.037	-52.158
320.106	-52.7194
320.175	-53.2473
320.244	-53.7529
320.313	-54.2223
320.382	-54.6832
320.451	-55.1149
320.52	-55.5405
320.589	-55.9331
320.658	-56.3159
320.727	-56.6643
320.796	-56.9995
320.864	-57.3024
320.933	-57.5901
321.002	-57.8488
321.071	-58.0903
321.14	-58.3066
321.209	-58.5052
321.278	-58.6826
321.385	-58.925
321.493	-59.1291
321.6	-59.2976
321.816	-59.5542
322.032	-59.7224
322.247	-59.831
322.463	-59.8983
322.679	-59.9399
322.895	-59.9649
323.111	-59.9818
323.327	-59.9951
323.543	-60.009
323.867	-60.0354
324.191	-60.076
324.516	-60.133
324.84	-60.2113
325.165	-60.3101
325.489	-60.4327
325.813	-60.5772
326.138	-60.7459
326.462	-60.9368
326.786	-61.1518
327.111	-61.3886
327.435	-61.6486
327.76	-61.9296
328.084	-62.2322
328.408	-62.5545
328.733	-62.8965
329.057	-63.2563
329.382	-63.6332
329.706	-64.0252
330.03	-64.4308
330.355	-64.8481
330.679	-65.2751
331.179	-65.947
331.679	-66.6293
332.179	-67.3145
332.679	-67.9952
333.178	-68.665
333.678	-69.3184
334.178	-69.9509
334.678	-70.5596
335.178	-71.1426
335.678	-71.699
336.178	-72.229
336.677	-72.733
337.177	-73.2121
337.677	-73.6674
338.177	-74.1003
338.677	-74.5122
339.177	-74.9044
339.677	-75.2783
340.176	-75.6351
340.676	-75.9762
341.176	-76.3027
341.676	-76.6157
342.176	-76.9163
342.676	-77.2055
343.176	-77.4844
343.675	-77.7537
344.175	-78.0143
344.675	-78.2672
345.175	-78.513
345.675	-78.7524
345.943	-78.8782
346.21	-79.0024
346.478	-79.1251
346.746	-79.2463
347.014	-79.3659
347.282	-79.484
347.549	-79.6006
347.817	-79.7156
348.085	-79.8289
348.353	-79.9405
348.621	-80.0503
348.888	-80.1583
349.296	-80.3188
349.704	-80.4748
350.111	-80.626
350.519	-80.7724
350.926	-80.9139
351.334	-81.0507
351.967	-81.2538
352.601	-81.4459
353.234	-81.6274
353.868	-81.7988
354.501	-81.9606
355.477	-82.1922
356.453	-82.4039
357.43	-82.5971
358.406	-82.7732
359.382	-82.9334
360.854	-83.1471
362.326	-83.3304
363.797	-83.4859
365.269	-83.6163
366.741	-83.7239
369.051	-83.8512
371.362	-83.9342
373.672	-83.9792
375.983	-83.992
378.293	-83.9776
380.604	-83.9406
382.914	-83.8852
385.225	-83.8148
387.535	-83.7326
389.846	-83.6413
392.156	-83.5434
394.467	-83.4407
398.121	-83.2725
401.776	-83.1021
405.43	-82.9333
411.21	-82.6767
416.989	-82.4385
422.769	-82.2223
428.548	-82.0293
434.328	-81.8595
440.107	-81.7117
445.887	-81.5844
451.666	-81.4754
461.236	-81.33
470.805	-81.2206
480.375	-81.1399
489.944	-81.0807
499.514	-81.0373
509.083	-81.0059
518.653	-80.9828
528.222	-80.9654
537.792	-80.9515
547.361	-80.9397
556.931	-80.9286
566.5	-80.9171
576.07	-80.9046
585.639	-80.89
595.209	-80.873
600	-80.8633
