base_seed=4223 

 parameters for this run were: 
NaTa_t.soma.gNaTa_tbar 
Nap_Et2.soma.gNap_Et2bar 
K_Pst.soma.gK_Pstbar 
K_Tst.soma.gK_Tstbar 
SK_E2.soma.gSK_E2bar 
SKv3_1.soma.gSKv3_1bar 
Ca_HVA.soma.gCa_HVAbar 
Ca_LVAst.soma.gCa_LVAstbar 
CaDynamics_E2.soma.gamma 
CaDynamics_E2.soma.decay 
NaTa_t.axon.gNaTa_tbar 
Nap_Et2.axon.gNap_Et2bar 
K_Pst.axon.gK_Pstbar 
K_Tst.axon.gK_Tstbar 
SK_E2.axon.gSK_E2bar 
SKv3_1.axon.gSKv3_1bar 
Ca_HVA.axon.gCa_HVAbar 
Ca_LVAst.axon.gCa_LVAstbar 
CaDynamics_E2.axon.gamma 
CaDynamics_E2.axon.decay 
none.soma.g_pas 
none.axon.g_pas 
none.dend.g_pas 
none.apic.g_pas 
Im.apic.gImbar 
NaTa_t.apic.gNaTa_tbar 
SKv3_1.apic.gSKv3_1bar 
Ca_HVA.apic.gCa_HVAbar 
Ca_LVAst.apic.gCa_LVAstbar 
SK_E2.apic.gSK_E2bar 
CaDynamics_E2.apic.gamma 
CaDynamics_E2.apic.decay 

 at generation 498 error matrix was: 
1000 5
 1.84     1.66     2.31     2        0       
 2        2.41     1.25     0.184    0       
 1.99     2.49     0.991    4.69     0       
 2.06     2.39     1.06     3.77     0       
 2.23     2.32     0.92     2.89     0       
 2.11     2.26     0.919    4.76     0       
 2.08     2.45     1.02     1.8      0       
 2.26     2.09     0.921    4.96     0       
 1.82     2.28     2.29     0.458    0       
 1.88     2.43     1.79     3.68     0       
 1.98     2.71     0.812    4.06     0       
 1.7      2.45     2.19     1.92     0       
 2        2.2      1.78     1.46     0       
 1.83     2.11     2.22     0.878    0       
 2.57     1.69     1.07     4.05     0       
 1.74     2.3      2.42     2.58     0       
 1.95     2.85     0.794    4.01     0       
 1.98     3.07     0.908    1.34     0       
 1.97     2.85     0.863    2.43     0       
 1.73     1.41     2.47     3.83     0       
 1.98     2.86     0.808    3.52     0       
 2.05     2.14     1.3      1.71     0       
 2.02     2.16     1.14     2.12     0       
 1.65     2.38     4.27     1.73     0       
 2        2.83     0.802    3.53     0       
 1.79     2.49     2.3      0.721    0       
 2.06     2.26     1.03     4.54     0       
 2.19     1.94     1.08     3.71     0       
 2.02     2.88     0.892    1.69     0       
 2.06     2.42     1.04     2.59     0       
 2.19     2.36     0.879    4.48     0       
 1.74     1.49     2.44     2.51     0       
 2.01     2.74     0.861    3.1      0       
 2.57     1.95     1.04     1.37     0       
 2.12     1.15     2.17     1.39     0       
 2.2      2.48     1.05     0.33     0       
 2.12     0.804    3.78     2.03     0       
 1.97     1.9      1.76     3.33     0       
 2.11     1.1      4.29     0.133    0       
 2.22     2.13     0.941    4.44     0       
 2.35     2.09     0.91     5.13     0       
 2.25     2.21     0.936    3.96     0       
 1.87     2.55     1.72     1.98     0       
 2.04     1.89     2.14     0.385    0       
 1.99     2.71     0.804    4.08     0       
 1.97     2.68     0.819    3.98     0       
 2.24     2.32     0.912    2.83     0       
 1.9      2.26     1.72     3.83     0       
 1.63     2.63     4.54     0.498    0       
 1.67     2.16     3.73     1.32     0       
 2.24     2.29     0.855    5.34     0       
 2.31     2        0.959    2.51     0       
 1.71     2.21     3.21     0.602    0       
 2.31     2.21     0.952    2.43     0       
 1.67     2.6      3.2      1.96     0       
 1.71     2.19     3.17     0.845    0       
 1.82     2.24     2.06     2.9      0       
 1.9      2.69     2.24     0.322    0       
 1.71     2.57     3.64     0.13     0       
 2.1      0.98     2.88     1.39     0       
 2.27     2.54     0.963    0.446    0       
 1.9      2.31     1.97     1.68     0       
 1.97     2.91     0.801    3.96     0       
 1.83     1.7      2.32     1.99     0       
 2.13     1.24     1.73     2.45     0       
 1.89     2.08     1.84     4.81     0       
 2.01     2.84     0.812    3.31     0       
 1.63     2.55     4.29     1.62     0       
 1.82     2.12     2.23     0.814    0       
 1.84     2.04     2.26     1.5      0       
 1.96     2.55     1.35     0.825    0       
 1.68     2.48     3.32     0.468    0       
 2.01     2.36     1.21     0.203    0       
 1.81     1.9      2.24     3.16     0       
 2.01     3.08     0.923    1.27     0       
 2.1      2.26     1.04     2.36     0       
 2.12     2.06     1.08     2.28     0       
 2        2.63     0.874    2.75     0       
 1.75     2.33     2.45     1.94     0       
 1.89     2.07     2.2      0.528    0       
 1.62     2.12     4.06     2.67     0       
 1.87     2.3      1.99     2.56     0       
 1.94     2.79     0.817    3.91     0       
 1.87     2.09     1.9      4.87     0       
 1.78     2.05     2.25     1.62     0       
 2.09     2.6      1.03     1.04     0       
 2.02     2.75     1.03     0.749    0       
 1.97     3.14     0.857    1.78     0       
 1.97     2.95     0.87     2.07     0       
 2.13     1.85     1.36     0.261    0       
 2.63     1.7      1.1      4.01     0       
 1.97     3.07     0.919    1.34     0       
 2.06     1.79     1.5      0.636    0       
 2.02     2.75     1.05     0.731    0       
 2.04     2.16     1.33     0.709    0       
 2.06     0.939    6.03     0.847    0       
 2.1      1.98     1.11     1.94     0       
 2.01     2.65     0.84     3.45     0       
 2        2.35     1.29     0.193    0       
 1.71     1.79     3.83     1.15     0       
 2.28     2.46     0.962    0.379    0       
 1.82     2.11     2.27     0.68     0       
 1.78     2.41     2.23     1.51     0       
 2.13     1.36     1.17     3.33     0       
 1.86     2.44     1.87     4.6      0       
 2.12     2.03     1.09     2.56     0       
 1.92     2.14     1.64     4.56     0       
 1.88     2.59     1.79     0.651    0       
 2.12     2.6      1.07     0.654    0       
 1.95     2.86     1.83     0.308    0       
 1.79     2.15     2.27     0.92     0       
 2.08     2.09     1        4.07     0       
 2.58     2.05     1.06     0.938    0       
 2.18     1.98     1.01     4.51     0       
 2.08     2.21     1.09     1.57     0       
 2.29     2.25     0.879    5.03     0       
 1.69     2.21     3.23     0.772    0       
 2.11     2.26     0.926    4.65     0       
 2.26     2.09     0.916    4.96     0       
 2.05     2.44     1.02     3.89     0       
 2.19     1.94     1.08     3.71     0       
 2.12     2.48     0.914    1.08     0       
 2.01     2.23     1.07     1.27     0       
 2.07     2.69     0.918    1.19     0       
 1.94     2.69     0.902    3.64     0       
 2.19     1.96     1.09     3.59     0       
 1.73     2.23     2.34     3        0       
 1.73     2.35     2.2      2.26     0       
 2.26     2.15     0.891    5.12     0       
 2.04     2.17     1.34     0.537    0       
 2.13     0.848    2.83     1.25     0       
 2.02     2.74     0.862    2.9      0       
 2.25     2.33     0.878    3.19     0       
 2.09     2.41     0.983    2.6      0       
 2.05     2.49     1.01     3.76     0       
 2.02     2.94     0.833    2.28     0       
 2.08     2.27     0.96     4.64     0       
 1.77     1.7      2.44     2.46     0       
 2.01     2.96     0.861    2.05     0       
 2.26     2.1      0.922    4.95     0       
 2.12     1.7      1.46     1.13     0       
 1.97     2.16     1.65     3.72     0       
 2.3      2.35     0.94     2.44     0       
 2.14     2.25     0.897    4.69     0       
 1.96     2.59     0.83     3.86     0       
 1.95     3.14     0.842    1.94     0       
 2.01     2.73     0.852    3.18     0       
 2.1      1.41     2.44     2.1      0       
 1.78     2.22     2.45     1.47     0       
 2.02     2.29     1.09     0.0676   0       
 2.03     2.87     0.868    2.3      0       
 1.78     2.42     2.05     2.05     0       
 2.16     2.63     1.01     0.33     0       
 2.2      2.47     1.05     0.338    0       
 1.74     2.3      2.41     2.58     0       
 1.98     2.87     0.803    3.44     0       
 1.76     2.53     2.13     1.56     0       
 2.8      1.54     1.51     2.62     0       
 1.63     2.56     3.79     2.16     0       
 1.71     1.84     3.69     1.12     0       
 1.91     2.16     2.14     0.85     0       
 1.96     2.88     0.851    3.32     0       
 2.12     2.62     0.89     1.08     0       
 2.12     2.43     0.826    3.17     0       
 1.93     2.12     1.7      3.9      0       
 1.84     2.1      2.22     0.887    0       
 1.69     2.32     2.27     3.32     0       
 2.22     2.56     0.959    0.413    0       
 2.25     2.11     0.927    4.94     0       
 2.04     1.91     2.72     0.324    0       
 1.98     2.89     0.8      3.49     0       
 2.13     1.45     1.85     2.05     0       
 1.85     2.86     1.87     0.65     0       
 2.18     1.63     3.78     0.359    0       
 1.84     1.84     2.36     1.29     0       
 1.9      2.3      1.66     1.96     0       
 2        2.04     1.35     0.191    0       
 1.71     2.75     3.03     0.6      0       
 1.79     2.19     2.21     0.878    0       
 1.96     2.4      1.55     3.73     0       
 2.04     2.38     0.882    4.95     0       
 1.96     2.93     0.801    3.93     0       
 1.83     2.17     2.3      0.193    0       
 1.95     2.74     0.819    4.02     0       
 2.23     2.15     0.935    4.48     0       
 2.08     2.45     0.928    2.91     0       
 2.12     2.56     0.955    0.963    0       
 2.02     2.66     0.831    3.51     0       
 2.03     2.88     0.791    3.64     0       
 2.19     0.791    2.02     4.7      0       
 2.04     2.75     1.01     0.758    0       
 2        2.29     1.19     0.394    0       
 1.96     2.39     0.897    5.28     0       
 2.06     2.22     1.02     4.54     0       
 2.01     2.17     1.16     2.07     0       
 1.86     2.85     1.83     0.881    0       
 1.89     2.26     1.77     4.21     0       
 1.99     2.11     1.56     3.77     0       
 1.96     2.62     0.869    3.46     0       
 2        2.63     0.867    2.94     0       
 1.98     2.68     0.856    3.5      0       
 1.8      2.15     2.27     0.919    0       
 1.74     2.41     2.58     0.15     0       
 2.2      2.06     0.946    4.44     0       
 2.23     2.36     0.951    0.719    0       
 1.86     2.16     1.94     4.71     0       
 2.01     2.91     0.747    3.56     0       
 2.11     2.26     0.901    4.89     0       
 2.09     2.52     0.874    2.91     0       
 1.62     2.06     3.35     3.45     0       
 1.91     2.3      1.67     1.86     0       
 1.91     2.03     2.18     1.22     0       
 2.2      2.48     1.08     0.332    0       
 1.71     2.23     3.21     0.506    0       
 2.31     2.17     0.935    3.93     0       
 1.81     2.32     2.28     0.415    0       
 1.62     2.64     3.6      1.28     0       
 1.97     2.05     2.14     0.603    0       
 1.99     2.87     0.802    3.45     0       
 1.74     2.33     2.44     2.43     0       
 2        2.62     0.871    2.92     0       
 1.96     2.81     0.82     3.84     0       
 1.73     1.7      2.58     1.93     0       
 2        2.81     0.807    3.49     0       
 1.82     2.24     2.26     0.557    0       
 1.65     2.55     3.77     2.15     0       
 2.13     0.802    2.36     2.08     0       
 1.94     2.42     1.57     3.69     0       
 2.57     1.84     1.07     1.15     0       
 1.8      2.28     2.27     0.669    0       
 1.91     1.71     2.17     2.2      0       
 1.77     2.39     2.18     1.89     0       
 2.01     2.92     0.832    2.43     0       
 1.99     2.32     1.03     5.21     0       
 1.85     2.86     1.87     0.673    0       
 1.86     2.45     1.84     1.61     0       
 1.98     2.8      0.814    3.59     0       
 2.15     1.43     4.14     0.185    0       
 2.01     2.89     0.811    3.13     0       
 1.78     2.43     2.05     1.97     0       
 2.19     2.32     0.935    2.81     0       
 2.25     2.26     0.957    3.86     0       
 2.1      2.26     1.05     2.4      0       
 2        2.35     1.18     0.815    0       
 2.04     2.88     0.764    3.79     0       
 1.97     2.61     0.897    3.42     0       
 1.67     2.31     3.54     0.392    0       
 2.1      2.15     0.99     4.33     0       
 1.81     2.22     2.14     2.87     0       
 2.24     2.29     0.866    5.06     0       
 1.99     2.89     0.815    3.24     0       
 1.75     1.61     2.39     2.61     0       
 2.07     2.69     0.922    1.19     0       
 2.31     2.22     0.944    2.43     0       
 1.73     2.4      2.17     2.25     0       
 1.95     3.14     0.852    1.92     0       
 1.69     2.42     2.23     3.22     0       
 1.84     2.12     2.19     0.85     0       
 2.12     2.54     0.934    0.975    0       
 1.79     2.23     2.3      0.701    0       
 2        2.56     0.832    3.95     0       
 1.77     2.44     2.16     1.91     0       
 1.85     2.35     1.93     2.24     0       
 2.12     2.51     0.918    0.991    0       
 1.96     2.4      1.55     3.67     0       
 2        2.33     1.03     5.16     0       
 2.57     1.82     1.07     2.42     0       
 2.12     2.45     0.895    1.26     0       
 2.02     2.63     0.863    2.94     0       
 2.01     2.24     1.07     1.45     0       
 2.1      2.25     1.02     3.71     0       
 1.9      2.3      1.66     1.98     0       
 2.1      2.19     0.961    5.05     0       
 1.96     2.86     0.884    2.43     0       
 2.04     2.31     1.03     5.36     0       
 1.75     2.48     2.08     1.99     0       
 2.1      2.23     1.05     2.45     0       
 1.8      2.22     2.13     3.3      0       
 1.95     2.85     0.797    3.97     0       
 1.79     2.37     2.15     2.26     0       
 2.13     0.789    3.05     1.73     0       
 1.84     2.11     2.23     0.706    0       
 1.85     2.83     1.91     1.05     0       
 1.94     2.69     0.896    3.65     0       
 2.04     2.16     1.34     0.556    0       
 2.26     2.1      0.926    4.96     0       
 2.81     1.49     1.63     2.61     0       
 2.03     2.92     0.821    2.58     0       
 2.26     2.13     0.896    5.37     0       
 2        2.81     0.811    3.45     0       
 2.24     2.25     0.856    5.4      0       
 2.06     2.49     0.998    3.74     0       
 1.89     2.24     1.78     4.63     0       
 2.1      2.21     0.974    4.75     0       
 1.84     2.88     1.94     1.12     0       
 2.04     2.88     0.81     3.18     0       
 2.2      0.81     2.06     4.56     0       
 1.72     2.24     2.36     2.86     0       
 2.01     2.73     0.852    3.18     0       
 2.05     0.996    5.03     2.01     0       
 1.97     2.8      0.887    2.3      0       
 1.84     1.83     2.36     1.3      0       
 1.99     2.71     0.804    4.08     0       
 1.87     2.15     1.93     4.8      0       
 2.02     2.17     1.14     2.2      0       
 1.82     2.24     2.06     2.79     0       
 1.79     2.4      2.04     2.06     0       
 2.07     1.37     2.92     0.936    0       
 1.93     2.55     1.61     4.25     0       
 2        2.79     0.82     3.4      0       
 1.69     2.23     3.3      0.612    0       
 1.9      1.86     1.87     3.97     0       
 2.07     2.71     0.928    1.17     0       
 2.25     2.33     0.879    3.36     0       
 2.01     2.76     0.857    3.04     0       
 1.86     2.36     2.01     1.68     0       
 1.91     1.76     2.19     2.09     0       
 1.83     2.42     2.05     2.01     0       
 2.1      2.26     1.06     2.24     0       
 1.95     2.86     0.883    2.44     0       
 1.78     1.84     2.71     1.63     0       
 2.06     1.98     1.23     1.53     0       
 1.99     2.26     1.21     0.572    0       
 2.19     1.94     1.08     3.71     0       
 2.07     2.69     0.914    1.21     0       
 1.84     2.11     2.22     0.879    0       
 2.05     2.88     0.789    3.63     0       
 1.96     2.58     0.861    3.51     0       
 1.86     2.16     1.94     4.71     0       
 2.13     0.845    2.53     2.01     0       
 2.02     2.76     1.06     2.28     0       
 1.7      2.23     3.24     0.505    0       
 1.64     2.55     3.76     2.15     0       
 2.25     2.25     0.945    4.06     0       
 1.66     2.38     3.67     0.0934   0       
 1.99     2.14     1.55     3.68     0       
 1.63     2.53     3.77     2.2      0       
 2.12     2.44     0.831    3.21     0       
 2.01     2.19     1.22     0.046    0       
 2.13     1.56     1.88     2.03     0       
 1.81     2.26     2.25     0.632    0       
 1.87     2.14     1.96     4.72     0       
 2        2.92     0.759    3.52     0       
 2.01     2.63     0.862    2.94     0       
 2.81     1.49     1.59     2.62     0       
 2.01     2.73     0.857    3.12     0       
 2.07     2.71     0.94     1.13     0       
 2.29     2.23     0.885    4.94     0       
 1.95     3.14     0.845    1.94     0       
 2.02     2.31     1.1      0.14     0       
 1.84     1.84     2.35     1.31     0       
 1.95     3.17     0.921    1.68     0       
 2.1      2.25     0.983    4.27     0       
 2.01     2.61     0.869    2.95     0       
 1.74     2.41     2.59     0.433    0       
 1.97     2.78     0.848    3.43     0       
 2.02     2.75     0.94     1.14     0       
 2.06     2.5      1        3.71     0       
 2.13     0.923    2.55     2        0       
 2.12     2.48     0.917    1.1      0       
 2.03     2.8      0.887    2.3      0       
 2.2      1.98     1.04     2.65     0       
 2.01     2.18     1.17     1.84     0       
 2.1      2.18     0.997    4.3      0       
 2.08     2.35     0.925    2.96     0       
 2.1      2.18     0.968    4.77     0       
 1.89     1.88     1.89     4.12     0       
 1.73     2.37     2.19     2.34     0       
 2.19     2.09     0.958    4.4      0       
 1.9      2.32     1.69     2.04     0       
 1.92     2        2.17     2.01     0       
 2.03     2.94     0.822    2.52     0       
 1.73     2.24     2.36     2.86     0       
 2.57     1.69     1.07     4.05     0       
 1.87     2.55     1.74     2.01     0       
 2.02     2.26     1.09     0.11     0       
 1.74     2.3      2.41     2.58     0       
 1.78     2.52     2.13     1.75     0       
 2.2      2.45     1.05     0.351    0       
 2.12     2.53     0.93     0.985    0       
 2.26     2.1      0.927    4.78     0       
 1.64     2.56     4.82     0.544    0       
 2.02     2.95     0.844    2.18     0       
 1.91     2.16     2.18     0.843    0       
 2.22     2.55     0.955    0.625    0       
 1.99     2.87     0.802    3.43     0       
 1.83     2.07     2.22     0.9      0       
 2.1      2.25     1.01     3.84     0       
 2.06     2.4      1.05     3.76     0       
 2.12     0.869    4.05     1.83     0       
 1.87     2.62     1.8      0.595    0       
 2.05     2.44     1.02     3.92     0       
 1.94     2.69     0.9      3.65     0       
 2.11     2.63     0.899    1.1      0       
 1.95     2.74     0.811    4.04     0       
 2.01     2.17     1.16     2.12     0       
 2        2.89     0.811    3.12     0       
 1.93     2.14     1.64     4.57     0       
 1.99     2.94     0.846    2.25     0       
 2.58     2.06     1.06     0.893    0       
 1.94     2.67     0.923    3.66     0       
 1.73     2.37     2.19     2.42     0       
 2.01     2.96     0.872    2.04     0       
 2.01     2.36     1.17     1.5      0       
 2.12     2.62     0.889    1.1      0       
 1.81     2.32     2.33     0.415    0       
 2.58     1.8      1.07     2.5      0       
 1.9      2.3      1.66     1.92     0       
 1.84     2.13     2.22     0.837    0       
 2.01     2.23     1.06     2.37     0       
 1.99     2.71     0.818    4.02     0       
 1.9      2.26     1.72     3.83     0       
 2.1      2.51     1.05     1.01     0       
 2.11     1.19     3.27     1.16     0       
 2.06     1.87     1.7      0.574    0       
 1.79     2.15     2.27     0.915    0       
 2.29     2.21     0.889    4.88     0       
 2.18     1.63     3.73     0.386    0       
 1.96     2.11     2.15     0.576    0       
 1.95     2.8      0.826    3.82     0       
 1.94     2.43     1.57     3.67     0       
 2.58     1.83     1.07     1.17     0       
 2.13     2.21     0.901    4.73     0       
 1.86     2.46     1.85     3.29     0       
 2        2.36     1.19     1.15     0       
 1.86     2.36     1.93     2.21     0       
 2.24     2.29     0.864    5.11     0       
 1.69     2.21     3.23     0.782    0       
 2.13     1.45     1.88     2.09     0       
 2.04     2.75     1.01     0.75     0       
 1.98     2.68     0.856    3.51     0       
 1.8      2.15     2.26     0.91     0       
 2.23     2.39     0.95     0.853    0       
 2.12     2.44     0.842    3.14     0       
 1.78     2.41     2.24     1.5      0       
 2.09     2.21     0.986    4.97     0       
 2.17     2.66     0.92     0.911    0       
 1.97     2.8      0.892    2.3      0       
 2.18     1.63     3.9      0.286    0       
 1.84     1.79     2.34     1.35     0       
 1.9      2.29     1.66     1.97     0       
 2.01     2.92     0.832    2.43     0       
 1.93     2.5      1.54     4.77     0       
 2.13     0.796    3.06     1.54     0       
 1.84     2.11     2.24     0.703    0       
 2.53     1.97     1.08     1.11     0       
 2.26     2.1      0.928    4.89     0       
 2.26     2.14     0.891    5.35     0       
 2.08     2.45     1.02     1.8      0       
 2.26     2.09     0.921    4.96     0       
 2.33     2.11     0.905    5.21     0       
 2.12     2.47     0.919    1.08     0       
 2.24     2.33     0.921    2.8      0       
 2.04     1.1      4.57     1.94     0       
 2.01     2.73     0.852    3.17     0       
 2.1      1.52     2.5      2.14     0       
 1.91     2.17     2.13     0.841    0       
 1.93     2.12     1.7      3.91     0       
 2.25     2.11     0.932    4.77     0       
 2.02     2.12     1.97     0.0757   0       
 2.04     2.75     1.02     0.755    0       
 1.98     2.68     0.853    3.5      0       
 1.86     2.35     2.01     1.69     0       
 2.09     2.52     0.877    3.87     0       
 1.81     2.33     2.3      0.405    0       
 1.74     2.33     2.44     2.43     0       
 2.13     0.764    2.36     2.1      0       
 1.91     1.72     2.26     2.19     0       
 1.84     2.08     2.22     0.856    0       
 2.05     2.45     1.02     3.88     0       
 1.97     2.16     1.66     3.72     0       
 2.03     2.87     0.865    2.31     0       
 1.97     2.93     0.804    3.92     0       
 1.91     2.04     2.22     1.05     0       
 1.77     1.71     2.59     1.93     0       
 1.79     2.23     2.29     0.857    0       
 2.12     2.5      0.921    0.995    0       
 2        2.81     0.813    3.44     0       
 1.71     1.8      3.81     1.15     0       
 2.04     2.17     1.34     0.536    0       
 2.01     2.94     0.833    2.28     0       
 2.3      2.35     0.948    2.38     0       
 1.84     2.68     1.95     0.748    0       
 2.16     2.63     1.01     0.458    0       
 1.98     2.87     0.805    3.44     0       
 2.12     2.62     0.893    1.08     0       
 1.93     2.13     1.71     3.89     0       
 2.04     2.74     1.03     0.814    0       
 2.19     2.31     0.934    2.89     0       
 2        2.81     0.819    3.43     0       
 2.08     2.09     1.01     4.08     0       
 1.93     2.7      0.904    3.63     0       
 1.76     2.23     2.34     2.92     0       
 1.76     2.53     2.13     1.46     0       
 1.63     2.56     3.82     2.14     0       
 1.69     2.32     2.27     3.33     0       
 1.85     2.86     1.87     0.838    0       
 1.9      2.3      1.66     1.96     0       
 1.96     2.4      1.55     3.73     0       
 2.02     2.66     0.833    3.51     0       
 2.01     2.91     0.748    3.56     0       
 1.91     2.3      1.68     1.86     0       
 1.74     2.33     2.46     2.42     0       
 1.85     2.86     1.87     0.957    0       
 2        2.35     1.19     0.768    0       
 2.01     2.24     1.07     1.31     0       
 2.26     2.1      0.919    4.96     0       
 2.05     1.01     5.44     2.04     0       
 1.84     1.83     2.36     1.29     0       
 2.02     2.17     1.14     2.19     0       
 1.9      1.95     1.89     3.76     0       
 2.06     1.98     1.23     1.43     0       
 1.96     2.58     0.866    3.51     0       
 2.58     1.83     1.05     4.14     0       
 2.23     2.32     0.922    2.89     0       
 1.98     2.71     0.816    4.07     0       
 2.02     2.16     1.14     2.06     0       
 2.24     2.32     0.912    2.83     0       
 1.82     2.25     2.06     2.91     0       
 2.13     1.24     1.74     2.45     0       
 1.75     2.33     2.45     1.94     0       
 1.97     3.14     0.857    1.78     0       
 1.97     3.12     0.821    3.16     0       
 2.12     2.6      1.07     0.653    0       
 2.09     2.21     0.984    4.98     0       
 2.08     2.09     1        4.08     0       
 2.58     2.05     1.06     0.937    0       
 2.18     1.98     1.01     4.44     0       
 2.08     2.21     1.09     1.57     0       
 2.29     2.25     0.88     5.03     0       
 1.69     2.22     3.12     2.37     0       
 2.11     2.26     0.93     4.61     0       
 2.26     2.09     0.914    4.97     0       
 2.19     1.94     1.07     3.71     0       
 2.12     2.48     0.912    1.08     0       
 2.07     2.69     0.914    1.19     0       
 1.94     2.69     0.905    3.64     0       
 2.19     1.96     1.1      3.59     0       
 1.73     2.35     2.2      2.51     0       
 2.26     2.15     0.891    5.12     0       
 2.13     0.839    2.83     1.26     0       
 2.02     2.74     0.86     2.9      0       
 2.09     2.41     0.983    2.53     0       
 2.05     2.49     1.01     3.76     0       
 2.01     2.94     0.834    2.28     0       
 2.08     2.27     0.962    4.64     0       
 1.77     1.56     2.43     2.6      0       
 2.01     2.96     0.861    2.05     0       
 2.26     2.1      0.923    4.95     0       
 1.97     2.16     1.65     3.71     0       
 2.3      2.35     0.94     2.44     0       
 2.14     2.25     0.903    4.69     0       
 1.96     2.58     0.829    3.86     0       
 1.95     3.14     0.847    1.92     0       
 2.01     2.73     0.854    3.17     0       
 2.1      1.41     2.44     2.21     0       
 1.78     2.22     2.45     1.47     0       
 2.02     2.29     1.09     0.116    0       
 1.84     2.68     1.95     0.746    0       
 1.78     2.42     2.05     2.05     0       
 2.16     2.63     1.01     0.459    0       
 2.2      2.47     1.06     0.338    0       
 1.74     2.3      2.42     2.58     0       
 1.98     2.87     0.803    3.44     0       
 1.76     2.53     2.14     1.62     0       
 1.91     2.16     2.13     0.847    0       
 2.12     2.62     0.89     1.08     0       
 2.12     2.43     0.826    3.05     0       
 1.93     2.12     1.71     3.9      0       
 1.84     2.1      2.22     0.884    0       
 1.69     2.32     2.27     3.39     0       
 2.25     2.11     0.923    4.95     0       
 2.04     1.92     2.75     0.336    0       
 1.98     2.89     0.796    3.49     0       
 1.85     2.86     1.87     0.651    0       
 2.18     1.62     3.78     0.36     0       
 1.84     1.84     2.36     1.28     0       
 1.9      2.3      1.66     1.96     0       
 1.71     2.75     3.02     0.741    0       
 1.96     2.4      1.54     3.73     0       
 2.04     2.38     0.88     4.95     0       
 1.97     2.93     0.804    3.92     0       
 1.95     2.74     0.819    4.02     0       
 2.23     2.15     0.939    4.47     0       
 2.08     2.44     0.925    2.97     0       
 2.02     2.66     0.831    3.51     0       
 2.03     2.88     0.794    3.63     0       
 2.04     2.75     1.01     0.756    0       
 2        2.29     1.19     0.581    0       
 2.06     2.22     1.02     4.54     0       
 2.01     2.17     1.16     2.11     0       
 1.89     2.26     1.77     4.4      0       
 1.99     2.11     1.56     3.77     0       
 1.96     2.62     0.869    3.46     0       
 2        2.63     0.869    2.94     0       
 2.2      2.05     0.948    4.44     0       
 2.23     2.36     0.948    0.497    0       
 1.86     2.16     1.94     4.7      0       
 2.01     2.91     0.746    3.56     0       
 2.11     2.26     0.901    4.84     0       
 2.09     2.52     0.874    2.91     0       
 1.91     2.3      1.67     1.86     0       
 2.2      2.48     1.08     0.332    0       
 1.71     2.23     3.21     0.503    0       
 2.31     2.17     0.933    3.93     0       
 1.81     2.32     2.28     0.416    0       
 1.62     2.64     3.62     1.19     0       
 1.97     2.05     2.14     0.603    0       
 2        2.62     0.871    2.92     0       
 1.73     1.7      2.58     1.93     0       
 1.82     2.24     2.27     0.556    0       
 2.13     0.751    2.36     2.09     0       
 1.94     2.42     1.57     3.68     0       
 2.57     1.84     1.07     1.15     0       
 1.8      2.28     2.3      0.667    0       
 1.87     2.5      2.04     0.947    0       
 1.76     2.39     2.18     2.14     0       
 2.01     2.92     0.83     2.43     0       
 1.85     2.86     1.86     0.748    0       
 1.86     2.45     1.83     1.61     0       
 1.98     2.8      0.817    3.59     0       
 2.15     1.43     4.12     0.188    0       
 1.78     2.43     2.05     1.97     0       
 2.19     2.32     0.939    2.97     0       
 2.1      2.26     1.05     2.39     0       
 2        2.36     1.19     0.857    0       
 2.03     2.88     0.765    3.78     0       
 1.97     2.61     0.9      3.42     0       
 1.67     2.31     3.56     0.445    0       
 1.81     2.22     2.14     2.87     0       
 2.24     2.3      0.862    5.04     0       
 1.99     2.89     0.817    3.23     0       
 1.75     1.61     2.4      2.59     0       
 2.07     2.69     0.924    1.17     0       
 2.31     2.22     0.943    2.43     0       
 1.95     3.14     0.857    1.92     0       
 1.84     2.12     2.19     0.844    0       
 2.12     2.54     0.934    0.974    0       
 1.79     2.23     2.3      0.703    0       
 2        2.56     0.831    3.95     0       
 1.77     2.44     2.16     2.01     0       
 1.85     2.35     1.93     2.24     0       
 2.12     2.51     0.918    0.991    0       
 1.96     2.4      1.55     3.67     0       
 1.97     2.33     1.03     5.32     0       
 2.57     1.82     1.07     2.43     0       
 2.12     2.45     0.896    1.26     0       
 2.02     2.63     0.863    2.94     0       
 1.9      2.3      1.66     1.98     0       
 1.96     2.86     0.886    2.43     0       
 1.84     2.08     2.23     0.858    0       
 2.04     2.31     1.03     5.11     0       
 1.75     2.48     2.08     2.11     0       
 2.1      2.23     1.05     2.45     0       
 1.8      2.22     2.13     3.06     0       
 1.95     2.85     0.795    3.97     0       
 1.79     2.37     2.15     2.16     0       
 2.13     0.784    3.07     1.58     0       
 1.84     2.11     2.24     0.706    0       
 1.85     2.83     1.92     1.09     0       
 1.94     2.69     0.898    3.65     0       
 2.04     2.16     1.34     0.556    0       
 2.81     1.5      1.68     2.61     0       
 2.03     2.92     0.82     2.58     0       
 2.26     2.13     0.893    5.37     0       
 2.24     2.25     0.857    5.38     0       
 2.06     2.49     0.998    3.74     0       
 2.1      2.21     0.978    4.66     0       
 2.04     2.88     0.807    3.18     0       
 2.2      0.81     2.1      4.56     0       
 1.72     2.24     2.36     2.86     0       
 2.05     0.997    5.19     2.01     0       
 1.97     2.8      0.892    2.3      0       
 1.99     2.71     0.804    4.08     0       
 1.87     2.15     1.93     4.8      0       
 2.02     2.17     1.14     1.96     0       
 1.82     2.24     2.06     2.79     0       
 1.79     2.4      2.04     2.05     0       
 1.93     2.55     1.61     4.24     0       
 2        2.79     0.82     3.4      0       
 1.9      1.86     1.87     4.18     0       
 2.07     2.71     0.927    1.17     0       
 2.25     2.33     0.877    3.2      0       
 2.01     2.76     0.859    3.04     0       
 1.86     2.36     2.02     1.67     0       
 1.91     1.77     2.2      2.08     0       
 1.78     2.42     2.05     2        0       
 2.1      2.26     1.06     2.23     0       
 1.78     1.84     2.71     1.63     0       
 2.06     1.98     1.23     1.6      0       
 2.01     2.26     1.21     0.84     0       
 2.19     1.94     1.08     3.64     0       
 2.07     2.69     0.916    1.21     0       
 1.84     2.11     2.23     0.879    0       
 1.96     2.58     0.862    3.51     0       
 1.86     2.16     1.94     4.7      0       
 2.13     0.852    2.54     2        0       
 1.7      2.23     3.23     0.502    0       
 1.64     2.55     3.76     2.15     0       
 2.25     2.25     0.945    4.06     0       
 1.99     2.14     1.55     3.68     0       
 1.63     2.53     3.76     2.2      0       
 2.12     2.44     0.836    3.17     0       
 2.01     2.21     1.23     0.0508   0       
 2.13     1.56     1.88     2.04     0       
 1.81     2.25     2.25     0.632    0       
 1.87     2.14     1.96     4.72     0       
 2        2.92     0.759    3.52     0       
 2.81     1.5      1.68     2.61     0       
 2.02     2.26     1.09     0.019    0       
 1.84     1.66     2.31     2        0       
 2        2.41     1.25     0.381    0       
 1.99     2.49     0.991    4.64     0       
 2.06     2.39     1.05     3.77     0       
 2.11     2.26     0.919    4.76     0       
 2.26     2.09     0.923    4.9      0       
 1.82     2.28     2.29     0.456    0       
 1.88     2.43     1.79     3.67     0       
 1.98     2.71     0.815    4.06     0       
 1.7      2.45     2.19     1.95     0       
 2        2.2      1.78     1.46     0       
 1.83     2.11     2.22     0.878    0       
 1.74     2.3      2.42     2.58     0       
 1.95     2.85     0.794    4.01     0       
 1.98     3.07     0.91     1.34     0       
 1.97     2.85     0.862    2.43     0       
 1.73     1.41     2.48     3.77     0       
 2.05     2.14     1.3      1.49     0       
 2.02     2.16     1.14     2.09     0       
 1.65     2.38     4.27     1.72     0       
 2        2.83     0.805    3.53     0       
 2.06     2.26     1.03     4.54     0       
 2.02     2.88     0.892    1.69     0       
 2.06     2.42     1.04     2.67     0       
 2.19     2.36     0.877    4.51     0       
 2.01     2.74     0.859    3.1      0       
 2.57     1.95     1.05     1.37     0       
 2.12     1.15     2.17     1.39     0       
 2.2      2.48     1.05     0.328    0       
 2.12     0.801    3.78     2.03     0       
 1.97     1.89     1.76     3.33     0       
 2.22     2.13     0.941    4.43     0       
 2.35     2.09     0.908    5.13     0       
 2.09     1.8      1.36     0.612    0       
 2.25     2.21     0.935    3.96     0       
 2.04     1.89     2.17     0.388    0       
 1.99     2.71     0.804    4.07     0       
 1.97     2.68     0.823    3.98     0       
 1.63     2.63     4.54     0.495    0       
 1.67     2.16     3.74     1.32     0       
 2.24     2.28     0.859    5.35     0       
 1.71     2.21     3.21     0.601    0       
 2.31     2.21     0.947    2.43     0       
 1.67     2.6      3.2      1.98     0       
 1.71     2.19     3.16     0.847    0       
 1.82     2.25     2.06     2.9      0       
 1.9      2.69     2.25     0.317    0       
 1.71     2.57     3.65     0.238    0       
 2.27     2.54     0.962    0.446    0       
 1.9      2.31     1.97     1.68     0       
 1.97     2.91     0.806    3.95     0       
 1.83     1.7      2.32     1.99     0       
 2.13     1.23     1.74     2.46     0       
 2.01     2.84     0.816    3.3      0       
 1.63     2.55     4.27     1.94     0       
 1.82     2.12     2.23     0.813    0       
 2.11     2.26     0.916    4.7      0       
 1.68     2.48     3.32     0.465    0       
 1.81     1.9      2.24     3.18     0       
 2.01     3.08     0.924    1.27     0       
 2.1      2.26     1.04     2.35     0       
 2.12     2.06     1.08     2.07     0       
 1.89     2.07     2.2      0.525    0       
 1.62     2.12     4.05     2.62     0       
 1.94     2.79     0.818    3.91     0       
 1.87     2.09     1.9      4.87     0       
 1.78     2.05     2.26     1.62     0       
 1.97     3.14     0.858    1.78     0       
 1.97     2.95     0.87     2.06     0       
 2.13     1.85     1.36     0.501    0       
 2.63     1.7      1.1      4        0       
 1.97     3.07     0.919    1.34     0       
 2.02     2.75     1.05     0.731    0       
 2.04     2.16     1.33     0.709    0       
 2.06     0.938    6.03     0.841    0       
 2.1      1.99     1.11     2.05     0       
 2.01     2.65     0.841    3.45     0       
 2        2.35     1.29     0.209    0       
 1.71     1.79     3.85     1.01     0       
 2.26     2.44     0.941    0.665    0       
 1.82     2.11     2.27     0.681    0       
 1.78     2.41     2.23     1.51     0       
 2.13     1.36     1.18     3.31     0       
 1.86     2.44     1.87     4.59     0       
 2.12     2.03     1.1      2.44     0       
 1.92     2.14     1.65     4.56     0       
 1.88     2.59     1.78     0.65     0       
 1.97     3.12     0.82     3.17     0       
 2.12     2.6      1.06     0.654    0       
 1.79     2.15     2.27     0.919    0       
 2.08     2.09     1.01     4.07     0       
 2.58     2.05     1.06     0.935    0       
 2.18     1.98     1.01     4.49     0       
 2.12     2.2      1.09     1.67     0       
 2.29     2.25     0.879    5.03     0       
 1.69     2.2      3.25     0.768    0       
 2.26     2.09     0.916    4.96     0       
 2.19     1.94     1.08     3.7      0       
 2.12     2.48     0.918    1.08     0       
 2.07     2.69     0.919    1.19     0       
 1.94     2.69     0.902    3.64     0       
 2.19     1.96     1.09     3.58     0       
 1.73     2.23     2.34     2.98     0       
 1.74     2.36     2.2      2.44     0       
 2.26     2.15     0.89     5.12     0       
 2.04     2.18     1.34     0.534    0       
 2.17     1.96     1.05     2.13     0       
 2.02     2.74     0.859    2.9      0       
 2.09     2.41     0.984    2.58     0       
 2.05     2.49     1.01     3.73     0       
 2.02     2.94     0.835    2.28     0       
 2.08     2.27     0.96     4.64     0       
 1.77     1.7      2.45     2.46     0       
 2.01     2.96     0.863    2.05     0       
 2.26     2.1      0.926    4.94     0       
 2.12     1.71     1.48     1.4      0       
 1.97     2.16     1.65     3.72     0       
 2.3      2.35     0.94     2.44     0       
 2.14     2.25     0.905    4.7      0       
 1.96     2.58     0.832    3.86     0       
 1.95     3.14     0.845    1.94     0       
 2.01     2.73     0.853    3.18     0       
 1.78     2.22     2.45     1.48     0       
 2.02     2.29     1.09     0.068    0       
 2.03     2.87     0.866    2.3      0       
 1.78     2.42     2.05     2.05     0       
 2.16     2.63     1.05     0.307    0       
 2.2      2.47     1.05     0.34     0       
 1.74     2.3      2.41     2.58     0       
 1.98     2.87     0.8      3.44     0       
 1.76     2.53     2.13     1.56     0       
 2.8      1.54     1.51     2.62     0       
 1.63     2.56     3.79     2.14     0       
 1.91     2.16     2.13     0.849    0       
 1.96     2.88     0.853    3.32     0       
 2.12     2.62     0.89     1.08     0       
 1.84     2.1      2.22     0.882    0       
 2.22     2.56     0.959    0.407    0       
 2.25     2.11     0.926    4.93     0       
 2.04     1.91     2.72     0.327    0       
 1.98     2.89     0.8      3.49     0       
 2.13     1.45     1.86     2.04     0       
 2.18     1.63     3.83     0.345    0       
 1.84     1.84     2.36     1.29     0       
 1.9      2.3      1.66     1.96     0       
 1.71     2.75     3.04     0.7      0       
 1.79     2.19     2.21     0.878    0       
 1.96     2.4      1.55     3.73     0       
 1.96     2.93     0.801    3.93     0       
 1.83     2.17     2.31     0.192    0       
 1.95     2.74     0.819    4.02     0       
 2.23     2.15     0.937    4.45     0       
 2.02     2.66     0.83     3.51     0       
 2.03     2.88     0.792    3.62     0       
 2.19     0.791    2.05     4.62     0       
 2        2.29     1.19     0.495    0       
 1.97     2.39     0.894    5.41     0       
 2.06     2.23     1.02     4.54     0       
 2.01     2.17     1.16     2.26     0       
 1.86     2.85     1.85     0.786    0       
 1.89     2.26     1.77     4.21     0       
 1.99     2.11     1.56     3.77     0       
 2        2.63     0.865    2.94     0       
 1.98     2.68     0.854    3.5      0       
 1.83     2.54     2.19     1.16     0       
 1.74     2.41     2.58     0.218    0       
 2.2      2.06     0.947    4.44     0       
 2.23     2.36     0.951    0.491    0       
 1.86     2.16     1.94     4.71     0       
 2.01     2.91     0.746    3.56     0       
 2.11     2.26     0.899    4.89     0       
 1.91     2.3      1.67     1.86     0       
 1.91     2.03     2.18     0.914    0       
 1.71     2.23     3.21     0.517    0       
 2.31     2.17     0.935    3.93     0       
 1.81     2.32     2.28     0.414    0       
 1.62     2.64     3.62     1.13     0       
 1.97     2.05     2.14     0.603    0       
 1.99     2.87     0.802    3.45     0       
 1.74     2.33     2.44     2.43     0       
 1.96     2.81     0.823    3.83     0       
 2        2.81     0.808    3.49     0       
 1.82     2.24     2.26     0.557    0       
 1.65     2.55     3.77     2.14     0       
 2.13     0.801    2.36     2.09     0       
 1.94     2.42     1.57     3.69     0       
 1.8      2.28     2.27     0.669    0       
 1.91     1.71     2.17     2.2      0       
 2.01     2.92     0.833    2.43     0       
 1.85     2.86     1.87     0.655    0       
 1.76     2.51     2.17     1.28     0       
 1.98     2.8      0.812    3.59     0       
 2.15     1.43     4.14     0.186    0       
 2.01     2.89     0.811    3.13     0       
 1.78     2.43     2.05     1.97     0       
 2.25     2.26     0.955    3.86     0       
 2.1      2.26     1.05     2.4      0       
 2        2.35     1.18     0.802    0       
 2.03     2.88     0.768    3.79     0       
 1.97     2.61     0.9      3.42     0       
 1.67     2.32     3.57     0.391    0       
 2.1      2.15     0.992    4.32     0       
 1.81     2.22     2.14     2.87     0       
 2.24     2.3      0.861    5.06     0       
 1.99     2.89     0.819    3.24     0       
 1.75     1.61     2.4      2.6      0       
 2.07     2.69     0.922    1.19     0       
 2.31     2.22     0.942    2.41     0       
 2.09     2.36     0.922    2.74     0       
 1.73     2.4      2.17     2.27     0       
 1.95     3.14     0.858    1.92     0       
 1.84     2.12     2.19     0.85     0       
 2.12     2.54     0.935    0.974    0       
 1.79     2.23     2.3      0.702    0       
 2        2.56     0.832    3.95     0       
 1.77     2.44     2.16     2.08     0       
 1.85     2.35     1.93     2.24     0       
 2.12     2.51     0.92     1.05     0       
 1.96     2.4      1.55     3.67     0       
 2.57     1.81     1.07     2.46     0       
 2.12     2.45     0.897    1.26     0       
 2.02     2.63     0.865    2.94     0       
 1.9      2.3      1.65     1.98     0       
 2.1      2.19     0.961    5.05     0       
 1.96     2.86     0.886    2.43     0       
 1.75     2.48     2.08     2.12     0       
 2.1      2.22     1.05     2.45     0       
 1.95     2.85     0.796    3.97     0       
 1.79     2.37     2.15     2.21     0       
 1.84     2.11     2.24     0.705    0       
 1.85     2.83     1.91     1.28     0       
 1.94     2.69     0.903    3.65     0       
 2.04     2.16     1.34     0.556    0       
 2.26     2.1      0.925    4.96     0       
 2.81     1.49     1.62     2.62     0       
 2.03     2.92     0.821    2.58     0       
 2.26     2.12     0.897    5.37     0       
 2.06     2.49     0.998    3.74     0       
 1.89     2.25     1.78     4.68     0       
 2.1      2.21     0.974    4.73     0       
 1.84     2.88     1.94     1.03     0       
 2.04     2.88     0.811    3.17     0       
 2.03     2.92     0.82     2.59     0       
 1.72     2.24     2.35     2.91     0       
 2.01     2.73     0.853    3.18     0       
 1.97     2.8      0.891    2.3      0       
 1.84     1.84     2.36     1.3      0       
 1.87     2.15     1.93     4.8      0       
 2.02     2.17     1.13     1.99     0       
 1.79     2.4      2.04     2.06     0       
 2.07     1.38     2.92     0.829    0       
 1.99     2.79     0.82     3.4      0       
 1.69     2.23     3.29     0.609    0       
 1.9      1.86     1.87     4.16     0       
 2.07     2.71     0.927    1.17     0       
 2.25     2.33     0.878    3.13     0       
 2.01     2.76     0.86     3.03     0       
 1.86     2.36     2.01     1.68     0       
 1.91     1.77     2.19     2.09     0       
 1.78     2.42     2.05     2        0       
 2.1      2.26     1.06     2.24     0       
 1.95     2.86     0.883    2.44     0       
 1.78     1.84     2.71     1.63     0       
 1.85     2.83     1.91     0.841    0       
 2.01     2.26     1.21     0.671    0       
 2.07     2.69     0.915    1.21     0       
 2.05     2.88     0.793    3.62     0       
 1.96     2.58     0.869    3.51     0       
 1.86     2.16     1.94     4.71     0       
 2.13     0.849    2.53     2        0       
 2.02     2.76     1.06     2.28     0       
 1.7      2.23     3.17     0.507    0       
 1.64     2.55     3.75     2.18     0       
 2.25     2.25     0.945    4.06     0       
 1.66     2.38     3.7      0.207    0       
 2.12     2.44     0.836    3.33     0       
 2.13     1.56     1.91     2.02     0       
 1.81     2.26     2.25     0.632    0       
 2        2.92     0.76     3.52     0       
 2.01     2.63     0.858    2.94     0       
 2.81     1.49     1.68     2.62     0       
 2.01     2.73     0.854    3.12     0       
 2.07     2.71     0.94     1.13     0       
 1.73     2.24     2.35     2.87     0       
 2.02     2.26     1.09     0.019    0       
 1.84     1.66     2.31     2        0       
 1.71     2.57     3.67     0.00479  0       
 2.13     2.59     0.699    7.05     0       
 0.173    0.00174  86.4     86.4     86.4    
 0.00167  1.81     89.5     89.5     89.5    
mat_end
 --------------------------- 
