base_seed=4223 

 parameters for this run were: 
NaTa_t.soma.gNaTa_tbar 
Nap_Et2.soma.gNap_Et2bar 
K_Pst.soma.gK_Pstbar 
K_Tst.soma.gK_Tstbar 
SK_E2.soma.gSK_E2bar 
SKv3_1.soma.gSKv3_1bar 
Ca_HVA.soma.gCa_HVAbar 
Ca_LVAst.soma.gCa_LVAstbar 
CaDynamics_E2.soma.gamma 
CaDynamics_E2.soma.decay 
NaTa_t.axon.gNaTa_tbar 
Nap_Et2.axon.gNap_Et2bar 
K_Pst.axon.gK_Pstbar 
K_Tst.axon.gK_Tstbar 
SK_E2.axon.gSK_E2bar 
SKv3_1.axon.gSKv3_1bar 
Ca_HVA.axon.gCa_HVAbar 
Ca_LVAst.axon.gCa_LVAstbar 
CaDynamics_E2.axon.gamma 
CaDynamics_E2.axon.decay 
none.soma.g_pas 
none.axon.g_pas 
none.dend.g_pas 
none.apic.g_pas 
Im.apic.gImbar 
NaTa_t.apic.gNaTa_tbar 
SKv3_1.apic.gSKv3_1bar 
Ca_HVA.apic.gCa_HVAbar 
Ca_LVAst.apic.gCa_LVAstbar 
SK_E2.apic.gSK_E2bar 
CaDynamics_E2.apic.gamma 
CaDynamics_E2.apic.decay 

 at generation 498 error matrix was: 
1000 5
 2.02     3.04     0.798    2.79     0       
 1.96     3.17     4.64     0.0665   0       
 2.07     3.17     0.72     2.53     0       
 1.63     2.74     4.15     4.14     0       
 2.02     2.85     1.26     3.28     0       
 2.51     2.84     4.49     0.75     0       
 2.64     2.96     4.15     0.222    0       
 2.06     3.07     0.777    1.59     0       
 2.02     3.02     0.864    1.79     0       
 2.07     2.93     0.793    3.07     0       
 2.08     3.15     0.734    2.16     0       
 2.03     2.89     1.09     2.95     0       
 2.48     2.7      2        5.09     0       
 2.13     3.13     0.732    2.25     0       
 1.59     2.93     4.04     3.92     0       
 2.19     2.56     2.27     5.98     0       
 2.06     3.02     0.781    2.37     0       
 1.62     2.95     4.56     1.43     0       
 1.95     2.71     2.5      4.36     0       
 2.02     2.97     0.936    1.94     0       
 2.02     2.93     0.783    3.29     0       
 2.22     2.98     4.56     0.0561   0       
 2.42     2.92     4.53     0.46     0       
 1.83     2.68     2.87     4.41     0       
 1.73     2.65     4.33     2.09     0       
 2.52     2.8      1.22     5.18     0       
 2        2.96     1.19     1.98     0       
 2.01     3        1.25     1.86     0       
 3.17     2.87     1.39     1.9      0       
 3.1      3.1      1.38     0.713    0       
 2.1      3.07     0.798    1.52     0       
 2.3      2.41     2.12     6.31     0       
 2.32     2.37     2.38     4.65     0       
 1.63     2.94     3.87     3.46     0       
 2.33     2.28     2.46     4.68     0       
 2.05     2.91     0.934    2.37     0       
 2.48     2.63     2.07     5.15     0       
 2.52     2.82     1.8      4.08     0       
 2.06     2.63     2.36     4.39     0       
 2.36     2.59     2.15     4.5      0       
 2.1      3.15     0.667    2.77     0       
 2.48     2.93     4.63     0.234    0       
 1.96     3.3      4.35     0.0618   0       
 1.99     3.12     0.873    2.59     0       
 2.06     2.98     0.767    3.19     0       
 1.64     2.99     3.61     2.55     0       
 2.34     2.57     2.16     4.99     0       
 2.07     2.9      0.809    3.04     0       
 2.37     2.97     4.42     0.357    0       
 1.99     3.01     0.925    2.58     0       
 2.14     2.68     2.24     3.84     0       
 2.07     3.09     0.842    1.38     0       
 2.06     2.99     0.896    1.55     0       
 1.95     2.96     1.25     2.44     0       
 1.99     3.05     1.28     1.84     0       
 1.6      2.78     3.93     4.27     0       
 2.28     2.65     2.28     5.03     0       
 2.34     2.6      2.27     4.57     0       
 1.6      2.95     3.8      3.41     0       
 2.52     2.81     1.23     5.17     0       
 2.4      2.62     2.1      4.96     0       
 2.07     3.04     0.769    1.82     0       
 2.33     2.46     2.28     4.84     0       
 2.15     2.51     2.22     6.29     0       
 2.14     3.11     0.679    3.03     0       
 1.63     2.79     4.65     3.58     0       
 2.2      2.49     2.18     6.2      0       
 1.65     2.8      4.37     2.61     0       
 2.01     2.96     0.779    3.33     0       
 3.15     3.07     1.41     0.667    0       
 2        2.96     0.778    3.32     0       
 1.63     2.9      4.3      3.31     0       
 1.64     3.03     3.37     1.82     0       
 2.34     2.66     2.23     4.52     0       
 2.14     2.68     2.24     3.85     0       
 2.16     2.79     1.53     4.82     0       
 2.08     2.79     1.92     6.42     0       
 2.41     2.95     4.28     0.373    0       
 1.61     2.97     4.2      3.27     0       
 3.2      3.03     1.52     0.849    0       
 1.57     2.91     4.85     3.07     0       
 2.01     3.12     0.802    2.16     0       
 2.07     3.12     0.772    1.45     0       
 2.06     2.88     1.48     2.56     0       
 2.47     2.98     4.34     0.127    0       
 2.06     3.13     1.05     0.928    0       
 2.13     3.15     0.711    2.71     0       
 2.12     3.17     0.682    2.56     0       
 1.89     2.98     2.26     2.38     0       
 2.52     2.82     1.81     4.06     0       
 2.28     2.5      2.39     4.64     0       
 2.02     2.95     0.797    3.25     0       
 1.59     2.97     4.48     1.86     0       
 1.63     2.94     4.01     3.58     0       
 1.89     2.81     2.66     4.09     0       
 2.02     3.05     0.92     1.67     0       
 2.07     3.15     0.723    2.12     0       
 2        3.15     1.1      1.23     0       
 2.21     2.97     4.6      0.148    0       
 2.17     2.5      2.2      6.11     0       
 2        3.01     1.02     2.13     0       
 1.58     2.88     4.57     2.38     0       
 3.16     3.07     1.41     0.674    0       
 2.18     2.53     2.47     5.03     0       
 2.04     2.95     0.81     2.72     0       
 2.49     2.95     4.45     0.166    0       
 1.58     2.9      4.59     2.26     0       
 2.54     2.91     4.23     0.407    0       
 2.09     3.03     0.793    1.65     0       
 1.99     2.72     2.59     3.57     0       
 1.58     2.85     4.51     2.62     0       
 2.64     2.66     1.79     6.15     0       
 1.94     3.3      4.47     0.0677   0       
 2.09     3.06     0.753    2.74     0       
 2.31     2.43     2.45     4.65     0       
 2.08     2.63     2.32     6.18     0       
 2.31     2.76     1.44     6.53     0       
 2.04     2.6      2.4      6.09     0       
 2.6      2.96     4.19     0.0908   0       
 2.52     2.88     4.3      0.644    0       
 1.85     2.97     2.23     3.25     0       
 2.07     2.98     0.765    3.2      0       
 2.48     2.97     4.21     0.235    0       
 1.95     2.78     2.78     3.67     0       
 2.07     2.94     0.834    1.98     0       
 1.86     2.97     2.22     3.11     0       
 1.63     3.02     3.48     2.9      0       
 1.98     3.11     1.01     1.68     0       
 2        2.97     0.904    1.95     0       
 2.03     2.97     0.835    2.61     0       
 2.06     3        0.844    1.61     0       
 2.01     3        0.856    2.56     0       
 2.04     3.03     0.884    1.5      0       
 2.48     2.68     2.02     4.91     0       
 2.14     2.74     2.3      3.58     0       
 3.14     3.1      1.33     0.606    0       
 2.07     3.11     0.765    1.45     0       
 2.11     3.03     0.78     1.84     0       
 2.05     2.92     0.796    3.1      0       
 2.22     2.44     2.21     5.89     0       
 2        3.06     0.835    2.8      0       
 1.98     2.64     2.61     4.4      0       
 2.1      3.14     0.679    2.75     0       
 2.78     2.83     4.49     0.409    0       
 2.11     3.11     0.735    2.5      0       
 2.01     2.95     0.923    1.99     0       
 2.33     2.48     2.18     4.83     0       
 2.08     3.18     0.705    1.93     0       
 2.26     2.47     2.48     4.88     0       
 2.04     2.62     2.37     4.42     0       
 1.96     3.1      1.1      2        0       
 2.1      3.03     0.75     3.09     0       
 2.34     2.58     2.33     4.64     0       
 2.05     3.06     0.78     1.62     0       
 2.07     2.79     1.93     6.28     0       
 2.04     2.97     0.808    2.66     0       
 2.16     2.47     2.19     6.24     0       
 2.1      3        0.86     1.6      0       
 2.07     3.02     0.873    1.56     0       
 2.24     2.98     4.54     0.0698   0       
 2.49     2.87     4.4      0.566    0       
 2.02     3.04     0.915    1.7      0       
 3.14     3.04     1.52     1.01     0       
 2.78     2.85     4.66     0.159    0       
 2.63     2.96     4.12     0.388    0       
 2.33     2.49     2.28     4.71     0       
 2.15     2.79     1.51     4.84     0       
 2.3      2.46     2.12     6.22     0       
 1.62     3.05     3.76     2.01     0       
 2.04     2.98     0.885    1.56     0       
 2.03     2.92     0.804    2.99     0       
 2.4      2.92     4.67     0.482    0       
 2.07     3.14     0.828    1.25     0       
 2.01     2.9      1.43     2.55     0       
 2.06     3.09     0.793    1.38     0       
 2.07     3.07     0.86     1.4      0       
 2.42     2.91     4.51     0.398    0       
 2.28     2.49     2.5      4.6      0       
 2.52     2.79     1.91     4.14     0       
 2.47     2.7      1.99     5.1      0       
 2.05     3.16     0.712    2.59     0       
 1.62     2.94     4.12     3.37     0       
 2.01     2.95     0.784    3.35     0       
 2.13     3.1      0.864    1.32     0       
 2.41     2.96     4.34     0.162    0       
 1.65     2.81     3.21     4        0       
 2.13     3.17     0.67     2.5      0       
 2.03     2.9      0.864    3.02     0       
 2.11     2.95     0.943    1.4      0       
 2.02     2.93     1.11     2.53     0       
 2.06     2.84     1.35     3.15     0       
 2.08     3.06     0.851    1.46     0       
 2.1      3.09     0.71     3.19     0       
 2.15     2.56     2.23     6.25     0       
 1.75     3.02     2.04     2.43     0       
 2.07     3.08     0.805    1.47     0       
 2.29     2.6      2.3      4.93     0       
 2.91     3.1      1.58     0.556    0       
 1.69     2.78     3.27     4.06     0       
 2.08     3.08     0.748    1.84     0       
 2.27     2.97     4.65     0.0348   0       
 1.63     2.97     4.29     1.65     0       
 1.81     2.58     2.56     4.5      0       
 1.9      2.78     2.64     3.91     0       
 2.04     2.93     0.808    2.87     0       
 2.34     2.95     4.6      0.299    0       
 1.82     3.04     1.71     0.244    0       
 2.21     2.94     4.53     0.467    0       
 1.61     2.8      4.66     3.71     0       
 2.71     2.86     4.39     0.166    0       
 2.55     2.91     4.19     0.401    0       
 2.47     2.93     4.63     0.264    0       
 2.47     2.71     2.02     5.07     0       
 1.7      2.92     2.9      0.9      0       
 2.35     2.55     2.16     4.51     0       
 2.12     2.56     2.38     4.54     0       
 2.61     2.87     4.27     0.129    0       
 1.66     3.01     3.18     1.83     0       
 2.52     2.77     1.26     5.21     0       
 2.1      2.97     0.766    3.3      0       
 2.32     2.49     2.32     4.79     0       
 2.02     2.97     0.772    3.23     0       
 1.96     2.77     3.17     3.55     0       
 2.51     2.82     4.56     0.843    0       
 1.98     3.13     0.878    2.43     0       
 2.15     2.82     1.56     4.71     0       
 2.5      2.96     4.17     0.68     0       
 2.01     2.89     0.864    3.27     0       
 2.21     2.54     2.15     6.18     0       
 2.14     2.72     2.28     3.72     0       
 2.02     3.07     0.769    2.69     0       
 1.76     2.94     2.23     4.92     0       
 2.4      2.62     2.08     4.99     0       
 2.37     2.99     4.4      0.141    0       
 1.81     2.23     2.64     5.8      0       
 2.29     2.39     2.48     4.67     0       
 2.09     3.18     0.674    2.52     0       
 2.04     3.02     0.789    2.48     0       
 2.4      2.57     2.1      4.57     0       
 2.14     2.67     2.24     3.85     0       
 1.66     2.87     4.41     1.35     0       
 2.07     3.1      0.728    2.56     0       
 2.1      3.16     0.688    2.64     0       
 2.16     2.99     4.63     0.0216   0       
 2.01     2.88     1.35     2.79     0       
 2.31     2.45     2.42     4.61     0       
 3.15     3.04     1.44     1.02     0       
 2.02     3.08     0.751    1.83     0       
 2.55     2.9      4.3      0.447    0       
 1.9      2.95     2.13     3.32     0       
 2        3.11     0.857    2.67     0       
 2.18     2.29     2.2      6.2      0       
 2.3      2.35     2.11     6.32     0       
 2.01     2.96     0.81     2.86     0       
 2.03     3.04     0.797    2.78     0       
 2.11     3.18     0.707    1.96     0       
 2.03     2.92     0.805    3        0       
 2.02     3.08     0.759    1.58     0       
 2.03     3.07     0.774    2.67     0       
 2.52     2.84     4.4      0.756    0       
 2.07     3.08     0.844    1.42     0       
 2.04     3.1      0.798    1.36     0       
 2.03     2.96     0.912    1.59     0       
 2.51     2.82     4.42     0.848    0       
 2.16     2.62     2.2      6.13     0       
 2.06     2.92     0.798    3.01     0       
 2.07     3.03     0.747    3.11     0       
 2.04     3.05     0.779    1.64     0       
 2.08     3.02     0.871    1.56     0       
 2.11     3.14     0.73     2.23     0       
 2.06     3.08     0.75     2.62     0       
 2.14     2.79     2.48     3.49     0       
 3.13     3.1      1.4      0.597    0       
 2.05     3.11     0.786    1.42     0       
 3.2      2.98     2.05     1.07     0       
 2.1      2.92     0.877    2.18     0       
 2.51     2.83     4.51     0.809    0       
 2.06     3.01     0.832    1.61     0       
 2.26     2.46     2.48     4.77     0       
 2.06     2.84     1.74     2.96     0       
 2.02     3.09     0.747    1.82     0       
 1.81     2.25     2.65     5.8      0       
 1.58     2.88     4.57     2.66     0       
 2.02     2.88     0.862    3.28     0       
 1.64     2.92     3.17     3.76     0       
 2.05     2.64     2.37     4.34     0       
 2.07     2.98     0.816    1.83     0       
 2.04     3.13     0.847    1.24     0       
 2.13     2.99     0.761    4.19     0       
 2.04     2.99     0.921    1.53     0       
 1.73     3.01     2.11     2.71     0       
 2.54     2.92     4.34     0.489    0       
 2.01     2.9      0.867    3.02     0       
 2.13     3.09     0.712    3.22     0       
 1.63     2.63     4.23     4.33     0       
 1.75     2.92     2.73     1.85     0       
 2.06     3.11     0.78     1.43     0       
 3.2      3.02     1.5      0.916    0       
 2.12     2.9      0.884    2.2      0       
 2.39     2.5      2.11     4.69     0       
 2.08     3.03     0.75     3.1      0       
 2.26     2.98     4.53     0.0753   0       
 2.49     2.86     4.42     0.582    0       
 2.07     3.11     0.776    1.44     0       
 2.47     2.97     4.37     0.0586   0       
 1.73     3.01     2.05     3.94     0       
 1.78     3.03     1.71     0.501    0       
 2.71     2.87     4.42     0.251    0       
 2.02     3.13     0.801    1.57     0       
 1.92     2.66     2.57     4.36     0       
 2.05     2.95     0.848    1.91     0       
 2.17     2.65     2.22     6.03     0       
 2.04     3.03     0.801    1.71     0       
 3.14     3.04     1.46     0.996    0       
 1.74     3.03     2.07     2.57     0       
 2.29     2.66     2.23     4.7      0       
 2.01     2.97     0.777    3.27     0       
 2.52     2.92     4.3      0.426    0       
 2.06     3.03     0.782    1.86     0       
 1.66     2.81     3.09     3.69     0       
 1.97     3.03     0.861    3.49     0       
 2.16     2.99     4.6      0.137    0       
 2.05     3.13     0.853    1.23     0       
 1.63     2.94     4.18     3.38     0       
 2.41     2.96     4.33     0.159    0       
 2.08     3.18     0.703    1.94     0       
 2.34     2.5      2.26     4.73     0       
 2.52     2.78     1.25     5.19     0       
 2.03     3.09     0.81     1.39     0       
 1.95     2.95     1.16     2.46     0       
 2.06     2.97     0.817    1.82     0       
 2.55     2.91     4.21     0.416    0       
 2.05     3.13     1.1      0.958    0       
 2.73     2.91     4.22     0.193    0       
 2.05     2.97     0.773    3.22     0       
 1.76     2.95     2.19     4.89     0       
 3.2      3.04     1.38     0.815    0       
 2.11     3.03     0.778    1.65     0       
 1.96     2.63     2.77     4.4      0       
 2.14     2.26     2.31     6.12     0       
 2.24     2.97     4.57     0.0988   0       
 1.88     2.71     2.62     4.28     0       
 2.12     2.57     2.47     4.54     0       
 2.61     2.84     4.51     0.211    0       
 1.96     2.81     2.7      3.5      0       
 2.16     2.63     2.2      6.13     0       
 2.07     2.92     0.798    3.02     0       
 2.21     2.4      2.13     6.27     0       
 1.92     2.69     2.57     4.33     0       
 2.06     3        0.838    1.61     0       
 2.02     3.09     0.75     1.8      0       
 2.04     3.06     0.786    1.62     0       
 2.02     3.09     0.753    1.79     0       
 2.02     3.12     0.794    1.59     0       
 2.05     2.89     2.12     2.55     0       
 1.9      2.87     2.87     3.39     0       
 2.09     3        0.856    1.58     0       
 2.78     2.82     4.48     0.301    0       
 3.2      3.03     1.43     0.851    0       
 1.9      2.95     2.13     3.42     0       
 3.14     3.05     1.39     0.95     0       
 2.04     2.92     0.809    2.89     0       
 2.22     2.98     4.56     0.146    0       
 1.63     2.73     4.52     4.17     0       
 2.01     3        1.38     1.86     0       
 2.52     2.81     1.22     5.18     0       
 2.11     2.96     0.811    1.85     0       
 2.13     2.75     2.32     3.56     0       
 2.42     2.92     4.35     0.375    0       
 1.65     2.81     3.21     3.96     0       
 2.12     3.1      0.709    3.18     0       
 2.15     2.59     2.29     6.18     0       
 2.36     2.54     2.16     4.52     0       
 2.04     2.97     0.774    3.23     0       
 2.14     2.7      2.3      3.73     0       
 1.99     3.1      0.853    2.68     0       
 2.1      3.05     0.788    1.64     0       
 2.01     2.91     0.869    2.99     0       
 2.04     2.96     0.809    2.71     0       
 2.08     3.02     0.881    1.56     0       
 2.51     2.78     4.56     1.14     0       
 2.11     2.97     0.769    4.7      0       
 2.06     3.1      0.808    1.32     0       
 2.55     2.91     4.16     0.399    0       
 2.48     2.93     4.5      0.238    0       
 1.78     2.99     1.69     1.19     0       
 1.76     2.93     2.23     4.87     0       
 2.29     2.42     2.53     4.64     0       
 1.59     2.93     4.59     1.39     0       
 2.16     2.99     4.63     0.117    0       
 2.3      2.42     2.11     6.3      0       
 2.06     3.11     0.788    1.43     0       
 2.02     3.02     0.826    2.84     0       
 1.65     2.87     3.72     2.01     0       
 2.06     2.92     0.794    3.01     0       
 2.01     3.02     0.865    1.77     0       
 2.09     3.15     0.734    2.13     0       
 2.09     3.14     0.734    2.23     0       
 2.03     2.98     0.766    3.19     0       
 2.34     2.56     2.16     4.73     0       
 2.07     2.91     0.883    1.58     0       
 2.31     2.45     2.47     4.63     0       
 1.82     2.64     3.05     4.41     0       
 1.98     3.11     1.01     1.7      0       
 2.51     2.95     4.14     0.296    0       
 1.82     2.68     2.88     4.41     0       
 2.02     2.95     0.845    2.64     0       
 2.22     2.47     2.24     5.88     0       
 2.11     2.96     0.855    1.69     0       
 2.42     2.92     4.46     0.392    0       
 2.51     2.81     4.59     0.851    0       
 1.65     2.83     3.07     3.73     0       
 2.06     2.93     0.81     2.86     0       
 2.21     2.94     4.53     0.706    0       
 2.4      2.5      2.19     4.55     0       
 2.1      3.03     0.784    1.86     0       
 1.67     2.82     4.32     3.21     0       
 3.14     3.04     1.48     1.02     0       
 2.01     3.14     1.1      1.26     0       
 2.27     2.98     4.52     0.235    0       
 2.34     2.95     4.59     0.3      0       
 2.47     2.93     4.61     0.255    0       
 2.47     2.7      2.01     5.08     0       
 2.35     2.61     2.18     4.47     0       
 1.96     2.78     3.15     3.54     0       
 2.52     2.8      1.89     4.13     0       
 2.16     2.62     2.22     6.13     0       
 3.16     3.07     1.4      0.665    0       
 1.82     2.66     2.91     4.43     0       
 2.24     2.99     4.53     0.396    0       
 2.15     2.99     0.752    4.64     0       
 2.42     2.92     4.5      0.392    0       
 1.6      2.94     4.15     3.54     0       
 2.15     2.57     2.25     6.24     0       
 2.29     2.61     2.29     5.09     0       
 2.14     2.3      2.42     6.08     0       
 2.17     2.51     2.2      6.1      0       
 2.6      2.96     4.17     0.0818   0       
 2.07     3.14     0.84     1.21     0       
 2.01     2.95     0.784    3.34     0       
 2.11     3.1      0.865    1.33     0       
 2.03     3.06     0.759    2.74     0       
 2.61     2.94     4.25     0.255    0       
 2.11     2.95     0.814    1.88     0       
 2.78     2.83     4.49     0.305    0       
 2.08     3.18     0.702    1.92     0       
 2.11     2.97     0.84     1.68     0       
 2.49     2.86     4.41     0.568    0       
 2.3      2.46     2.12     6.23     0       
 2.52     2.79     1.89     4.14     0       
 2.05     3.16     0.713    2.61     0       
 1.65     2.81     3.2      3.8      0       
 2.15     2.57     2.23     6.24     0       
 2.47     2.71     2.04     5.05     0       
 1.96     2.77     3.17     3.54     0       
 1.9      2.95     2.11     3.78     0       
 1.99     3.11     0.866    2.64     0       
 2.4      2.53     2.12     4.54     0       
 3.1      3.11     1.37     0.693    0       
 2.06     2.63     2.36     4.4      0       
 2.1      2.99     0.796    2.45     0       
 2.09     3.03     0.791    1.7      0       
 2.6      2.96     4.17     0.117    0       
 2.06     2.94     0.84     2.66     0       
 2.11     3.12     0.733    2.49     0       
 2.91     3.1      1.57     0.136    0       
 2.2      2.95     4.53     0.602    0       
 2.02     3.08     0.769    1.57     0       
 2.07     3.08     0.857    1.42     0       
 2.06     3.08     0.746    2.62     0       
 2.04     2.64     2.37     4.33     0       
 2.04     3.13     0.854    1.24     0       
 3.2      3.02     1.5      0.914    0       
 2.16     2.99     4.6      0.0793   0       
 1.98     2.63     2.62     4.4      0       
 2.26     2.46     2.47     4.72     0       
 2.1      3.03     0.75     3.09     0       
 2.51     2.78     4.58     1.32     0       
 1.64     3.05     3.74     1.86     0       
 1.87     2.67     2.91     4.19     0       
 2.07     3.14     0.827    1.25     0       
 2.13     3.17     0.676    2.49     0       
 2.66     2.92     4.25     0.129    0       
 2.32     2.49     2.3      4.73     0       
 2.3      2.34     2.11     6.32     0       
 2.4      2.5      2.14     4.69     0       
 2.54     2.92     4.34     0.506    0       
 2.02     2.97     0.775    3.26     0       
 1.68     2.74     4.17     4.42     0       
 3.14     3.1      1.33     0.635    0       
 2.08     3.19     0.723    1.88     0       
 2.08     2.89     0.926    2.21     0       
 2.52     2.79     1.89     4.14     0       
 2.47     2.69     1.99     5.11     0       
 2.13     3.17     0.685    2.49     0       
 2.08     3.06     0.852    1.45     0       
 1.75     3.02     2.04     2.72     0       
 2.29     2.6      2.3      5.07     0       
 2.34     2.95     4.55     0.391    0       
 2.15     2.82     1.57     4.71     0       
 2.01     2.89     0.862    3.27     0       
 2.06     3.1      0.734    2.56     0       
 2.3      2.35     2.11     6.32     0       
 2.52     2.84     4.4      0.756    0       
 1.72     3.01     2.11     2.88     0       
 2.49     2.86     4.41     0.699    0       
 2.02     2.96     0.777    3.27     0       
 1.97     3.03     0.873    3.27     0       
 1.62     2.94     4.15     3.46     0       
 2.03     3.09     0.812    1.39     0       
 1.96     2.64     2.77     4.39     0       
 2.21     2.4      2.13     6.27     0       
 2.07     3.17     0.719    2.53     0       
 2.02     2.85     1.28     3.02     0       
 2.08     3.14     0.731    2.17     0       
 2.42     2.92     4.51     0.458    0       
 1.96     3.3      4.35     0.0445   0       
 1.99     3.04     1.3      1.83     0       
 2.07     3.04     0.768    1.82     0       
 2.08     2.79     1.92     6.41     0       
 2.12     3.18     0.68     2.55     0       
 1.58     2.9      4.58     2.52     0       
 2.54     2.91     4.23     0.345    0       
 1.99     2.72     2.59     3.59     0       
 1.94     3.3      4.48     0.0638   0       
 2.09     3.06     0.751    2.74     0       
 2.31     2.43     2.46     4.65     0       
 2.08     2.63     2.32     6.17     0       
 2.31     2.76     1.45     6.31     0       
 2.6      2.96     4.19     0.0927   0       
 2.52     2.88     4.25     0.649    0       
 1.78     2.96     2.46     3.24     0       
 2.03     2.98     0.767    3.19     0       
 2.48     2.97     4.21     0.235    0       
 2.07     2.94     0.833    1.98     0       
 1.86     2.97     2.22     3.44     0       
 2        2.97     0.906    1.96     0       
 2.06     3        0.843    1.61     0       
 2.01     3        0.857    2.56     0       
 2.04     3.03     0.884    1.73     0       
 2.47     2.72     2.11     4.25     0       
 2.14     2.74     2.31     3.58     0       
 2.08     3.11     0.767    1.46     0       
 2.06     2.94     0.835    2.67     0       
 2.05     2.92     0.8      3.1      0       
 2.22     2.44     2.21     5.89     0       
 2        3.06     0.836    2.8      0       
 1.98     2.64     2.6      4.39     0       
 2.1      3.14     0.679    2.75     0       
 2.78     2.83     4.47     0.187    0       
 2.11     3.12     0.738    2.48     0       
 2.01     2.95     0.92     1.98     0       
 2.33     2.49     2.18     4.83     0       
 2.08     3.18     0.704    1.94     0       
 2.26     2.48     2.48     4.77     0       
 2.08     2.89     0.912    2.21     0       
 2.11     2.97     0.845    1.68     0       
 2.04     2.63     2.37     4.42     0       
 1.96     3.1      1.11     1.83     0       
 2.1      3.03     0.747    3.09     0       
 2.34     2.58     2.34     4.49     0       
 2.04     3.06     0.779    1.63     0       
 2.16     2.47     2.18     6.24     0       
 2.07     3.02     0.877    1.55     0       
 2.49     2.86     4.41     0.561    0       
 2.02     3.04     0.914    1.7      0       
 2.51     2.78     4.58     1.04     0       
 3.14     3.04     1.52     1.01     0       
 2.63     2.96     4.11     0.38     0       
 2.33     2.49     2.28     4.75     0       
 2.15     2.79     1.51     5.06     0       
 2.3      2.46     2.13     6.23     0       
 1.64     3.05     3.74     2.03     0       
 2.11     2.99     0.886    1.56     0       
 2.03     2.92     0.803    2.99     0       
 2.4      2.92     4.66     0.483    0       
 2.07     3.14     0.836    1.24     0       
 2.01     2.9      1.42     2.74     0       
 2.06     3.09     0.795    1.38     0       
 2.07     3.07     0.859    1.4      0       
 2.42     2.91     4.51     0.399    0       
 2.28     2.5      2.5      4.66     0       
 2.52     2.79     1.9      4.14     0       
 2.05     3.16     0.726    2.58     0       
 1.63     2.94     4.15     3.45     0       
 2.01     2.95     0.786    3.35     0       
 2.13     3.1      0.866    1.32     0       
 2.41     2.96     4.34     0.161    0       
 2.13     3.17     0.686    2.5      0       
 2.03     2.9      0.868    3.01     0       
 2.1      3.09     0.713    3.19     0       
 2.15     2.56     2.23     6.25     0       
 1.75     3.02     2.04     2.42     0       
 2.07     3.08     0.805    1.47     0       
 2.91     3.1      1.58     0.449    0       
 1.69     2.78     3.28     4.09     0       
 2.05     3.09     0.747    1.81     0       
 2.27     2.97     4.64     0.128    0       
 1.63     2.97     4.3      1.89     0       
 1.81     2.58     2.56     4.5      0       
 1.9      2.78     2.64     3.84     0       
 2.34     2.95     4.56     0.29     0       
 1.79     3.04     1.71     0.243    0       
 2.21     2.94     4.53     0.416    0       
 2.71     2.86     4.41     0.0343   0       
 2.55     2.91     4.19     0.402    0       
 2.47     2.93     4.62     0.26     0       
 2.47     2.7      2.02     5.07     0       
 1.7      2.92     2.91     0.903    0       
 2.35     2.55     2.16     4.51     0       
 2.73     2.9      4.25     0.176    0       
 2.12     2.56     2.38     4.54     0       
 2.61     2.87     4.29     0.0262   0       
 2.52     2.77     1.25     5.21     0       
 2.1      2.97     0.77     3.3      0       
 2.32     2.47     2.31     4.79     0       
 2.02     2.97     0.775    3.23     0       
 1.96     2.77     3.16     3.55     0       
 2.51     2.82     4.56     0.954    0       
 2.15     2.82     1.56     4.71     0       
 2.5      2.96     4.15     0.729    0       
 2.01     2.89     0.866    3.26     0       
 2.14     2.72     2.28     3.72     0       
 1.76     2.94     2.23     4.9      0       
 2.4      2.62     2.08     4.99     0       
 2.37     2.99     4.4      0.0778   0       
 1.81     2.23     2.65     5.8      0       
 2.29     2.39     2.48     4.67     0       
 2.09     3.18     0.676    2.51     0       
 2.04     3.02     0.79     2.34     0       
 2.4      2.58     2.12     4.51     0       
 1.66     2.87     4.43     1.26     0       
 2.1      3.16     0.686    2.64     0       
 2.16     2.99     4.61     0.0238   0       
 2.01     2.88     1.35     2.6      0       
 2.31     2.45     2.42     4.66     0       
 3.15     3.04     1.43     1.02     0       
 1.9      2.95     2.13     3.14     0       
 2.18     2.29     2.21     6.2      0       
 2.3      2.35     2.13     6.32     0       
 2        2.96     0.808    2.87     0       
 2.03     3.04     0.801    2.78     0       
 2.11     3.18     0.717    1.96     0       
 2.03     2.92     0.81     2.99     0       
 2.03     3.08     0.755    1.68     0       
 2.03     3.07     0.775    2.67     0       
 2.52     2.84     4.38     0.756    0       
 2.07     3.08     0.844    1.42     0       
 2.04     3.1      0.798    1.36     0       
 2.03     2.96     0.913    1.59     0       
 2.51     2.82     4.42     0.826    0       
 2.16     2.62     2.21     6.13     0       
 2.06     2.92     0.801    3.01     0       
 2.04     3.05     0.781    1.64     0       
 2.08     3.02     0.875    1.56     0       
 2.11     3.14     0.729    2.23     0       
 2.06     3.08     0.749    2.62     0       
 2.05     3.11     0.79     1.41     0       
 3.2      2.98     2.03     1.07     0       
 2.1      2.92     0.879    2.18     0       
 2.51     2.83     4.51     0.809    0       
 2.06     3.01     0.829    1.6      0       
 2.26     2.47     2.48     5.04     0       
 2.06     2.84     1.74     3.26     0       
 1.81     2.25     2.65     5.8      0       
 1.58     2.88     4.57     2.59     0       
 2.04     2.88     0.863    3.28     0       
 2.05     2.64     2.37     4.33     0       
 2.07     2.98     0.816    1.82     0       
 2.05     3.13     0.853    1.23     0       
 2.13     2.99     0.762    4.27     0       
 2.04     2.99     0.921    1.52     0       
 1.76     3.01     2.11     2.64     0       
 2.54     2.92     4.35     0.577    0       
 2.01     2.9      0.867    3.01     0       
 2.13     3.09     0.712    3.22     0       
 1.63     2.63     4.22     4.52     0       
 3.2      3.02     1.5      0.928    0       
 2.39     2.5      2.12     4.65     0       
 2.08     3.03     0.751    3.1      0       
 2.26     2.98     4.52     0.137    0       
 2.49     2.86     4.42     0.581    0       
 2.07     3.11     0.775    1.44     0       
 2.47     2.97     4.4      0.0553   0       
 1.74     3.01     2.04     3.72     0       
 1.78     3.03     1.71     0.763    0       
 2.71     2.87     4.39     0.421    0       
 1.92     2.67     2.57     4.35     0       
 2.51     2.82     1.25     5.13     0       
 2.05     2.95     0.848    1.91     0       
 2.17     2.65     2.22     6.03     0       
 2.04     3.04     0.807    1.71     0       
 3.14     3.04     1.46     0.994    0       
 1.74     3.03     2.07     2.35     0       
 2.29     2.66     2.23     4.7      0       
 2.52     2.92     4.28     0.426    0       
 2.06     3.03     0.785    1.86     0       
 1.66     2.81     3.08     3.74     0       
 1.97     3.03     0.874    3.3      0       
 2.16     3        4.59     0.126    0       
 2.05     3.13     0.853    1.24     0       
 1.63     2.94     4.19     3.34     0       
 2.41     2.96     4.33     0.156    0       
 2.08     3.18     0.698    1.94     0       
 2.52     2.79     1.25     5.19     0       
 2.03     3.09     0.82     1.38     0       
 1.95     2.96     1.17     2.55     0       
 2.06     2.97     0.824    1.82     0       
 1.79     3.01     1.72     0.11     0       
 2.46     2.98     4.34     0.00566  0       
 2.02     3.04     0.799    2.79     0       
 1.96     3.17     4.64     0.0662   0       
 2.07     3.17     0.716    2.53     0       
 1.63     2.75     4.14     4.23     0       
 2.51     2.84     4.49     0.749    0       
 2.06     3.07     0.776    1.59     0       
 2.01     3.02     0.866    1.79     0       
 2.07     3.15     0.746    2.16     0       
 2.03     2.89     1.1      2.95     0       
 2.48     2.7      2        5.09     0       
 2.13     3.13     0.738    2.25     0       
 2.19     2.56     2.27     5.97     0       
 1.99     3.03     0.876    2.23     0       
 1.62     2.95     4.55     1.43     0       
 2.02     2.93     0.785    3.29     0       
 2.22     2.98     4.56     0.058    0       
 2.42     2.92     4.51     0.478    0       
 1.73     2.65     4.33     2.46     0       
 2.52     2.8      1.23     5.18     0       
 2.01     3        1.43     1.85     0       
 3.17     2.87     1.38     1.96     0       
 3.1      3.1      1.37     0.711    0       
 2.1      3.07     0.798    1.52     0       
 2.3      2.41     2.12     6.3      0       
 2.32     2.38     2.38     4.65     0       
 1.63     2.94     3.88     3.59     0       
 2.33     2.29     2.46     4.68     0       
 2.48     2.63     2.07     5.15     0       
 2.06     2.63     2.36     4.39     0       
 2.36     2.59     2.15     4.61     0       
 2.1      3.15     0.672    2.77     0       
 2.48     2.93     4.61     0.254    0       
 1.99     3.12     0.871    2.59     0       
 2.06     2.98     0.769    3.19     0       
 1.64     2.99     3.58     2.32     0       
 2.34     2.57     2.16     5        0       
 2.37     2.97     4.42     0.339    0       
 1.99     3.01     0.924    2.58     0       
 2.14     2.68     2.24     3.85     0       
 2.07     3.09     0.845    1.38     0       
 2.06     2.99     0.887    1.55     0       
 1.95     2.96     1.25     2.44     0       
 1.99     3.05     1.27     1.84     0       
 1.61     2.78     3.93     4.45     0       
 2.28     2.65     2.28     5.18     0       
 2.34     2.6      2.27     4.67     0       
 1.61     2.95     3.79     3.42     0       
 2.4      2.62     2.1      4.96     0       
 2.07     3.04     0.77     1.82     0       
 2.33     2.46     2.28     4.83     0       
 2.15     2.51     2.22     6.28     0       
 2.14     3.11     0.676    3.03     0       
 2.2      2.49     2.19     6.03     0       
 2.01     2.96     0.779    3.33     0       
 3.15     3.07     1.41     0.664    0       
 2.14     2.68     2.24     3.85     0       
 2.16     2.79     1.53     4.82     0       
 2.08     2.8      1.93     6.38     0       
 1.56     2.91     4.85     3.15     0       
 2.01     3.12     0.803    2.15     0       
 2.47     2.98     4.34     0.148    0       
 2.06     3.13     1.05     0.928    0       
 1.9      2.98     2.25     2.47     0       
 2.52     2.82     1.81     4.06     0       
 2.28     2.5      2.39     4.64     0       
 2.02     2.95     0.804    3.25     0       
 1.59     2.97     4.48     1.86     0       
 1.89     2.81     2.66     4.09     0       
 2.02     3.05     0.92     1.67     0       
 2.07     3.15     0.719    2.12     0       
 2.21     2.97     4.61     0.377    0       
 2.17     2.5      2.2      6.11     0       
 1.99     3.01     1.02     2.38     0       
 3.16     3.07     1.41     0.674    0       
 2.18     2.53     2.47     5.11     0       
 2.04     2.96     0.81     2.71     0       
 2.49     2.95     4.45     0.127    0       
 1.58     2.9      4.58     2.56     0       
 1.63     2.9      4.48     2.19     0       
 1.99     2.72     2.58     3.46     0       
 1.58     2.85     4.5      2.79     0       
 1.94     3.3      4.48     0.0623   0       
 2.09     3.06     0.75     2.73     0       
 2.31     2.43     2.47     4.64     0       
 2.6      2.97     4.15     0.24     0       
 2.08     2.63     2.32     6.17     0       
 2.31     2.76     1.43     6.26     0       
 2.02     2.67     2.45     6.01     0       
 2.6      2.96     4.17     0.143    0       
 2.52     2.88     4.3      0.644    0       
 1.85     2.96     2.23     3.45     0       
 2.07     2.98     0.767    3.2      0       
 1.95     2.78     2.78     3.67     0       
 2.07     2.94     0.833    1.97     0       
 1.86     2.97     2.22     3.58     0       
 1.63     3.02     3.48     3.2      0       
 1.98     3.11     1.01     1.68     0       
 2        2.97     0.903    1.95     0       
 2.03     2.97     0.831    2.62     0       
 2.48     2.68     2.01     4.91     0       
 2.14     2.74     2.31     3.57     0       
 3.14     3.1      1.33     0.615    0       
 2.06     2.94     0.834    2.67     0       
 2.11     3.03     0.781    1.84     0       
 2.05     2.92     0.798    3.1      0       
 2.22     2.45     2.25     5.87     0       
 2        3.06     0.833    2.8      0       
 1.98     2.64     2.61     4.39     0       
 2.1      3.14     0.679    2.75     0       
 2.78     2.83     4.49     0.296    0       
 2.11     3.11     0.73     2.5      0       
 2.01     2.95     0.922    1.99     0       
 2.33     2.48     2.18     4.83     0       
 2.08     3.18     0.703    1.93     0       
 2.26     2.48     2.48     4.78     0       
 2.11     2.96     0.841    1.68     0       
 2.04     2.62     2.38     4.42     0       
 2.34     2.57     2.33     4.55     0       
 2.07     2.79     1.93     6.42     0       
 2.04     2.97     0.812    2.65     0       
 2.16     2.47     2.19     6.24     0       
 2.07     3.02     0.879    1.55     0       
 2.24     2.98     4.54     0.0802   0       
 2.49     2.87     4.4      0.559    0       
 2.78     2.85     4.67     0.157    0       
 2.63     2.96     4.11     0.485    0       
 2.33     2.49     2.28     4.71     0       
 2.15     2.79     1.52     4.84     0       
 2.3      2.46     2.13     6.23     0       
 1.62     3.05     3.77     2.02     0       
 2.04     2.98     0.885    1.56     0       
 1.87     2.67     2.9      4.18     0       
 2.4      2.92     4.67     0.48     0       
 2.07     3.14     0.829    1.25     0       
 2.01     2.9      1.47     2.55     0       
 2.06     3.09     0.797    1.38     0       
 2.42     2.92     4.49     0.393    0       
 2.52     2.79     1.91     4.14     0       
 2.47     2.7      1.99     5.1      0       
 2.05     3.16     0.716    2.59     0       
 1.62     2.94     4.14     3.46     0       
 2.01     2.95     0.785    3.35     0       
 2.41     2.96     4.34     0.215    0       
 2.13     3.17     0.671    2.5      0       
 2.02     2.9      0.865    3.02     0       
 2.11     2.95     0.942    1.4      0       
 2.02     2.93     1.11     2.51     0       
 2.06     2.84     1.37     3.09     0       
 2.08     3.06     0.853    1.46     0       
 2.1      3.09     0.716    3.19     0       
 2.15     2.56     2.23     6.25     0       
 1.75     3.02     2.04     2.47     0       
 2.08     3.08     0.808    1.47     0       
 2.29     2.61     2.3      4.93     0       
 2.91     3.1      1.58     0.308    0       
 2.27     2.97     4.61     0.146    0       
 1.63     2.97     4.3      1.77     0       
 1.81     2.58     2.56     4.5      0       
 1.9      2.78     2.64     3.84     0       
 1.82     3.04     1.71     0.24     0       
 2.21     2.94     4.53     0.537    0       
 1.61     2.8      4.66     3.49     0       
 2.71     2.86     4.41     0.21     0       
 2.55     2.91     4.18     0.399    0       
 2.47     2.93     4.63     0.262    0       
 2.47     2.71     2.02     5.07     0       
 1.69     2.92     2.93     0.901    0       
 2.35     2.55     2.16     4.51     0       
 2.12     2.56     2.38     4.54     0       
 2.61     2.87     4.25     0.0342   0       
 2.52     2.76     1.26     5.21     0       
 2.1      2.97     0.77     3.3      0       
 2.32     2.49     2.3      4.92     0       
 2.02     2.97     0.778    3.23     0       
 1.96     2.78     3.15     3.55     0       
 1.98     3.13     0.877    2.43     0       
 2.15     2.82     1.56     4.76     0       
 2.5      2.96     4.17     0.673    0       
 2.01     2.89     0.863    3.27     0       
 2.21     2.54     2.15     6.18     0       
 2.14     2.72     2.28     3.72     0       
 2.4      2.62     2.08     4.99     0       
 2.37     2.99     4.4      0.0815   0       
 1.81     2.23     2.64     5.81     0       
 2.29     2.39     2.48     4.67     0       
 2.09     3.18     0.681    2.51     0       
 2.4      2.58     2.11     4.49     0       
 2.14     2.67     2.24     3.85     0       
 1.66     2.87     4.4      1.66     0       
 2.07     3.1      0.728    2.56     0       
 2.12     3.16     0.695    2.63     0       
 2.01     2.88     1.34     2.6      0       
 3.15     3.04     1.44     1.02     0       
 2.02     3.08     0.752    1.83     0       
 2.55     2.9      4.27     0.441    0       
 2        3.11     0.856    2.67     0       
 2.3      2.36     2.15     6.31     0       
 2        2.96     0.808    2.86     0       
 2.03     3.04     0.797    2.78     0       
 2.11     3.17     0.706    1.97     0       
 2.03     2.92     0.804    3        0       
 2.03     3.08     0.759    1.58     0       
 2.03     3.07     0.773    2.67     0       
 2.52     2.84     4.39     0.752    0       
 2.07     3.08     0.852    1.42     0       
 2.05     3.1      0.806    1.35     0       
 2.03     2.96     0.913    1.59     0       
 2.51     2.82     4.42     0.889    0       
 2.16     2.63     2.2      6.13     0       
 2.06     2.92     0.802    3.01     0       
 2.42     2.91     4.55     0.359    0       
 2.04     3.05     0.78     1.64     0       
 2.08     3.02     0.876    1.56     0       
 2.11     3.14     0.732    2.23     0       
 2.14     2.79     2.48     3.49     0       
 3.2      2.98     2.04     1.07     0       
 2.1      2.92     0.877    2.18     0       
 2.51     2.83     4.52     0.806    0       
 2.26     2.47     2.48     4.73     0       
 1.81     2.25     2.65     5.8      0       
 1.58     2.88     4.58     2.71     0       
 2.03     2.88     0.863    3.28     0       
 1.64     2.92     3.17     3.94     0       
 2.05     2.64     2.37     4.34     0       
 2.07     2.98     0.817    1.83     0       
 2.05     2.99     0.934    1.52     0       
 1.73     3.01     2.1      2.56     0       
 2.54     2.92     4.34     0.541    0       
 2.01     2.9      0.869    3.01     0       
 2.13     3.09     0.709    3.22     0       
 1.63     2.63     4.21     4.68     0       
 1.75     2.92     2.73     1.73     0       
 2.12     2.9      0.888    2.2      0       
 2.39     2.5      2.12     4.56     0       
 2.08     3.03     0.751    3.1      0       
 2.26     2.98     4.53     0.212    0       
 2.49     2.86     4.41     0.737    0       
 2.07     3.11     0.78     1.44     0       
 2.47     2.97     4.41     0.101    0       
 1.73     3.01     2.05     3.89     0       
 2.71     2.87     4.4      0.337    0       
 2.02     3.13     0.804    1.57     0       
 1.92     2.67     2.57     4.35     0       
 2.51     2.81     1.25     5.14     0       
 2.05     2.95     0.85     1.91     0       
 2.17     2.65     2.23     6.02     0       
 2.04     3.03     0.806    1.71     0       
 3.14     3.04     1.46     0.994    0       
 1.74     3.03     2.07     2.46     0       
 2.29     2.66     2.23     4.7      0       
 2.02     2.97     0.78     3.27     0       
 2.52     2.92     4.3      0.426    0       
 2.06     3.03     0.782    1.86     0       
 1.97     3.03     0.866    3.45     0       
 1.62     2.94     4.19     3.4      0       
 2.41     2.96     4.33     0.153    0       
 2.08     3.18     0.702    1.94     0       
 2.34     2.5      2.26     4.71     0       
 2.52     2.78     1.25     5.19     0       
 2.03     3.09     0.815    1.39     0       
 1.95     2.95     1.16     2.53     0       
 2.06     2.97     0.83     1.81     0       
 2.55     2.91     4.21     0.416    0       
 2.05     3.13     1.11     0.959    0       
 1.76     2.95     2.19     4.8      0       
 2.11     3.03     0.781    1.65     0       
 1.96     2.63     2.77     4.4      0       
 2.24     2.97     4.57     0.0867   0       
 1.88     2.71     2.61     4.28     0       
 2.12     2.57     2.47     4.54     0       
 2.61     2.84     4.5      0.454    0       
 1.96     2.81     2.7      3.49     0       
 2.07     2.92     0.794    3.02     0       
 2.21     2.4      2.13     6.27     0       
 1.92     2.69     2.57     4.33     0       
 2.06     3        0.841    1.61     0       
 2.02     3.09     0.748    1.79     0       
 2.06     3.06     0.786    1.63     0       
 2.02     3.09     0.754    1.79     0       
 2.02     3.12     0.799    1.59     0       
 1.9      2.87     2.86     3.38     0       
 2.09     3        0.857    1.58     0       
 2.78     2.82     4.45     0.528    0       
 3.2      3.03     1.42     0.85     0       
 1.79     3.01     1.72     0.11     0       
 2.02     3.04     0.798    2.79     0       
 2.46     2.98     4.34     0.00566  0       
 247      247      0.62     2.57     0       
 0.409    0.00277  102      102      102     
 0.00242  0.918    87.3     87.3     87.3    
mat_end
 --------------------------- 
