1000 5
 2.3      2.26     1.37     0.0748   0       
 2.35     2.54     1.2      0.15     0       
 2.41     2.01     0.869    2.45     0       
 2.28     1.79     2.45     0.0274   0       
 2.38     2.2      0.872    2.24     0       
 2.22     1.81     1.68     2        0       
 2.13     2.04     3.1      0.207    0       
 2.25     1.78     1.57     1.56     0       
 2.4      2.35     0.865    1.42     0       
 2.31     1.84     0.957    1.28     0       
 2.17     1.79     2.18     1.89     0       
 2.29     0.235    1.5      4.3      0       
 2.3      2.03     1.4      0.111    0       
 2.49     1.22     0.845    3.29     0       
 2.39     1.87     0.893    2.12     0       
 2.31     2.19     0.889    1.51     0       
 2.17     2.13     2.14     1.31     0       
 2.49     1.6      0.826    3.04     0       
 2.29     1.55     0.963    2.15     0       
 2.38     1        0.957    2.19     0       
 2.23     1.64     1.84     0.557    0       
 2.2      1.85     1.87     0.822    0       
 2.45     1.7      0.899    1.95     0       
 2.15     1.99     2.79     0.198    0       
 2.58     2.66     0.913    0.262    0       
 2.33     2.57     1.24     0.0874   0       
 2.37     1.94     0.927    1.31     0       
 2.42     0.328    1.12     0.585    0       
 2.14     0.909    4.35     0.0573   0       
 2.38     1.83     0.944    1.27     0       
 2.54     0.962    1.2      0.108    0       
 2.23     1.86     1.62     1.63     0       
 2.34     0.353    1.05     1.46     0       
 2.44     0.988    0.832    4.05     0       
 2.38     1.95     0.923    1.33     0       
 2.42     2.1      0.862    1.98     0       
 2.55     0.308    1.08     1.01     0       
 2.43     2.01     0.824    2.41     0       
 2.58     2.67     0.914    0.477    0       
 2.53     0.775    1.17     0.172    0       
 2.18     2.16     2.18     1.13     0       
 2.24     1.81     1.61     2.01     0       
 2.22     1.94     1.81     1.02     0       
 2.41     1.46     0.886    2.94     0       
 2.36     2.23     0.853    2.77     0       
 2.09     0.963    3.54     1.42     0       
 2.45     1.73     0.903    1.92     0       
 2.32     1.9      0.949    1.22     0       
 2.24     2.11     1.7      0.523    0       
 2.4      0.832    0.963    2.23     0       
 2.51     2.09     1.06     0.0423   0       
 2.38     0.963    1.05     0.796    0       
 2.2      1.43     2.02     0.557    0       
 2.37     1.98     0.923    1.21     0       
 2.41     1.93     0.88     2.1      0       
 2.36     1.04     0.95     2.94     0       
 2.33     1.09     0.953    3.18     0       
 2.36     1.22     0.917    2.78     0       
 2.26     1.89     1.26     2.71     0       
 2.32     1.79     0.969    0.991    0       
 2.33     2.18     0.88     1.55     0       
 2.44     1.25     0.831    3.88     0       
 2.42     1.97     0.901    1.55     0       
 2.56     0.502    1.04     0.338    0       
 2.12     1.31     2.74     1.59     0       
 2.32     1.94     0.903    3.14     0       
 2.27     1.86     1.22     1.65     0       
 2.08     0.973    4.39     0.863    0       
 2.29     2.49     0.999    0.898    0       
 2.42     1.81     0.849    3.05     0       
 2.12     0.61     4.4      0.529    0       
 2.38     1.07     0.95     2.17     0       
 2.37     1.82     0.943    1.48     0       
 2.19     1.26     2.04     2.56     0       
 2.37     1.68     1        0.783    0       
 2.3      1.57     0.959    2.22     0       
 2.31     1.47     0.955    2.8      0       
 2.61     0.485    1.08     0.39     0       
 2.37     0.433    1.31     0.337    0       
 2.38     0.683    0.987    1.32     0       
 2.44     1.47     0.833    3.13     0       
 2.23     1.69     1.69     1.88     0       
 2.5      0.477    1.2      0.378    0       
 2.4      0.635    0.984    4.27     0       
 2.32     2.02     1.02     0.586    0       
 2.4      0.861    1.03     0.308    0       
 2.41     2.3      0.828    2.2      0       
 2.54     2.68     0.906    0.199    0       
 2.34     2.03     0.885    3.15     0       
 2.19     0.869    2.4      1.56     0       
 2.19     1.29     2.02     2.44     0       
 2.33     0.346    1.62     0.409    0       
 2.38     1.72     0.95     1.39     0       
 2.49     1.63     0.829    2.88     0       
 2.27     1.77     1.43     1.1      0       
 2.62     0.418    1.09     0.485    0       
 2.48     1.45     0.861    2.08     0       
 2.33     0.925    1.81     0.191    0       
 2.22     0.875    2.05     1.77     0       
 2.24     2.27     1.61     1.03     0       
 2.28     1.33     1.31     2.73     0       
 2.31     2.01     0.938    1.89     0       
 2.35     1.78     0.97     0.969    0       
 2.28     0.353    1.53     2.83     0       
 2.3      2.08     0.895    1.39     0       
 2.37     1.86     0.948    1.23     0       
 2.54     0.962    1.2      0.0191   0       
 2.43     1.48     0.95     1.36     0       
 2.37     1.89     0.936    1.37     0       
 2.27     2.11     1.41     0.0808   0       
 2.43     1.28     1.05     0.272    0       
 2.38     1.66     0.943    1.55     0       
 2.14     1.47     3.04     0.513    0       
 2.4      1.18     0.898    3.2      0       
 2.4      2.04     0.908    0.868    0       
 2.4      2.29     0.857    2.15     0       
 2.32     2.15     0.889    1.56     0       
 2.29     2.3      1.38     0.0907   0       
 2.3      1.78     1.24     0.834    0       
 2.38     1.5      0.943    1.78     0       
 2.36     1.91     0.914    2.1      0       
 2.3      2.14     0.879    2.56     0       
 2.4      1.51     0.937    1.9      0       
 2.44     1.65     0.84     2.99     0       
 2.49     1.59     0.82     3.3      0       
 2.12     1.98     2.98     0.937    0       
 2.33     1.47     0.969    1.67     0       
 2.19     2.25     1.9      1.17     0       
 2.32     2.1      0.914    1.23     0       
 2.3      0.476    1.3      3.03     0       
 2.41     1.8      0.865    2.64     0       
 2.46     1.22     1.01     0.399    0       
 2.27     1.67     1.39     1.67     0       
 2.34     0.636    1.21     1.12     0       
 2.4      1.52     1.13     0.058    0       
 2.33     2.27     0.879    1.49     0       
 2.36     1.85     0.91     2.31     0       
 2.39     1.86     0.961    0.699    0       
 2.41     0.909    0.932    2.41     0       
 2.1      0.559    4.61     0.477    0       
 2.4      2.01     0.877    1.65     0       
 2.28     0.723    1.33     0.335    0       
 2.38     1.91     0.918    1.76     0       
 2.32     0.221    1.4      4.41     0       
 2.39     0.913    0.961    2.23     0       
 2.35     1.94     0.914    2.06     0       
 2.29     1.55     0.966    2.14     0       
 2.41     1.83     0.857    2.73     0       
 2.39     0.381    1.01     0.727    0       
 2.15     2.03     2.71     0.241    0       
 2.37     1.16     0.952    2.08     0       
 2.32     1.85     0.934    2.09     0       
 2.51     2.77     0.944    0.0862   0       
 2.38     1.91     0.92     1.49     0       
 2.41     1.45     0.889    2.82     0       
 2.28     0.873    1.84     0.311    0       
 2.45     0.662    0.97     4.27     0       
 2.35     2.24     0.854    2.43     0       
 2.16     0.842    2.88     2.08     0       
 2.4      1.27     0.957    1.82     0       
 2.27     2.22     1.23     1.04     0       
 2.3      1.4      1.57     0.0518   0       
 2.26     1.9      1.27     2.22     0       
 2.29     0.371    1.4      2.14     0       
 2.41     1.83     0.862    2.73     0       
 2.36     1.47     0.989    1.5      0       
 2.49     1.35     0.827    3.71     0       
 2.29     0.59     1.79     0.563    0       
 2.24     2.02     1.69     1.17     0       
 2.38     1.6      1.05     0.498    0       
 2.49     1.79     0.83     2.79     0       
 2.48     0.971    1.01     0.578    0       
 2.62     0.476    1.09     0.216    0       
 2.19     0.754    2.12     3.35     0       
 2.32     1.58     1.12     0.204    0       
 2.23     1.51     1.8      0.489    0       
 2.32     1.95     0.931    1.95     0       
 2.34     1.72     0.931    1.99     0       
 2.29     2.13     0.886    1.62     0       
 2.39     1.07     0.937    2.41     0       
 2.4      1.86     0.888    2.27     0       
 2.28     0.238    1.5      4.25     0       
 2.33     1.92     0.953    1.09     0       
 2.42     1.45     0.886    3.05     0       
 2.35     0.918    1.17     0.41     0       
 2.27     0.559    1.43     2.85     0       
 2.41     2.04     0.811    2.56     0       
 2.21     1.32     2.04     0.851    0       
 2.24     0.603    2.12     1.49     0       
 2.22     1.62     1.84     0.624    0       
 2.19     1.34     2.09     0.673    0       
 2.45     1.14     0.909    2.68     0       
 2.36     1.85     0.966    0.704    0       
 2.35     2.17     0.864    2.46     0       
 2.33     2.08     0.89     2.52     0       
 2.48     1.12     1.13     0.101    0       
 2.24     1.24     1.65     2.21     0       
 2.37     1.89     0.903    2.46     0       
 2.3      1.71     0.953    2.49     0       
 2.32     2.09     0.921    0.375    0       
 2.38     1.71     0.908    2.27     0       
 2.4      1.84     0.865    3.09     0       
 2.32     2.19     0.892    1.49     0       
 2.41     1.83     0.859    2.73     0       
 2.41     0.882    0.949    2.02     0       
 2.38     2.22     0.858    2.46     0       
 2.4      1.67     0.931    1.38     0       
 2.45     1.08     0.918    2.85     0       
 2.39     1.89     0.885    2.29     0       
 2.22     2.08     1.63     1.91     0       
 2.41     1.5      0.88     3.71     0       
 2.36     1.86     0.873    3        0       
 2.39     1.83     0.958    0.853    0       
 2.36     1.15     1.1      0.604    0       
 2.39     0.79     0.969    1.98     0       
 2.21     1.37     2        0.839    0       
 2.41     0.921    0.941    2.3      0       
 2.29     1.6      1.46     0.279    0       
 2.28     0.609    1.44     2.15     0       
 2.32     1.53     0.949    2.41     0       
 2.31     1.15     1.17     1.55     0       
 2.39     1.79     0.9      2.18     0       
 2.42     1.69     0.835    3.33     0       
 2.37     2.17     0.899    1.04     0       
 2.4      0.433    1.04     0.413    0       
 2.3      0.203    1.49     4.39     0       
 2.17     1.29     3.09     0.0774   0       
 2.34     1.74     0.915    2.62     0       
 2.23     1.34     1.88     0.443    0       
 2.39     1.77     0.919    1.39     0       
 2.24     1.39     1.7      0.643    0       
 2.42     1.7      0.837    3.32     0       
 2.46     1.06     1.02     0.378    0       
 2.37     1.96     0.914    1.4      0       
 2.4      1.67     0.956    1.17     0       
 2.33     0.21     1.4      4.53     0       
 2.19     1.36     2.07     0.778    0       
 2.39     1.69     0.919    1.49     0       
 2.8      1.2      1.18     0.0453   0       
 2.37     0.76     0.982    1.06     0       
 2.45     1.83     0.916    1.23     0       
 2.15     0.853    3.64     0.206    0       
 2.38     1.66     0.931    2.31     0       
 2.16     1.15     2.69     0.611    0       
 2.21     1.59     1.87     0.885    0       
 2.22     1.83     1.7      1.5      0       
 2.33     2.11     0.887    1.46     0       
 2.34     1.35     1.21     0.0512   0       
 2.35     0.644    1.26     0.406    0       
 2.41     1.79     0.884    2.91     0       
 2.45     0.712    0.975    4.14     0       
 2.4      1.83     0.896    2.31     0       
 2.35     1.03     1.18     0.22     0       
 2.41     0.881    0.963    1.92     0       
 2.4      1.71     0.955    1.14     0       
 2.19     1.49     2.09     0.438    0       
 2.25     0.92     1.84     0.243    0       
 2.25     0.987    1.51     0.497    0       
 2.44     1.84     0.888    2.09     0       
 2.45     1.86     0.915    1.13     0       
 2.32     2.09     0.89     2.51     0       
 2.2      1.9      2.29     0.0865   0       
 2.33     1.61     0.979    1.13     0       
 2.15     1.01     3.82     0.0596   0       
 2.31     1.78     0.948    1.62     0       
 2.43     1.94     0.847    2.53     0       
 2.45     1.68     0.904    2.06     0       
 2.52     0.303    1.19     1.13     0       
 2.32     1.94     0.93     1.97     0       
 2.29     0.56     1.48     2.02     0       
 2.4      0.795    0.981    1.06     0       
 2.37     1.17     0.955    2.07     0       
 2.39     1.78     0.905    2.16     0       
 2.24     1.41     1.69     0.284    0       
 2.43     1.22     0.923    2.26     0       
 2.31     1.49     0.983    1.94     0       
 2.3      1.83     1.25     0.889    0       
 2.47     1.01     1.02     0.418    0       
 2.48     1.3      0.83     3.79     0       
 2.26     0.424    1.54     3.17     0       
 2.38     1.04     0.953    2.02     0       
 2.29     0.491    1.41     2.28     0       
 2.49     1.61     0.833    3        0       
 2.32     0.226    1.41     4.42     0       
 2.3      0.219    1.46     4.39     0       
 2.41     1.83     0.86     2.72     0       
 2.38     1.91     0.92     1.8      0       
 2.19     1.91     2        0.854    0       
 2.39     1.9      0.898    1.71     0       
 2.29     1.44     0.97     2.25     0       
 2.43     1.24     0.911    2.53     0       
 2.45     1.82     0.922    1.19     0       
 2.22     1.83     1.68     1.59     0       
 2.29     1.53     0.968    2.06     0       
 2.37     1.76     0.938    1.55     0       
 2.22     1.87     1.68     1.97     0       
 2.29     2.55     1.24     0.191    0       
 2.1      0.943    3.53     0.95     0       
 2.39     1.05     0.935    2.77     0       
 2.3      1.16     1.18     1.57     0       
 2.15     0.84     3.69     0.309    0       
 2.21     1.84     1.72     1.56     0       
 2.29     1.48     0.972    2.19     0       
 2.28     0.699    1.33     1.54     0       
 2.26     1.9      1.27     2.26     0       
 2.41     1.55     0.912    2.19     0       
 2.37     1.96     0.914    1.41     0       
 2.21     1.53     1.87     0.849    0       
 2.49     1.48     0.836    3.04     0       
 2.39     1.89     0.888    2.1      0       
 2.4      2.02     0.911    0.923    0       
 2.3      2.26     1.38     0.0778   0       
 2.4      1.54     0.906    2.34     0       
 2.32     1.99     1.01     0.79     0       
 2.19     1.23     2.05     2.33     0       
 2.26     2.08     1.35     1.24     0       
 2.36     1.86     0.962    0.694    0       
 2.39     0.921    0.963    2.11     0       
 2.26     1.73     1.45     0.362    0       
 2.49     1.8      0.833    2.66     0       
 2.31     1.49     1.13     1.5      0       
 2.39     1.07     0.945    2.33     0       
 2.37     0.818    1        0.924    0       
 2.44     1.84     0.888    2.1      0       
 2.39     1.03     0.953    2.01     0       
 2.25     2.14     1.43     0.262    0       
 2.44     1.71     0.901    1.94     0       
 2.17     0.391    2.97     0.356    0       
 2.24     1.81     1.61     2.1      0       
 2.22     0.646    2.71     1.83     0       
 2.21     2.35     1.73     0.626    0       
 2.33     1.92     0.955    1.07     0       
 2.4      1.96     0.851    2.81     0       
 2.34     2.07     0.89     2.48     0       
 2.4      0.889    0.976    1.01     0       
 2.11     0.69     3.51     1.65     0       
 2.4      0.92     0.951    2.42     0       
 2.17     1.57     2.73     0.439    0       
 2.26     1.89     1.26     2.28     0       
 2.48     0.991    1.01     0.545    0       
 2.4      1.86     0.87     3.01     0       
 2.35     1.86     0.963    0.748    0       
 2.37     1.89     0.904    2.46     0       
 2.35     0.526    1.27     0.441    0       
 2.25     1.01     1.51     2.31     0       
 2.47     1.01     1.02     0.416    0       
 2.38     2.26     0.853    2.29     0       
 2.49     1.47     0.85     2.88     0       
 2.44     1.66     0.842    2.98     0       
 2.41     1.82     0.86     2.84     0       
 2.37     0.938    1.05     0.835    0       
 2.3      2.04     1.39     0.0772   0       
 2.32     1.92     0.934    1.99     0       
 2.4      1.37     0.888    3.31     0       
 2.21     1.62     1.84     0.625    0       
 2.4      0.608    1        4.07     0       
 2.53     1.12     1.2      0.128    0       
 2.37     0.736    0.982    1.07     0       
 2.31     2.18     0.898    0.98     0       
 2.45     1.86     0.915    1.12     0       
 2.14     1.02     2.97     1.54     0       
 2.4      0.606    1.05     0.422    0       
 2.33     2.17     0.878    1.77     0       
 2.45     1.89     0.913    1.11     0       
 2.41     1.83     0.86     2.76     0       
 2.45     1.45     0.99     0.211    0       
 2.39     1.69     0.922    1.43     0       
 2.4      1.84     0.894    2.3      0       
 2.24     1.81     2.43     0.0235   0       
 2.41     1.82     0.862    2.69     0       
 2.43     1.7      0.835    3.3      0       
 2.38     1.51     0.933    1.86     0       
 2.35     0.249    1.3      4.2      0       
 2.41     1.51     0.907    2.34     0       
 2.28     2.32     1.22     0.949    0       
 2.41     1.79     0.889    2.78     0       
 2.22     2.09     1.63     1.91     0       
 2.15     0.856    3.61     0.223    0       
 2.28     1.49     0.971    2.1      0       
 2.23     1.65     1.83     0.584    0       
 2.29     2.55     1.24     0.17     0       
 2.24     2.02     1.69     1.14     0       
 2.23     1.51     1.8      0.633    0       
 2.42     1.45     0.888    3.02     0       
 2.21     1.45     1.88     1.18     0       
 2.35     1.35     1.11     0.478    0       
 2.45     1.45     0.983    0.782    0       
 2.37     1.96     0.916    1.36     0       
 2.24     1.44     1.67     0.243    0       
 2.21     1.84     1.72     1.41     0       
 2.28     0.734    1.33     0.604    0       
 2.4      1.21     0.956    1.98     0       
 2.21     1.32     1.99     1.44     0       
 2.45     1.15     0.908    2.66     0       
 2.32     2.17     0.9      1.05     0       
 2.44     1.73     0.899    2.18     0       
 2.45     1.86     0.916    1.13     0       
 2.2      1.9      2.28     0.136    0       
 2.38     1.95     0.924    1.33     0       
 2.19     1.26     2.04     2.2      0       
 2.37     0.925    1.05     0.837    0       
 2.34     0.644    1.21     0.928    0       
 2.1      0.559    4.61     0.316    0       
 2.38     1.91     0.92     1.72     0       
 2.27     1.63     1.64     0.0781   0       
 2.43     2.02     0.825    2.36     0       
 2.44     1.4      1.02     0.214    0       
 2.39     1.08     0.937    2.4      0       
 2.42     1.95     0.9      1.63     0       
 2.43     1.7      0.835    3.32     0       
 2.15     0.859    3.64     0.363    0       
 2.15     1.02     3.78     0.0816   0       
 2.4      2.04     0.909    0.859    0       
 2.29     2.3      1.38     0.0736   0       
 2.19     2.25     1.9      1.42     0       
 2.38     1.91     0.921    1.76     0       
 2.35     2.23     0.854    2.47     0       
 2.62     0.478    1.09     0.199    0       
 2.31     1.95     0.938    1.94     0       
 2.45     1.86     0.917    1.12     0       
 2.22     1.62     1.84     0.647    0       
 2.19     1.35     2.09     0.684    0       
 2.4      2.01     0.878    1.72     0       
 2.28     0.715    1.33     0.353    0       
 2.39     0.915    0.957    2.22     0       
 2.45     0.675    0.979    4.18     0       
 2.31     1.95     0.929    1.95     0       
 2.22     1.63     1.84     0.666    0       
 2.22     2.08     1.63     1.98     0       
 2.32     2.16     0.906    1.05     0       
 2.39     1.77     0.918    1.38     0       
 2.38     1.04     0.962    1.91     0       
 2.15     0.841    3.7      0.192    0       
 2.4      1.96     0.85     2.83     0       
 2.48     1.22     0.846    3.29     0       
 2.17     2.14     2.14     1.32     0       
 2.5      1.6      0.826    3.05     0       
 2.32     1.91     0.952    1.19     0       
 2.39     1.86     0.963    0.631    0       
 2.45     1.87     0.911    1.16     0       
 2.38     1.87     0.932    1.48     0       
 2.13     1.02     3.85     0.144    0       
 2.16     0.845    2.89     2.08     0       
 2.49     1.79     0.827    2.8      0       
 2.41     0.369    1.01     0.744    0       
 2.28     0.236    1.5      4.28     0       
 2.24     0.632    2.12     1.55     0       
 2.36     1.86     0.877    2.99     0       
 2.14     0.932    4.28     0.63     0       
 2.45     1.13     0.905    2.77     0       
 2.37     0.98     1.05     0.863    0       
 2.41     1.83     0.859    2.71     0       
 2.29     0.364    1.4      2.18     0       
 2.49     1.35     0.828    3.67     0       
 2.49     1.79     0.83     2.76     0       
 2.39     1.83     0.959    0.825    0       
 2.39     0.788    0.977    1.95     0       
 2.42     1.7      0.836    3.27     0       
 2.19     1.84     2.02     1.03     0       
 2.45     0.694    0.974    4.14     0       
 2.32     2.09     0.889    2.51     0       
 2.45     1.82     0.921    1.2      0       
 2.22     1.83     1.68     1.75     0       
 2.26     2.08     1.35     1.24     0       
 2.39     0.945    0.963    2.09     0       
 2.16     0.388    2.97     0.383    0       
 2.33     1.92     0.948    1.07     0       
 2.11     0.69     3.53     1.44     0       
 2.22     1.94     1.81     1.27     0       
 2.49     1.64     0.829    2.87     0       
 2.3      1.78     1.24     0.948    0       
 2.4      2.01     0.877    1.56     0       
 2.32     1.85     0.939    2.06     0       
 2.28     0.868    1.84     0.309    0       
 2.38     1.6      1.05     0.732    0       
 2.48     0.966    1.01     0.562    0       
 2.4      1.86     0.889    2.26     0       
 2.41     0.882    0.955    1.99     0       
 2.39     1.89     0.887    2.28     0       
 2.28     0.609    1.44     2.31     0       
 2.4      0.453    1.05     0.464    0       
 2.44     1.73     0.9      2.17     0       
 2.35     1.03     1.18     0.219    0       
 2.29     1.43     0.971    2.25     0       
 2.29     1.53     0.968    2.06     0       
 2.4      0.392    1.01     0.724    0       
 2.24     1.81     1.6      2.13     0       
 2.4      1.52     1.13     0.151    0       
 2.39     0.382    1.01     0.727    0       
 2.29     0.356    1.4      2.25     0       
 2.36     1.47     0.991    1.5      0       
 2.29     0.549    1.79     0.577    0       
 2.34     1.72     0.936    1.99     0       
 2.24     0.603    2.12     1.81     0       
 2.41     0.922    0.937    2.3      0       
 2.15     0.861    3.6      0.494    0       
 2.32     2.09     0.889    2.51     0       
 2.29     0.582    1.48     1.98     0       
 2.39     1.91     0.9      1.7      0       
 2.43     1.25     0.912    2.52     0       
 2.22     1.83     1.68     1.67     0       
 2.39     1.06     0.931    2.74     0       
 2.38     2.26     0.856    2.29     0       
 2.13     2.04     3.1      0.0214   0       
 2.49     1.6      0.826    3.04     0       
 2.36     2.23     0.86     2.37     0       
 2.37     1.98     0.921    1.21     0       
 2.33     1.09     0.953    3.18     0       
 2.44     1.25     0.831    3.88     0       
 2.41     2.3      0.834    2.2      0       
 2.38     1.72     0.952    1.36     0       
 2.29     2.3      1.39     0.132    0       
 2.28     1.54     0.967    2.19     0       
 2.19     2.25     1.9      1.03     0       
 2.32     2.1      0.917    1.23     0       
 2.3      0.489    1.31     3.12     0       
 2.41     1.8      0.865    2.64     0       
 2.18     1.51     2.08     0.835    0       
 2.46     1.22     1.02     0.399    0       
 2.27     1.67     1.39     1.49     0       
 2.34     0.636    1.21     1.16     0       
 2.4      1.52     1.13     0.182    0       
 2.36     1.85     0.908    2.3      0       
 2.39     1.86     0.962    0.699    0       
 2.35     0.266    1.29     4.23     0       
 2.41     0.91     0.932    2.41     0       
 2.1      0.559    4.62     0.342    0       
 2.4      2.01     0.875    1.61     0       
 2.28     0.695    1.33     0.585    0       
 2.38     1.91     0.918    1.76     0       
 2.39     0.912    0.961    2.24     0       
 2.35     1.94     0.914    2.05     0       
 2.37     1.17     0.946    3.42     0       
 2.45     1.97     0.85     2.33     0       
 2.39     0.384    1.01     0.726    0       
 2.37     1.16     0.957    2.07     0       
 2.32     1.85     0.939    2.09     0       
 2.35     1.83     0.925    1.66     0       
 2.41     1.45     0.89     3.05     0       
 2.28     0.875    1.84     0.319    0       
 2.45     0.663    0.97     4.26     0       
 2.13     1.02     3.86     0.131    0       
 2.43     2.02     0.823    2.4      0       
 2.16     0.828    2.88     2.07     0       
 2.4      1.27     0.957    1.82     0       
 2.27     2.22     1.23     1.17     0       
 2.29     0.375    1.4      2.18     0       
 2.41     1.83     0.861    2.91     0       
 2.36     1.47     0.988    1.5      0       
 2.49     1.35     0.83     3.71     0       
 2.38     1.6      1.05     0.682    0       
 2.49     1.79     0.828    2.79     0       
 2.48     0.975    1.01     0.531    0       
 2.41     0.369    1.01     0.738    0       
 2.62     0.476    1.08     0.35     0       
 2.32     1.58     1.12     0.203    0       
 2.32     1.89     0.95     1.23     0       
 2.32     2.16     0.901    1.02     0       
 2.31     1.95     0.932    1.95     0       
 2.34     1.72     0.935    1.98     0       
 2.29     2.13     0.894    1.62     0       
 2.39     1.07     0.937    2.41     0       
 2.4      1.86     0.889    2.27     0       
 2.28     0.24     1.5      4.21     0       
 2.35     0.922    1.17     0.278    0       
 2.27     0.559    1.45     2.69     0       
 2.41     2.04     0.812    2.54     0       
 2.24     0.603    2.12     1.67     0       
 2.45     1.14     0.911    2.68     0       
 2.36     1.85     0.964    0.702    0       
 2.48     1.13     1.13     0.0799   0       
 2.24     1.24     1.65     2.19     0       
 2.37     1.88     0.904    2.47     0       
 2.3      1.71     0.953    2.49     0       
 2.32     2.09     0.921    0.375    0       
 2.38     1.7      0.905    2.28     0       
 2.41     1.83     0.859    2.75     0       
 2.41     0.882    0.949    2.02     0       
 2.39     2.19     0.848    2.68     0       
 2.4      1.67     0.927    1.37     0       
 2.45     1.08     0.918    2.84     0       
 2.39     1.88     0.89     2.26     0       
 2.22     2.08     1.63     1.86     0       
 2.41     1.5      0.881    3.71     0       
 2.36     1.86     0.873    3.01     0       
 2.39     1.83     0.957    0.853    0       
 2.36     1.15     1.11     0.602    0       
 2.39     0.791    0.972    1.98     0       
 2.41     0.927    0.936    2.3      0       
 2.28     0.608    1.45     2.02     0       
 2.32     1.53     0.95     2.4      0       
 2.31     1.15     1.17     1.6      0       
 2.23     2.09     1.83     0.315    0       
 2.14     0.92     4.31     0.601    0       
 2.42     1.69     0.836    3.31     0       
 2.37     2.17     0.9      1.03     0       
 2.4      0.435    1.05     0.408    0       
 2.34     1.74     0.914    2.59     0       
 2.23     1.34     1.88     0.159    0       
 2.38     1.77     0.921    1.38     0       
 2.24     1.39     1.7      0.288    0       
 2.42     1.7      0.838    3.3      0       
 2.46     1.06     1.02     0.375    0       
 2.37     1.96     0.912    1.4      0       
 2.4      1.67     0.954    1.17     0       
 2.19     1.36     2.07     0.776    0       
 2.39     1.69     0.922    1.49     0       
 2.37     0.765    0.986    1.04     0       
 2.45     1.83     0.918    1.22     0       
 2.15     0.858    3.62     0.428    0       
 2.21     1.59     1.87     0.889    0       
 2.22     1.83     1.7      1.65     0       
 2.44     1.73     0.899    2.18     0       
 2.33     2.11     0.888    1.39     0       
 2.34     1.35     1.21     0.189    0       
 2.35     0.644    1.26     0.405    0       
 2.29     1.48     0.967    2.18     0       
 2.4      1.83     0.895    2.31     0       
 2.35     1.03     1.18     0.22     0       
 2.41     0.885    0.964    1.92     0       
 2.4      1.71     0.956    1.14     0       
 2.25     0.92     1.84     0.269    0       
 2.25     0.988    1.5      0.151    0       
 2.44     1.85     0.888    2.09     0       
 2.45     1.86     0.916    1.13     0       
 2.32     2.09     0.891    2.51     0       
 2.33     1.61     0.978    1.11     0       
 2.31     1.78     0.953    1.63     0       
 2.45     1.69     0.903    2.05     0       
 2.52     0.298    1.19     1.13     0       
 2.32     1.94     0.932    1.97     0       
 2.29     0.56     1.5      2.16     0       
 2.4      0.797    0.983    1.03     0       
 2.37     1.18     0.955    2.06     0       
 2.39     1.78     0.902    2.16     0       
 2.43     1.22     0.923    2.1      0       
 2.3      1.83     1.24     1.04     0       
 2.47     1.01     1.02     0.418    0       
 2.48     1.3      0.83     3.8      0       
 2.26     0.425    1.53     3.19     0       
 2.14     1.57     2.99     0.461    0       
 2.38     1.04     0.955    2.01     0       
 2.29     0.489    1.41     2.28     0       
 2.3      0.218    1.47     4.07     0       
 2.41     1.83     0.86     2.72     0       
 2.19     1.91     2        1.03     0       
 2.39     1.9      0.902    1.71     0       
 2.29     1.44     0.97     2.25     0       
 2.43     1.24     0.912    2.52     0       
 2.45     1.82     0.923    1.19     0       
 2.22     1.83     1.68     1.84     0       
 2.37     1.76     0.939    1.44     0       
 2.36     1.64     0.948    1.88     0       
 2.1      0.944    3.54     0.756    0       
 2.39     1.05     0.933    2.77     0       
 2.31     1.15     1.17     1.45     0       
 2.29     1.48     0.972    2.18     0       
 2.28     0.701    1.33     1.53     0       
 2.26     1.9      1.27     2.24     0       
 2.41     1.55     0.916    2.19     0       
 2.37     1.96     0.915    1.41     0       
 2.49     1.48     0.836    3.05     0       
 2.39     1.89     0.892    2.11     0       
 2.4      2.02     0.908    0.924    0       
 2.3      2.26     1.38     0.212    0       
 2.4      1.54     0.906    2.31     0       
 2.32     1.99     1.01     0.79     0       
 2.19     1.23     2.05     2.57     0       
 2.36     1.86     0.959    0.693    0       
 2.39     0.922    0.962    2.1      0       
 2.26     1.73     1.46     0.362    0       
 2.49     1.8      0.839    2.67     0       
 2.31     1.49     1.12     1.42     0       
 2.19     1.85     2.02     1.55     0       
 2.37     0.819    1        0.921    0       
 2.44     1.85     0.886    2.09     0       
 2.39     1.03     0.951    2.01     0       
 2.25     2.14     1.43     0.293    0       
 2.44     1.71     0.901    1.94     0       
 2.17     0.391    2.94     0.406    0       
 2.24     1.81     1.61     2.49     0       
 2.22     0.646    2.71     1.83     0       
 2.4      1.96     0.853    2.81     0       
 2.4      0.89     0.975    1.02     0       
 2.11     0.692    3.5      1.46     0       
 2.4      0.92     0.954    2.42     0       
 2.17     1.57     2.76     0.433    0       
 2.26     1.89     1.26     2.22     0       
 2.48     0.991    1.01     0.546    0       
 2.35     1.86     0.966    0.749    0       
 2.37     1.89     0.903    2.46     0       
 2.35     0.526    1.26     0.438    0       
 2.25     1.01     1.51     2.16     0       
 2.38     2.26     0.856    2.29     0       
 2.44     1.66     0.842    2.97     0       
 2.37     0.938    1.04     0.835    0       
 2.3      2.04     1.4      0.101    0       
 2.32     1.92     0.934    1.99     0       
 2.4      1.36     0.892    3.14     0       
 2.21     1.63     1.84     0.627    0       
 2.4      0.608    1        4.07     0       
 2.81     0.774    1.2      0.0382   0       
 2.24     1.96     2.16     0.00396  0       
 2.35     2.54     1.2      0.0971   0       
 2.28     1.79     2.47     0.0334   0       
 2.38     2.2      0.87     2.44     0       
 2.22     1.81     1.68     2.24     0       
 2.13     2.04     3.11     0.141    0       
 2.25     1.78     1.57     1.28     0       
 2.39     0.437    1.02     0.64     0       
 2.4      2.35     0.864    1.57     0       
 2.31     1.84     0.957    1.28     0       
 2.17     1.79     2.18     1.89     0       
 2.29     0.231    1.5      4.47     0       
 2.49     1.22     0.842    3.29     0       
 2.39     1.87     0.894    2.12     0       
 2.31     2.19     0.889    1.51     0       
 2.17     2.13     2.14     1.31     0       
 2.45     1.69     0.903    1.96     0       
 2.38     1        0.959    2.18     0       
 2.23     1.64     1.84     0.556    0       
 2.2      1.84     1.87     0.822    0       
 2.15     1.99     2.78     0.311    0       
 2.58     2.66     0.913    0.267    0       
 2.33     2.57     1.25     0.154    0       
 2.48     1.18     0.865    3.34     0       
 2.37     1.94     0.927    1.31     0       
 2.42     0.319    1.13     0.587    0       
 2.14     0.909    4.33     0.336    0       
 2.38     1.83     0.946    1.27     0       
 2.23     1.86     1.62     1.63     0       
 2.44     1.05     0.831    4.04     0       
 2.42     2.1      0.865    2.26     0       
 2.55     0.314    1.09     1        0       
 2.43     2.01     0.824    2.42     0       
 2.58     2.67     0.914    0.557    0       
 2.18     2.16     2.18     1.13     0       
 2.24     1.81     1.61     2.15     0       
 2.22     1.94     1.81     1.1      0       
 2.41     1.46     0.892    3.14     0       
 2.36     2.23     0.856    2.64     0       
 2.45     1.73     0.903    1.92     0       
 2.32     1.9      0.952    1.22     0       
 2.24     2.11     1.7      0.523    0       
 2.4      0.834    0.964    2.22     0       
 2.51     2.09     1.06     0.0786   0       
 2.2      1.43     2.02     0.556    0       
 2.37     1.98     0.921    1.21     0       
 2.41     1.93     0.885    2.13     0       
 2.36     1.04     0.952    2.94     0       
 2.33     1.09     0.953    3.18     0       
 2.36     1.22     0.918    2.78     0       
 2.26     1.89     1.26     2.71     0       
 2.32     1.79     0.973    0.976    0       
 2.33     2.18     0.881    1.55     0       
 2.44     1.26     0.831    3.87     0       
 2.42     1.97     0.904    1.55     0       
 2.12     1.31     2.75     1.59     0       
 2.32     1.95     0.905    3.13     0       
 2.27     1.86     1.21     1.72     0       
 2.08     0.974    4.39     0.675    0       
 2.29     2.49     1        1.05     0       
 2.42     1.81     0.848    3.01     0       
 2.12     0.616    4.38     0.712    0       
 2.38     1.07     0.947    2.17     0       
 2.37     1.82     0.941    1.48     0       
 2.19     1.26     2.04     2.66     0       
 2.3      1.57     0.961    2.21     0       
 2.31     1.47     0.956    2.8      0       
 2.61     0.488    1.08     0.268    0       
 2.38     0.682    0.987    1.32     0       
 2.44     1.46     0.832    3.14     0       
 2.23     1.69     1.69     2.15     0       
 2.5      0.478    1.19     0.377    0       
 2.4      0.635    0.985    4.27     0       
 2.32     2.02     1.02     0.585    0       
 2.41     2.3      0.834    2.2      0       
 2.54     2.68     0.905    0.206    0       
 2.34     2.03     0.883    3.15     0       
 2.19     0.869    2.4      1.56     0       
 2.19     1.29     2.02     2.07     0       
 2.33     0.347    1.62     0.441    0       
 2.38     1.72     0.95     1.38     0       
 2.47     1.27     0.844    3.71     0       
 2.27     1.77     1.43     1.25     0       
 2.62     0.419    1.08     0.276    0       
 2.33     0.925    1.81     0.195    0       
 2.22     0.875    2.05     1.77     0       
 2.24     2.27     1.61     1.43     0       
 2.28     1.33     1.31     2.93     0       
 2.31     2.01     0.938    1.89     0       
 2.35     1.78     0.97     0.96     0       
 2.28     0.353    1.53     2.82     0       
 2.3      2.08     0.896    1.27     0       
 2.37     1.86     0.947    1.23     0       
 2.43     1.48     0.952    1.36     0       
 2.37     1.9      0.935    1.37     0       
 2.38     1.66     0.942    1.6      0       
 2.14     1.47     3.03     0.514    0       
 2.4      1.18     0.896    3.3      0       
 2.4      2.04     0.907    0.87     0       
 2.32     2.15     0.889    1.56     0       
 2.29     2.3      1.38     0.0853   0       
 2.3      1.78     1.24     1.11     0       
 2.38     1.51     0.941    1.78     0       
 2.36     1.91     0.915    2.07     0       
 2.3      2.14     0.879    2.55     0       
 2.44     1.65     0.84     3        0       
 2.12     1.98     2.98     1.16     0       
 2.33     1.47     0.972    1.66     0       
 2.41     2        0.887    1.49     0       
 2.19     2.25     1.9      1.31     0       
 2.3      0.478    1.3      3.03     0       
 2.41     1.8      0.865    2.6      0       
 2.18     1.51     2.08     0.715    0       
 2.27     1.67     1.38     1.76     0       
 2.4      1.52     1.13     0.142    0       
 2.36     1.85     0.906    2.31     0       
 2.39     1.86     0.963    0.699    0       
 2.1      0.559    4.61     0.576    0       
 2.4      2.01     0.872    1.86     0       
 2.28     0.725    1.34     0.317    0       
 2.38     1.91     0.92     1.76     0       
 2.32     0.214    1.4      4.39     0       
 2.39     0.912    0.963    2.23     0       
 2.35     1.94     0.914    2.05     0       
 2.39     0.383    1.02     0.701    0       
 2.15     2.03     2.73     0.276    0       
 2.37     1.16     0.956    2.08     0       
 2.32     1.85     0.934    2.09     0       
 2.51     2.77     0.945    0.0652   0       
 2.38     1.91     0.923    1.49     0       
 2.41     1.45     0.887    3.08     0       
 2.28     0.873    1.84     0.521    0       
 2.45     0.663    0.97     4.24     0       
 2.43     2.02     0.82     2.39     0       
 2.35     2.24     0.856    2.3      0       
 2.4      1.27     0.958    1.82     0       
 2.26     1.9      1.27     2.3      0       
 2.41     1.83     0.862    2.75     0       
 2.36     1.47     0.989    1.5      0       
 2.49     1.35     0.828    3.71     0       
 2.29     0.6      1.79     0.563    0       
 2.24     2.02     1.69     1.24     0       
 2.38     1.6      1.05     0.497    0       
 2.49     1.79     0.83     2.79     0       
 2.48     0.968    1.01     0.582    0       
 2.62     0.477    1.09     0.216    0       
 2.19     0.754    2.12     3.28     0       
 2.32     1.58     1.12     0.204    0       
 2.32     1.89     0.949    1.23     0       
 2.32     1.95     0.931    1.95     0       
 2.34     1.72     0.935    1.99     0       
 2.29     2.13     0.891    1.61     0       
 2.39     1.07     0.938    2.39     0       
 2.4      1.86     0.888    2.27     0       
 2.33     1.92     0.953    1.09     0       
 2.42     1.45     0.888    2.9      0       
 2.35     0.917    1.17     0.262    0       
 2.27     0.553    1.44     3.03     0       
 2.41     2.04     0.811    2.56     0       
 2.21     1.32     2.04     1.22     0       
 2.24     0.603    2.12     1.67     0       
 2.22     1.62     1.84     0.624    0       
 2.19     1.34     2.09     0.673    0       
 2.45     1.14     0.909    2.68     0       
 2.39     1.72     1        0.884    0       
 2.35     2.17     0.864    2.5      0       
 2.48     1.12     1.13     0.101    0       
 2.24     1.24     1.65     2.21     0       
 2.3      1.71     0.954    2.49     0       
 2.32     2.09     0.92     0.375    0       
 2.38     1.71     0.906    2.27     0       
 2.4      1.84     0.865    3.08     0       
 2.41     1.83     0.859    2.73     0       
 2.41     0.881    0.95     2.02     0       
 2.38     2.22     0.859    2.46     0       
 2.45     1.08     0.918    2.85     0       
 2.39     1.89     0.885    2.29     0       
 2.22     2.08     1.63     1.87     0       
 2.41     1.49     0.881    3.71     0       
 2.36     1.86     0.873    3.03     0       
 2.39     1.83     0.957    0.853    0       
 2.36     1.15     1.1      0.603    0       
 2.39     0.79     0.97     1.98     0       
 2.21     1.37     1.99     0.842    0       
 2.41     0.923    0.936    2.3      0       
 2.29     1.6      1.46     0.172    0       
 2.28     0.61     1.44     2.26     0       
 2.32     1.53     0.949    2.41     0       
 2.31     1.16     1.17     1.6      0       
 2.39     1.78     0.9      2.18     0       
 2.21     2.09     1.83     0.463    0       
 2.42     1.69     0.834    3.33     0       
 2.32     2.17     0.906    1.03     0       
 2.3      0.203    1.49     4.12     0       
 2.17     1.29     3.08     0.111    0       
 2.34     1.75     0.916    2.62     0       
 2.23     1.34     1.88     0.169    0       
 2.39     1.77     0.919    1.38     0       
 2.24     1.39     1.71     0.541    0       
 2.42     1.7      0.84     3.32     0       
 2.46     1.06     1.02     0.373    0       
 2.4      1.67     0.955    1.17     0       
 2.33     0.212    1.4      4.28     0       
 2.19     1.36     2.07     0.78     0       
 2.39     1.69     0.919    1.49     0       
 2.45     1.83     0.916    1.22     0       
 2.15     0.857    3.64     0.209    0       
 2.16     1.15     2.69     0.615    0       
 2.21     1.59     1.87     0.887    0       
 2.22     1.83     1.7      1.52     0       
 2.33     2.11     0.887    1.34     0       
 2.34     1.35     1.21     0.142    0       
 2.35     0.645    1.26     0.406    0       
 2.41     1.79     0.885    2.9      0       
 2.45     0.714    0.975    4.14     0       
 2.41     0.882    0.963    1.92     0       
 2.19     1.49     2.11     0.441    0       
 2.25     0.916    1.84     0.243    0       
 2.44     1.84     0.886    2.1      0       
 2.45     1.86     0.917    1.11     0       
 2.32     2.08     0.889    2.51     0       
 2.15     1.01     3.82     0.0555   0       
 2.45     1.68     0.905    2.06     0       
 2.52     0.303    1.19     1.13     0       
 2.32     1.95     0.933    1.96     0       
 2.29     0.561    1.47     2.14     0       
 2.4      0.795    0.978    1.06     0       
 2.37     1.17     0.955    2.07     0       
 2.24     1.41     1.69     0.27     0       
 2.43     1.22     0.923    2.26     0       
 2.3      1.83     1.24     0.914    0       
 2.47     1.01     1.02     0.417    0       
 2.26     0.424    1.54     2.81     0       
 2.38     1.04     0.952    2.02     0       
 2.29     0.491    1.41     2.09     0       
 2.49     1.61     0.835    3        0       
 2.32     0.226    1.41     4.48     0       
 2.3      0.217    1.47     4.32     0       
 2.41     1.83     0.86     2.71     0       
 2.38     1.91     0.923    1.8      0       
 2.39     1.9      0.901    1.71     0       
 2.29     1.44     0.972    2.25     0       
 2.43     1.24     0.914    2.53     0       
 2.45     1.82     0.922    1.19     0       
 2.22     1.83     1.68     1.9      0       
 2.29     1.54     0.968    2.06     0       
 2.37     1.76     0.937    1.7      0       
 2.35     1.71     0.936    1.99     0       
 2.29     2.55     1.24     0.191    0       
 2.1      0.947    3.5      0.702    0       
 2.3      1.16     1.18     1.59     0       
 2.15     0.84     3.69     0.522    0       
 2.21     1.84     1.73     1.77     0       
 2.29     1.48     0.972    2.19     0       
 2.28     0.7      1.33     1.54     0       
 2.4      0.391    1.01     0.724    0       
 2.26     1.9      1.27     2.43     0       
 2.41     1.55     0.913    2.19     0       
 2.21     1.54     1.87     0.852    0       
 2.49     1.48     0.835    3.05     0       
 2.39     1.89     0.888    2.1      0       
 2.4      2.02     0.912    0.919    0       
 2.32     1.99     1.01     0.789    0       
 2.19     1.23     2.05     2.48     0       
 2.36     1.86     0.963    0.69     0       
 2.39     0.921    0.963    2.11     0       
 2.26     1.73     1.45     0.365    0       
 2.31     1.49     1.13     1.31     0       
 2.39     1.07     0.943    2.33     0       
 2.37     0.817    1        0.933    0       
 2.39     1.03     0.953    2.01     0       
 2.44     1.71     0.901    1.94     0       
 2.22     0.646    2.71     1.83     0       
 2.33     1.92     0.956    1.04     0       
 2.4      1.96     0.851    2.82     0       
 2.34     2.07     0.89     2.48     0       
 2.4      0.889    0.975    1.01     0       
 2.4      0.92     0.952    2.42     0       
 2.17     1.57     2.73     0.441    0       
 2.26     1.89     1.27     2.26     0       
 2.48     0.992    1.02     0.529    0       
 2.35     1.86     0.968    0.746    0       
 2.37     1.89     0.904    2.45     0       
 2.47     1.01     1.02     0.425    0       
 2.49     1.47     0.85     2.88     0       
 2.41     1.82     0.861    2.66     0       
 2.32     1.92     0.933    1.99     0       
 2.4      1.37     0.888    3.2      0       
 2.21     1.63     1.84     0.635    0       
 2.4      0.609    1        4.07     0       
 2.53     1.11     1.21     0.161    0       
 2.37     0.736    0.985    1.07     0       
 2.62     0.464    1.12     0.0527   0       
 2.81     0.774    1.2      0.0382   0       
 2.24     1.96     2.16     0.00396  0       
 2.55     3.04     0.602    7.58     0       
 3.95     0.00627  75       75       75      
 0.00436  0.952    89.2     89.2     89.2    
