1000 5
 2.93     0.0245   78.9     78.9     78.9    
 3.01     0.00225  78       78       78      
 2.96     0.00638  79.2     79.2     79.2    
 2.91     0.0611   77.2     77.2     77.2    
 2.87     0.389    81.8     81.8     81.8    
 2.91     0.0751   76.2     76.2     76.2    
 2.87     0.931    76.9     76.9     76.9    
 2.96     0.05     75.9     75.9     75.9    
 2.96     0.0809   76.1     76.1     76.1    
 2.9      0.0461   80       80       80      
 2.89     0.708    77.4     77.4     77.4    
 2.84     0.774    81.8     81.8     81.8    
 2.95     0.013    79.5     79.5     79.5    
 2.96     0.0162   79       79       79      
 2.96     0.0293   76.1     76.1     76.1    
 2.9      0.0146   80.4     80.4     80.4    
 2.89     0.36     77.1     77.1     77.1    
 2.9      0.405    76.4     76.4     76.4    
 2.96     0.0276   77.3     77.3     77.3    
 3.05     0.505    8.15     20       100     
 2.87     0.954    77       77       77      
 2.86     0.582    83.3     83.3     83.3    
 2.99     0.00445  77.3     77.3     77.3    
 2.96     0.0111   79.6     79.6     79.6    
 2.84     0.774    81.8     81.8     81.8    
 2.83     0.785    83.3     83.3     83.3    
 2.89     0.723    77       77       77      
 2.87     0.0329   83.4     83.4     83.4    
 2.86     1        75.9     75.9     75.9    
 2.9      0.0173   80       80       80      
 3.05     0.536    8.14     20       100     
 2.85     0.603    81.7     81.7     81.7    
 3.04     0.629    8.2      20       100     
 2.88     0.142    82.3     82.3     82.3    
 2.9      0.398    76.8     76.8     76.8    
 2.95     0.0112   79.8     79.8     79.8    
 2.96     0.0252   77.2     77.2     77.2    
 2.86     1        76       76       76      
 3        0.00109  81.9     81.9     81.9    
 2.95     0.0122   79.5     79.5     79.5    
 2.91     0.0365   76.4     76.4     76.4    
 2.88     0.05     81.3     81.3     81.3    
 2.87     0.221    82.7     82.7     82.7    
 2.96     0.0217   78.4     78.4     78.4    
 3.05     0.522    8.15     20       100     
 2.88     0.0139   81.3     81.3     81.3    
 2.88     0.0902   82.8     82.8     82.8    
 2.86     0.987    78.9     78.9     78.9    
 2.88     0.0556   82       82       82      
 2.87     0.985    76       76       76      
 2.88     0.462    80.2     80.2     80.2    
 2.89     0.382    78.5     78.5     78.5    
 2.96     0.0332   77.3     77.3     77.3    
 3.08     0.763    6.13     20       100     
 2.85     0.59     83.1     83.1     83.1    
 3.08     0.249    8.14     20       100     
 2.87     0.538    82.7     82.7     82.7    
 2.9      0.151    76.6     76.6     76.6    
 2.9      0.151    77.5     77.5     77.5    
 2.85     0.994    79.2     79.2     79.2    
 2.86     0.999    76.5     76.5     76.5    
 2.87     0.0214   83.6     83.6     83.6    
 2.85     0.633    82.5     82.5     82.5    
 2.97     0.0476   75.9     75.9     75.9    
 2.86     0.749    78.5     78.5     78.5    
 2.89     0.374    78.6     78.6     78.6    
 3.05     0.494    8.16     20       100     
 2.88     0.017    80.6     80.6     80.6    
 2.84     0.77     83.1     83.1     83.1    
 2.88     0.26     81.2     81.2     81.2    
 2.85     0.598    82.6     82.6     82.6    
 2.86     0.228    82.7     82.7     82.7    
 2.87     0.931    77       77       77      
 2.96     0.0214   76.1     76.1     76.1    
 2.9      0.405    76.4     76.4     76.4    
 2.88     0.212    81.1     81.1     81.1    
 2.99     0.00441  77.3     77.3     77.3    
 3.05     0.536    8.13     20       100     
 2.88     0.15     82.3     82.3     82.3    
 3        0.0207   75       75       75      
 2.88     0.00747  81.4     81.4     81.4    
 2.84     0.774    82.4     82.4     82.4    
 3.05     0.509    8.14     20       100     
 2.84     0.768    82       82       82      
 2.86     0.947    77.2     77.2     77.2    
 2.85     0.993    79.4     79.4     79.4    
 2.87     1.01     75       75       75      
 2.86     1        76.6     76.6     76.6    
 3.07     0.25     8.16     20       100     
 2.86     0.557    83.9     83.9     83.9    
 2.89     0.855    75.4     75.4     75.4    
 3.08     0.245    8.14     20       100     
 2.86     0.98     76.2     76.2     76.2    
 2.9      0.393    75.9     75.9     75.9    
 2.91     0.0183   79.9     79.9     79.9    
 2.86     0.994    77.8     77.8     77.8    
 2.99     0.00992  77.3     77.3     77.3    
 2.88     0.002    82.9     82.9     82.9    
 2.88     0.266    81.2     81.2     81.2    
 2.87     0.981    75.4     75.4     75.4    
 3.06     0.334    8.16     20       100     
 2.9      0.151    76.1     76.1     76.1    
 3.05     0.354    8.17     20       100     
 2.86     0.226    82.7     82.7     82.7    
 3        0.00103  81.9     81.9     81.9    
 2.88     0.016    82.3     82.3     82.3    
 2.84     1.03     80.2     80.2     80.2    
 2.86     0.983    76.2     76.2     76.2    
 2.9      0.404    76.4     76.4     76.4    
 2.95     0.012    79.5     79.5     79.5    
 3.06     0.308    8.16     20       100     
 2.87     0.752    78.5     78.5     78.5    
 2.86     0.543    84.5     84.5     84.5    
 2.87     0.979    75.7     75.7     75.7    
 2.85     0.994    79.6     79.6     79.6    
 2.88     0.666    79.3     79.3     79.3    
 2.87     0.912    77.2     77.2     77.2    
 2.84     0.768    82       82       82      
 3.1      0.662    6.04     20       100     
 2.86     0.999    76.5     76.5     76.5    
 2.87     0.873    78.2     78.2     78.2    
 2.86     0.747    78.6     78.6     78.6    
 2.86     0.556    83.7     83.7     83.7    
 2.88     0.746    78.3     78.3     78.3    
 2.88     0.034    80.8     80.8     80.8    
 2.84     0.768    82       82       82      
 2.91     0.0774   76.2     76.2     76.2    
 2.96     0.0472   76       76       76      
 2.87     0.221    82.6     82.6     82.6    
 2.99     0.00398  76.7     76.7     76.7    
 2.96     0.0245   77.3     77.3     77.3    
 2.87     0.954    77       77       77      
 3.08     0.666    6.05     20       100     
 2.87     0.954    77       77       77      
 2.87     0.929    77.1     77.1     77.1    
 2.87     0.723    80.4     80.4     80.4    
 2.85     0.604    81.8     81.8     81.8    
 2.9      0.398    76.8     76.8     76.8    
 3.05     0.731    8.06     20       100     
 2.87     0.981    75.4     75.4     75.4    
 2.88     0.0788   81.3     81.3     81.3    
 2.96     0.0215   78.3     78.3     78.3    
 2.86     0.986    78.9     78.9     78.9    
 2.84     0.771    82.2     82.2     82.2    
 2.87     0.259    81.3     81.3     81.3    
 2.86     0.985    78.9     78.9     78.9    
 2.86     0.226    82.8     82.8     82.8    
 2.88     0.213    81.3     81.3     81.3    
 2.86     1        76.6     76.6     76.6    
 2.97     0.0458   75.4     75.4     75.4    
 2.86     0.558    82.1     82.1     82.1    
 2.86     0.95     77.8     77.8     77.8    
 2.86     0.211    82.8     82.8     82.8    
 2.86     0.98     76.4     76.4     76.4    
 2.91     0.0179   79.9     79.9     79.9    
 2.99     0.0107   77.3     77.3     77.3    
 2.88     0.101    82.4     82.4     82.4    
 3.05     0.354    8.17     20       100     
 2.88     0.213    81.1     81.1     81.1    
 2.87     0.999    75.3     75.3     75.3    
 2.9      0.0154   80.5     80.5     80.5    
 2.91     0.0107   79.9     79.9     79.9    
 2.88     0.109    81.2     81.2     81.2    
 2.97     0.0201   75.9     75.9     75.9    
 2.83     0.785    83.3     83.3     83.3    
 2.87     0.0334   82.9     82.9     82.9    
 3.02     0.00594  75       75       75      
 2.91     0.0368   76.5     76.5     76.5    
 2.87     0.981    75.4     75.4     75.4    
 2.87     0.985    75.6     75.6     75.6    
 2.88     0.0102   81.3     81.3     81.3    
 2.87     0.221    82.7     82.7     82.7    
 2.84     0.775    81.9     81.9     81.9    
 2.97     0.0494   75.1     75.1     75.1    
 2.97     0.118    75       75       75      
 2.9      0.15     76.6     76.6     76.6    
 2.85     0.582    83.5     83.5     83.5    
 2.85     0.634    82.2     82.2     82.2    
 2.96     0.0484   75.9     75.9     75.9    
 2.86     0.748    78.6     78.6     78.6    
 2.89     0.375    78.6     78.6     78.6    
 3.05     0.495    8.16     20       100     
 2.88     0.00286  80.7     80.7     80.7    
 2.86     0.946    77.6     77.6     77.6    
 2.91     0.00811  79.9     79.9     79.9    
 3.06     0.322    8.16     20       100     
 2.87     0.883    77.6     77.6     77.6    
 3.05     0.356    8.17     20       100     
 2.88     0.0785   82.5     82.5     82.5    
 3        0.000209 81.9     81.9     81.9    
 2.91     0.077    79.7     79.7     79.7    
 2.9      0.0294   80       80       80      
 2.96     0.0227   76.4     76.4     76.4    
 2.89     0.838    76.6     76.6     76.6    
 2.88     0.0678   81.3     81.3     81.3    
 3.05     0.505    8.15     20       100     
 2.95     0.0123   79.8     79.8     79.8    
 2.86     1.01     75.2     75.2     75.2    
 2.88     0.00369  81.4     81.4     81.4    
 2.88     0.707    79.1     79.1     79.1    
 2.88     0.00306  80.6     80.6     80.6    
 2.96     0.0332   77.3     77.3     77.3    
 2.85     0.582    84.2     84.2     84.2    
 2.85     0.993    79.3     79.3     79.3    
 2.89     0.844    76.8     76.8     76.8    
 2.86     0.557    83.9     83.9     83.9    
 2.88     0.019    80.6     80.6     80.6    
 2.87     0.94     77.2     77.2     77.2    
 2.89     0.249    78.7     78.7     78.7    
 2.87     0.54     82.6     82.6     82.6    
 2.88     0.0134   83.3     83.3     83.3    
 2.89     0.852    75.9     75.9     75.9    
 3.05     0.42     8.16     20       100     
 2.88     0.286    78.8     78.8     78.8    
 2.89     0.85     76.6     76.6     76.6    
 2.87     0.986    75.6     75.6     75.6    
 2.86     0.946    77.6     77.6     77.6    
 2.86     0.225    82.7     82.7     82.7    
 2.86     0.227    82.7     82.7     82.7    
 3.06     0.26     8.13     20       100     
 2.86     0.748    78.6     78.6     78.6    
 3.01     0.00227  77.9     77.9     77.9    
 2.96     0.0203   76.2     76.2     76.2    
 2.95     0.00992  79.6     79.6     79.6    
 2.87     0.954    77.1     77.1     77.1    
 2.84     0.774    81.8     81.8     81.8    
 3.08     0.756    6        20       100     
 2.86     1        76       76       76      
 2.91     0.0314   78.1     78.1     78.1    
 2.91     0.00159  80.3     80.3     80.3    
 3.05     0.725    8.06     20       100     
 2.84     1.03     80.1     80.1     80.1    
 2.96     0.0219   78.6     78.6     78.6    
 2.88     0.0768   82       82       82      
 2.88     0.462    80.2     80.2     80.2    
 2.88     0.211    82       82       82      
 2.96     0.0215   77.8     77.8     77.8    
 2.85     0.993    79.2     79.2     79.2    
 2.99     0.0121   77.1     77.1     77.1    
 2.86     0.749    78.5     78.5     78.5    
 2.97     0.0479   75.7     75.7     75.7    
 2.85     0.599    82.9     82.9     82.9    
 2.9      0.394    75.8     75.8     75.8    
 2.88     0.211    81.6     81.6     81.6    
 2.89     0.852    75.8     75.8     75.8    
 3.05     0.42     8.17     20       100     
 2.96     0.0241   76.8     76.8     76.8    
 2.84     0.773    82.3     82.3     82.3    
 3.05     0.509    8.14     20       100     
 2.85     0.993    79.5     79.5     79.5    
 2.86     0.575    81.3     81.3     81.3    
 2.97     0.0465   75.6     75.6     75.6    
 2.99     0.00544  77.2     77.2     77.2    
 2.87     0.981    75.4     75.4     75.4    
 2.87     0.981    75.4     75.4     75.4    
 2.91     0.0368   76.3     76.3     76.3    
 3.06     0.251    8.13     20       100     
 3.05     0.354    8.17     20       100     
 2.88     0.221    81.1     81.1     81.1    
 2.84     0.774    82       82       82      
 2.95     0.012    79.5     79.5     79.5    
 2.96     0.0234   77.3     77.3     77.3    
 2.99     0.0139   78       78       78      
 2.9      0.0109   80.3     80.3     80.3    
 2.88     0.206    81.2     81.2     81.2    
 2.87     0.219    82.7     82.7     82.7    
 2.96     0.0213   78.4     78.4     78.4    
 2.88     0.00344  81.4     81.4     81.4    
 3.05     0.495    8.16     20       100     
 2.87     0.981    76       76       76      
 2.87     0.912    77.2     77.2     77.2    
 2.89     0.383    78.5     78.5     78.5    
 2.84     0.774    82.4     82.4     82.4    
 2.96     0.00523  79.2     79.2     79.2    
 2.99     0.00248  76.7     76.7     76.7    
 2.86     0.999    76.5     76.5     76.5    
 2.97     0.0482   75.5     75.5     75.5    
 3.05     0.511    8.14     20       100     
 2.87     0.537    82.7     82.7     82.7    
 2.86     0.985    78.9     78.9     78.9    
 2.9      0.394    75.8     75.8     75.8    
 2.99     0.00441  77.3     77.3     77.3    
 3.06     0.27     8.1      20       100     
 2.85     0.978    80.1     80.1     80.1    
 2.91     0.0338   77.9     77.9     77.9    
 2.88     0.205    81.1     81.1     81.1    
 3        0.0162   75.3     75.3     75.3    
 3.05     0.507    8.15     20       100     
 2.99     0.00413  76.7     76.7     76.7    
 2.87     1.01     75.7     75.7     75.7    
 2.88     0.108    81.2     81.2     81.2    
 3.08     0.249    8.13     20       100     
 2.88     0.285    78.8     78.8     78.8    
 3.08     0.247    8.13     20       100     
 2.88     0.00281  82.7     82.7     82.7    
 2.86     0.748    78.6     78.6     78.6    
 2.86     0.554    83.7     83.7     83.7    
 2.91     0.00298  79.9     79.9     79.9    
 2.86     0.954    77.1     77.1     77.1    
 2.9      0.15     76.6     76.6     76.6    
 2.88     0.705    79.3     79.3     79.3    
 2.86     0.543    84.4     84.4     84.4    
 3.05     0.358    8.16     20       100     
 2.86     1        77.3     77.3     77.3    
 3.05     0.509    8.14     20       100     
 2.89     0.582    77.9     77.9     77.9    
 2.84     1.03     81       81       81      
 2.93     0.0248   78.6     78.6     78.6    
 2.96     0.0117   79.2     79.2     79.2    
 2.88     0.217    81.1     81.1     81.1    
 2.91     0.00993  79.9     79.9     79.9    
 2.89     0.359    78.5     78.5     78.5    
 2.96     0.0109   79.6     79.6     79.6    
 2.86     1        75.9     75.9     75.9    
 2.9      0.026    80.2     80.2     80.2    
 2.88     0.208    81.2     81.2     81.2    
 2.91     0.0314   78.1     78.1     78.1    
 2.9      0.393    75.9     75.9     75.9    
 2.85     0.604    81.7     81.7     81.7    
 2.89     0.856    75.2     75.2     75.2    
 3.05     0.42     8.16     20       100     
 2.95     0.0123   79.5     79.5     79.5    
 2.91     0.0364   76.4     76.4     76.4    
 2.88     0.0483   81.3     81.3     81.3    
 3        0.0122   76       76       76      
 2.88     0.0905   82.8     82.8     82.8    
 2.88     0.462    80.2     80.2     80.2    
 2.87     0.537    82.7     82.7     82.7    
 2.88     0.704    79.1     79.1     79.1    
 2.96     0.00318  79.2     79.2     79.2    
 2.85     0.633    82.5     82.5     82.5    
 2.86     0.747    78.7     78.7     78.7    
 2.88     0.746    78.3     78.3     78.3    
 2.86     0.947    77.4     77.4     77.4    
 2.86     0.985    78.9     78.9     78.9    
 2.85     0.597    82.6     82.6     82.6    
 2.87     0.457    80.9     80.9     80.9    
 2.96     0.0216   76.1     76.1     76.1    
 2.88     0.212    81.2     81.2     81.2    
 3.05     0.421    8.16     20       100     
 2.84     0.768    82       82       82      
 2.86     0.945    77.3     77.3     77.3    
 2.85     0.993    79.4     79.4     79.4    
 2.87     1.01     75       75       75      
 2.86     1        76.6     76.6     76.6    
 2.86     0.557    83.6     83.6     83.6    
 2.86     0.974    76.3     76.3     76.3    
 2.9      0.392    75.9     75.9     75.9    
 2.88     0.0953   82.4     82.4     82.4    
 2.88     0.264    81.2     81.2     81.2    
 3.06     0.252    8.13     20       100     
 2.85     0.985    81.5     81.5     81.5    
 2.9      0.151    76.1     76.1     76.1    
 3.05     0.354    8.17     20       100     
 2.86     0.748    78.6     78.6     78.6    
 2.95     0.0129   79.5     79.5     79.5    
 2.87     1        75       75       75      
 2.85     0.604    81.8     81.8     81.8    
 2.85     0.979    79.7     79.7     79.7    
 2.88     0.1      81.2     81.2     81.2    
 2.87     0.985    75.6     75.6     75.6    
 3.06     0.251    8.13     20       100     
 2.86     0.542    84.4     84.4     84.4    
 3.05     0.536    8.13     20       100     
 2.86     0.985    78.9     78.9     78.9    
 2.85     0.993    79.5     79.5     79.5    
 2.9      0.0151   80.5     80.5     80.5    
 2.86     0.229    82.9     82.9     82.9    
 2.97     0.0472   75.9     75.9     75.9    
 2.97     0.0517   75.2     75.2     75.2    
 2.88     0.032    80.8     80.8     80.8    
 2.86     1        76.7     76.7     76.7    
 3        0.00846  76.1     76.1     76.1    
 2.86     0.986    78.9     78.9     78.9    
 2.9      0.404    76.4     76.4     76.4    
 2.85     0.978    79       79       79      
 3.05     0.509    8.14     20       100     
 2.85     0.973    80.3     80.3     80.3    
 2.84     0.727    82.5     82.5     82.5    
 3.07     0.243    8.16     20       100     
 2.88     0.705    79.6     79.6     79.6    
 3.05     0.354    8.17     20       100     
 3.06     0.312    8.16     20       100     
 2.86     0.752    78.5     78.5     78.5    
 2.88     0.211    81.9     81.9     81.9    
 3.08     0.761    6.05     20       100     
 2.96     0.0448   76       76       76      
 2.96     0.0267   76.1     76.1     76.1    
 2.99     0.0136   76.6     76.6     76.6    
 3.06     0.307    8.16     20       100     
 2.85     0.595    81.8     81.8     81.8    
 3.06     0.253    8.13     20       100     
 2.86     0.987    79       79       79      
 2.85     0.978    79.2     79.2     79.2    
 2.85     0.987    81.5     81.5     81.5    
 2.86     0.564    80.8     80.8     80.8    
 2.86     0.999    76.7     76.7     76.7    
 2.87     0.98     75.9     75.9     75.9    
 2.85     0.992    79.5     79.5     79.5    
 2.86     0.999    76.5     76.5     76.5    
 2.88     0.708    79.3     79.3     79.3    
 2.85     0.993    79.5     79.5     79.5    
 3.05     0.361    8.16     20       100     
 3.08     0.662    5.94     20       100     
 2.9      0.393    75.9     75.9     75.9    
 2.99     0.0058   77.2     77.2     77.2    
 2.85     0.985    81.4     81.4     81.4    
 3.06     0.332    8.16     20       100     
 2.87     0.949    76.4     76.4     76.4    
 2.84     0.765    83       83       83      
 3.08     0.246    8.13     20       100     
 2.88     0.598    80       80       80      
 2.87     0.225    81.8     81.8     81.8    
 2.83     0.857    83.8     83.8     83.8    
 2.93     0.0249   79       79       79      
 3.01     0.00225  78       78       78      
 2.9      0.0461   80       80       80      
 2.96     0.0376   76.1     76.1     76.1    
 2.96     0.0271   77.3     77.3     77.3    
 2.9      0.149    77.5     77.5     77.5    
 2.88     0.212    81.1     81.1     81.1    
 2.88     0.00736  81.4     81.4     81.4    
 2.89     0.855    75.4     75.4     75.4    
 2.91     0.0798   76.2     76.2     76.2    
 2.88     0.137    82.3     82.3     82.3    
 2.87     0.259    81.3     81.3     81.3    
 2.86     0.225    82.8     82.8     82.8    
 2.88     0.212    81.3     81.3     81.3    
 3.04     0.576    8.2      20       100     
 2.85     0.993    79.3     79.3     79.3    
 2.86     0.999    76.7     76.7     76.7    
 2.89     0.85     76.6     76.6     76.6    
 2.86     0.954    77.1     77.1     77.1    
 2.85     0.583    82       82       82      
 2.88     0.206    81.2     81.2     81.2    
 2.86     0.825    80.1     80.1     80.1    
 2.86     0.747    78.6     78.6     78.6    
 2.91     0.00257  80       80       80      
 3.05     0.359    8.16     20       100     
 2.84     1.03     81.1     81.1     81.1    
 2.85     0.605    81.7     81.7     81.7    
 2.87     0.457    80.9     80.9     80.9    
 2.86     0.557    83.6     83.6     83.6    
 3.08     0.669    5.84     20       100     
 3.1      0.661    6.1      20       100     
 2.97     0.0438   75.5     75.5     75.5    
 2.86     0.748    78.6     78.6     78.6    
 2.85     0.634    82.2     82.2     82.2    
 2.87     0.922    77.3     77.3     77.3    
 2.84     0.774    82.4     82.4     82.4    
 2.96     0.00319  79.3     79.3     79.3    
 2.86     0.999    76.5     76.5     76.5    
 2.97     0.0448   75.3     75.3     75.3    
 2.88     0.00199  81.2     81.2     81.2    
 2.86     0.825    80.1     80.1     80.1    
 2.85     0.979    80.1     80.1     80.1    
 2.86     0.557    83.9     83.9     83.9    
 3.08     0.245    8.14     20       100     
 2.88     0.103    82.5     82.5     82.5    
 3.06     0.255    8.13     20       100     
 3.05     0.354    8.17     20       100     
 2.86     0.749    78.7     78.7     78.7    
 2.86     0.812    78.3     78.3     78.3    
 2.84     1.03     80.2     80.2     80.2    
 2.86     0.983    76.3     76.3     76.3    
 3.08     0.781    5.41     20       100     
 2.86     0.193    83.9     83.9     83.9    
 2.88     0.666    79.4     79.4     79.4    
 2.87     0.912    77.3     77.3     77.3    
 2.88     0.21     82       82       82      
 2.87     0.873    78.2     78.2     78.2    
 2.88     0.0456   81       81       81      
 2.84     0.768    82       82       82      
 2.95     0.00792  79.7     79.7     79.7    
 2.87     0.954    77.1     77.1     77.1    
 2.86     1.01     75.7     75.7     75.7    
 2.9      0.398    76.8     76.8     76.8    
 2.88     0.256    80.4     80.4     80.4    
 2.84     0.771    82.4     82.4     82.4    
 2.87     0.259    81.3     81.3     81.3    
 2.88     0.00435  81.1     81.1     81.1    
 2.86     1        76.6     76.6     76.6    
 2.86     0.558    82       82       82      
 2.86     0.981    76.1     76.1     76.1    
 3.07     0.244    8.15     20       100     
 2.96     0.0492   75.5     75.5     75.5    
 2.88     0.703    79.8     79.8     79.8    
 2.95     0.0221   79.8     79.8     79.8    
 2.96     0.028    77.3     77.3     77.3    
 2.85     0.581    84.2     84.2     84.2    
 2.86     0.998    76.9     76.9     76.9    
 2.89     0.844    76.8     76.8     76.8    
 2.89     0.249    78.9     78.9     78.9    
 3.05     0.358    8.16     20       100     
 2.87     0.986    75.6     75.6     75.6    
 3.05     0.497    8.15     20       100     
 3.1      0.66     6.35     20       100     
 3.06     0.259    8.13     20       100     
 3.02     0.00451  75       75       75      
 2.87     1        75.4     75.4     75.4    
 2.84     0.774    81.9     81.9     81.9    
 2.96     0.0204   76.2     76.2     76.2    
 2.89     0.36     76.9     76.9     76.9    
 3.05     0.506    8.15     20       100     
 2.95     0.00936  79.6     79.6     79.6    
 3.05     0.723    8.06     20       100     
 2.88     0.211    82       82       82      
 2.85     0.993    79.2     79.2     79.2    
 2.89     0.861    75       75       75      
 2.99     0.00446  77.1     77.1     77.1    
 2.86     0.999    76.8     76.8     76.8    
 2.88     0.24     79.2     79.2     79.2    
 2.9      0.394    75.9     75.9     75.9    
 2.97     0.0453   75       75       75      
 2.84     0.773    82.3     82.3     82.3    
 3.08     0.247    8.14     20       100     
 3.08     0.245    8.14     20       100     
 2.86     0.211    82.8     82.8     82.8    
 3.08     0.665    6.18     20       100     
 2.88     0.705    79.2     79.2     79.2    
 2.86     0.748    78.8     78.8     78.8    
 2.87     0.812    78.4     78.4     78.4    
 2.95     0.0122   79.5     79.5     79.5    
 2.95     0.00907  79.8     79.8     79.8    
 3.08     0.667    5.78     20       100     
 2.88     0.665    79.6     79.6     79.6    
 2.88     0.21     82.1     82.1     82.1    
 2.86     0.999    76.5     76.5     76.5    
 2.9      0.126    75       75       75      
 2.96     0.0237   77.8     77.8     77.8    
 3.06     0.307    8.17     20       100     
 2.9      0.00285  80.2     80.2     80.2    
 2.88     0.138    82.3     82.3     82.3    
 2.88     0.0791   81.3     81.3     81.3    
 2.96     0.0239   78.4     78.4     78.4    
 2.86     0.824    80.1     80.1     80.1    
 2.87     0.213    81.5     81.5     81.5    
 2.86     1        76.6     76.6     76.6    
 2.87     0.14     84.2     84.2     84.2    
 2.89     0.849    76.4     76.4     76.4    
 2.86     0.824    79.8     79.8     79.8    
 2.87     1.01     75       75       75      
 2.87     0.999    75       75       75      
 2.86     0.954    77.1     77.1     77.1    
 2.88     0.00234  81.5     81.5     81.5    
 3        0.013    75.3     75.3     75.3    
 2.86     0.94     77.6     77.6     77.6    
 3.05     0.357    8.17     20       100     
 2.91     0.00356  79.9     79.9     79.9    
 2.87     0.931    77       77       77      
 3.06     0.261    8.13     20       100     
 2.88     0.707    79.5     79.5     79.5    
 2.88     0.00747  80.6     80.6     80.6    
 2.87     0.981    76.1     76.1     76.1    
 2.85     0.993    79.3     79.3     79.3    
 2.86     0.939    77.7     77.7     77.7    
 2.88     0.24     79.7     79.7     79.7    
 3.06     0.358    8.16     20       100     
 2.84     0.784    81.5     81.5     81.5    
 2.86     0.946    77.4     77.4     77.4    
 3.08     0.665    5.88     20       100     
 2.9      0.395    75.8     75.8     75.8    
 3.05     0.497    8.16     20       100     
 2.96     0.0224   76.2     76.2     76.2    
 2.86     0.982    76.3     76.3     76.3    
 3.06     0.308    8.16     20       100     
 3        0.000449 82.9     82.9     82.9    
 2.87     0.981    75.4     75.4     75.4    
 2.97     0.052    75.3     75.3     75.3    
 2.88     0.212    81.9     81.9     81.9    
 2.83     0.666    84       84       84      
 2.87     0.858    78.2     78.2     78.2    
 2.88     0.0352   80.8     80.8     80.8    
 2.96     0.0219   77.8     77.8     77.8    
 2.88     0.132    82.4     82.4     82.4    
 2.84     1.03     79.9     79.9     79.9    
 2.86     0.542    84.4     84.4     84.4    
 2.86     0.822    80.1     80.1     80.1    
 2.86     0.558    82.1     82.1     82.1    
 3.06     0.262    8.13     20       100     
 3.06     0.28     8.1      20       100     
 2.86     0.824    80.1     80.1     80.1    
 2.9      0.0102   80.6     80.6     80.6    
 2.87     0.982    75.2     75.2     75.2    
 2.85     1.03     79       79       79      
 2.9      0.394    75.8     75.8     75.8    
 2.88     0.727    79.4     79.4     79.4    
 3.08     0.248    8.14     20       100     
 3.08     0.791    5.15     20       100     
 3.02     0.000152 75       75       75      
 3.08     0.769    5.66     20       100     
 2.93     0.0246   78.9     78.9     78.9    
 2.91     0.0717   76.2     76.2     76.2    
 2.89     0.708    77.5     77.5     77.5    
 2.9      0.0153   80.4     80.4     80.4    
 3.08     0.668    5.37     20       100     
 2.96     0.026    77.3     77.3     77.3    
 2.83     0.783    83.5     83.5     83.5    
 2.86     1        75.9     75.9     75.9    
 2.87     0.954    77       77       77      
 3.05     0.536    8.14     20       100     
 2.91     0.0314   77.9     77.9     77.9    
 2.88     0.142    82.3     82.3     82.3    
 2.95     0.0118   79.8     79.8     79.8    
 2.96     0.025    78       78       78      
 2.95     0.0123   79.6     79.6     79.6    
 3        0.00636  76       76       76      
 2.96     0.0218   78.4     78.4     78.4    
 2.88     0.0129   81.3     81.3     81.3    
 2.88     0.707    78.8     78.8     78.8    
 2.88     0.0155   80.6     80.6     80.6    
 2.88     0.056    82       82       82      
 2.87     0.985    76       76       76      
 2.88     0.462    80.2     80.2     80.2    
 2.89     0.382    78.5     78.5     78.5    
 2.9      0.151    77.5     77.5     77.5    
 2.86     0.999    76.5     76.5     76.5    
 2.85     0.634    82.3     82.3     82.3    
 2.97     0.0476   75.9     75.9     75.9    
 3.05     0.495    8.16     20       100     
 2.88     0.0175   80.7     80.7     80.7    
 2.86     0.947    77.4     77.4     77.4    
 2.86     0.229    82.7     82.7     82.7    
 2.9      0.394    75.8     75.8     75.8    
 2.9      0.405    76.4     76.4     76.4    
 2.87     0.991    75.4     75.4     75.4    
 2.88     0.211    81.2     81.2     81.2    
 3.05     0.537    8.13     20       100     
 2.88     0.00785  81.4     81.4     81.4    
 2.86     0.946    77.3     77.3     77.3    
 2.85     0.993    79.4     79.4     79.4    
 2.87     1.01     75       75       75      
 2.86     1        76.6     76.6     76.6    
 3.07     0.25     8.16     20       100     
 2.86     0.557    83.6     83.6     83.6    
 3.08     0.245    8.14     20       100     
 2.86     0.98     76.2     76.2     76.2    
 2.9      0.393    75.9     75.9     75.9    
 2.91     0.0185   79.9     79.9     79.9    
 2.88     0.266    81.2     81.2     81.2    
 2.87     0.981    75.4     75.4     75.4    
 3.06     0.334    8.16     20       100     
 3.05     0.354    8.17     20       100     
 2.86     0.225    82.8     82.8     82.8    
 2.88     0.016    82.3     82.3     82.3    
 2.84     1.03     80.2     80.2     80.2    
 2.86     0.983    76.2     76.2     76.2    
 3.06     0.308    8.16     20       100     
 2.87     0.752    78.5     78.5     78.5    
 2.87     0.979    75.9     75.9     75.9    
 2.97     0.0516   75.2     75.2     75.2    
 2.88     0.666    79.3     79.3     79.3    
 2.87     0.912    77.2     77.2     77.2    
 2.88     0.21     82       82       82      
 2.84     0.768    82       82       82      
 3.1      0.661    6.07     20       100     
 2.86     0.999    76.5     76.5     76.5    
 2.87     0.873    78.2     78.2     78.2    
 2.88     0.0346   80.8     80.8     80.8    
 2.88     0.00543  82.5     82.5     82.5    
 2.89     0.855    75.4     75.4     75.4    
 2.91     0.0748   76.2     76.2     76.2    
 2.96     0.0473   76       76       76      
 2.99     0.00589  76.7     76.7     76.7    
 2.96     0.0227   77.3     77.3     77.3    
 2.87     0.954    77.1     77.1     77.1    
 2.87     0.955    77       77       77      
 2.87     0.981    75.4     75.4     75.4    
 2.96     0.0215   78.3     78.3     78.3    
 2.86     0.986    78.9     78.9     78.9    
 2.84     0.771    82.2     82.2     82.2    
 2.86     0.824    80.1     80.1     80.1    
 2.85     0.978    80.1     80.1     80.1    
 2.86     1        76.7     76.7     76.7    
 2.86     0.557    82.1     82.1     82.1    
 2.86     0.95     77.8     77.8     77.8    
 2.86     0.21     82.8     82.8     82.8    
 2.86     0.98     76.4     76.4     76.4    
 2.88     0.0966   82.4     82.4     82.4    
 2.89     0.849    76.4     76.4     76.4    
 2.86     0.824    79.8     79.8     79.8    
 2.91     0.0377   77.6     77.6     77.6    
 2.88     0.108    81.2     81.2     81.2    
 2.83     0.785    83.3     83.3     83.3    
 2.91     0.0369   76.5     76.5     76.5    
 2.87     0.981    75.4     75.4     75.4    
 2.87     0.984    75.7     75.7     75.7    
 2.88     0.00584  81.3     81.3     81.3    
 2.84     0.775    81.9     81.9     81.9    
 2.9      0.15     76.6     76.6     76.6    
 2.85     0.581    83.6     83.6     83.6    
 2.85     0.634    82.2     82.2     82.2    
 2.96     0.0484   75.9     75.9     75.9    
 2.89     0.375    78.6     78.6     78.6    
 3.06     0.322    8.16     20       100     
 2.87     0.883    77.6     77.6     77.6    
 2.88     0.0808   82.5     82.5     82.5    
 3        0.000304 81.9     81.9     81.9    
 2.87     1.01     75       75       75      
 2.9      0.0219   80       80       80      
 2.96     0.0223   77.3     77.3     77.3    
 2.89     0.838    76.6     76.6     76.6    
 2.88     0.0628   81.3     81.3     81.3    
 3.05     0.506    8.15     20       100     
 2.95     0.0131   79.8     79.8     79.8    
 2.86     1.01     75.5     75.5     75.5    
 2.88     0.00264  80.7     80.7     80.7    
 2.96     0.0338   77.3     77.3     77.3    
 2.85     0.582    84.2     84.2     84.2    
 2.85     0.993    79.3     79.3     79.3    
 2.96     0.00328  79.3     79.3     79.3    
 2.86     0.999    76.7     76.7     76.7    
 2.86     0.557    83.7     83.7     83.7    
 2.88     0.0187   80.6     80.6     80.6    
 2.86     0.939    77.6     77.6     77.6    
 2.87     0.539    82.6     82.6     82.6    
 2.89     0.852    76.1     76.1     76.1    
 3.05     0.42     8.16     20       100     
 2.87     0.985    75.7     75.7     75.7    
 2.85     0.634    82.2     82.2     82.2    
 2.86     0.225    82.8     82.8     82.8    
 2.86     0.23     82.9     82.9     82.9    
 3.1      0.66     6.34     20       100     
 3.06     0.26     8.13     20       100     
 2.86     0.748    78.6     78.6     78.6    
 3.01     0.00229  77.9     77.9     77.9    
 2.87     0.954    77.1     77.1     77.1    
 2.84     0.774    81.9     81.9     81.9    
 2.84     1.03     80.1     80.1     80.1    
 2.96     0.0218   78.8     78.8     78.8    
 2.88     0.462    79.7     79.7     79.7    
 2.88     0.21     82       82       82      
 2.96     0.0215   77.8     77.8     77.8    
 2.85     0.582    82       82       82      
 2.85     0.993    79.2     79.2     79.2    
 2.99     0.011    77.1     77.1     77.1    
 2.86     0.999    76.8     76.8     76.8    
 2.86     0.947    77.4     77.4     77.4    
 2.97     0.0473   75.8     75.8     75.8    
 2.88     0.211    81.6     81.6     81.6    
 2.96     0.0242   76.9     76.9     76.9    
 3.05     0.509    8.14     20       100     
 2.85     0.993    79.5     79.5     79.5    
 2.86     0.576    81.4     81.4     81.4    
 2.87     0.981    76       76       76      
 2.91     0.0368   76.3     76.3     76.3    
 3.06     0.251    8.13     20       100     
 3.05     0.354    8.17     20       100     
 2.95     0.012    79.6     79.6     79.6    
 2.95     0.0095   79.7     79.7     79.7    
 2.96     0.0228   77.3     77.3     77.3    
 2.99     0.0145   78       78       78      
 2.88     0.00632  81.4     81.4     81.4    
 3.05     0.495    8.16     20       100     
 2.87     0.981    76       76       76      
 2.87     0.912    77.1     77.1     77.1    
 2.84     0.774    82.4     82.4     82.4    
 2.99     0.00269  76.7     76.7     76.7    
 2.86     0.999    76.5     76.5     76.5    
 3.05     0.511    8.14     20       100     
 2.9      0.394    75.8     75.8     75.8    
 2.85     0.978    80.3     80.3     80.3    
 2.91     0.0338   77.9     77.9     77.9    
 2.88     0.209    81.1     81.1     81.1    
 3.05     0.507    8.15     20       100     
 2.88     0.107    81.3     81.3     81.3    
 2.85     0.983    81       81       81      
 2.88     0.00211  82.7     82.7     82.7    
 2.86     0.555    83.7     83.7     83.7    
 2.9      0.15     76.6     76.6     76.6    
 3.05     0.358    8.16     20       100     
 2.84     0.762    83.5     83.5     83.5    
 2.88     0.704    79.9     79.9     79.9    
 3.05     0.509    8.14     20       100     
 2.88     0.582    77.9     77.9     77.9    
 2.84     1.03     81       81       81      
 2.93     0.0249   78.7     78.7     78.7    
 2.96     0.0104   79.2     79.2     79.2    
 2.88     0.218    81.1     81.1     81.1    
 2.89     0.359    78.5     78.5     78.5    
 2.86     1        75.9     75.9     75.9    
 2.88     0.208    81.2     81.2     81.2    
 2.91     0.0315   77.9     77.9     77.9    
 2.9      0.393    75.9     75.9     75.9    
 3        0.0125   75.3     75.3     75.3    
 2.88     0.462    80.2     80.2     80.2    
 2.88     0.704    79.1     79.1     79.1    
 2.86     0.746    78.7     78.7     78.7    
 2.88     0.746    78.3     78.3     78.3    
 3.05     0.509    8.14     20       100     
 2.84     0.768    82       82       82      
 2.86     0.557    83.6     83.6     83.6    
 2.86     0.974    76.3     76.3     76.3    
 2.88     0.0945   82.4     82.4     82.4    
 3.06     0.252    8.13     20       100     
 2.85     0.985    81.5     81.5     81.5    
 3.05     0.354    8.17     20       100     
 2.95     0.0127   79.5     79.5     79.5    
 2.85     0.979    79.7     79.7     79.7    
 2.87     0.985    75.6     75.6     75.6    
 3.06     0.251    8.13     20       100     
 2.86     0.543    84.4     84.4     84.4    
 3.05     0.536    8.13     20       100     
 2.86     0.985    78.9     78.9     78.9    
 2.85     0.993    79.5     79.5     79.5    
 2.97     0.0466   75.6     75.6     75.6    
 2.86     0.229    82.9     82.9     82.9    
 2.97     0.0473   75.7     75.7     75.7    
 2.88     0.0326   80.8     80.8     80.8    
 3.11     0.661    6.07     20       100     
 3.06     0.306    8.17     20       100     
 3        0.00881  76.1     76.1     76.1    
 2.9      0.404    76.4     76.4     76.4    
 3.05     0.509    8.14     20       100     
 2.85     0.974    80       80       80      
 2.84     0.727    82.6     82.6     82.6    
 3.05     0.354    8.17     20       100     
 2.84     1.03     79.3     79.3     79.3    
 2.88     0.211    81.9     81.9     81.9    
 2.9      0.127    75       75       75      
 2.86     1.01     75.7     75.7     75.7    
 3.06     0.307    8.16     20       100     
 2.85     0.595    81.8     81.8     81.8    
 2.85     0.978    79.5     79.5     79.5    
 2.85     0.987    81.5     81.5     81.5    
 2.86     0.565    80.8     80.8     80.8    
 2.86     0.999    76.7     76.7     76.7    
 3.08     0.667    5.72     20       100     
 2.85     0.992    79.5     79.5     79.5    
 3.06     0.264    8.1      20       100     
 2.85     0.993    79.5     79.5     79.5    
 3.05     0.361    8.16     20       100     
 3.08     0.662    5.9      20       100     
 2.99     0.00598  77.2     77.2     77.2    
 3.06     0.26     8.13     20       100     
 2.85     0.985    81.4     81.4     81.4    
 2.87     0.949    76.4     76.4     76.4    
 3.05     0.493    8.17     20       100     
 2.84     0.765    83       83       83      
 3.08     0.246    8.13     20       100     
 2.88     0.598    80       80       80      
 2.87     0.225    81.8     81.8     81.8    
 2.83     0.857    83.9     83.9     83.9    
 2.9      0.0461   80       80       80      
 2.84     0.774    81.8     81.8     81.8    
 2.9      0.0151   80.4     80.4     80.4    
 2.9      0.404    76.4     76.4     76.4    
 3.05     0.505    8.15     20       100     
 2.86     0.954    77.1     77.1     77.1    
 2.86     1.01     75.7     75.7     75.7    
 2.84     0.774    81.8     81.8     81.8    
 2.83     0.783    83.6     83.6     83.6    
 2.87     0.0328   83.5     83.5     83.5    
 2.91     0.031    78.1     78.1     78.1    
 2.85     0.603    81.7     81.7     81.7    
 3        0.000377 81.9     81.9     81.9    
 2.86     0.542    84.4     84.4     84.4    
 2.91     0.0365   76.5     76.5     76.5    
 2.88     0.0536   81.3     81.3     81.3    
 2.96     0.0216   78.4     78.4     78.4    
 3.05     0.522    8.15     20       100     
 2.87     0.985    76.1     76.1     76.1    
 2.87     0.912    77.2     77.2     77.2    
 2.89     0.382    78.5     78.5     78.5    
 2.97     0.0945   75       75       75      
 2.87     0.538    82.7     82.7     82.7    
 2.9      0.151    76.6     76.6     76.6    
 2.87     0.979    76.3     76.3     76.3    
 2.97     0.0481   75.8     75.8     75.8    
 2.88     0.0274   80.1     80.1     80.1    
 2.84     0.77     83.1     83.1     83.1    
 3.05     0.509    8.14     20       100     
 2.88     0.26     81.2     81.2     81.2    
 2.86     0.986    78.9     78.9     78.9    
 2.86     0.23     82.7     82.7     82.7    
 2.87     0.931    76.8     76.8     76.8    
 2.99     0.00447  77.3     77.3     77.3    
 2.85     0.993    79.4     79.4     79.4    
 2.86     1        76.6     76.6     76.6    
 3.07     0.25     8.16     20       100     
 3.08     0.245    8.14     20       100     
 2.86     0.98     76.2     76.2     76.2    
 2.9      0.393    75.9     75.9     75.9    
 2.99     0.0074   77.3     77.3     77.3    
 3.06     0.255    8.13     20       100     
 2.87     0.981    76       76       76      
 3.05     0.354    8.17     20       100     
 3.05     0.496    8.16     20       100     
 2.87     0.752    78.5     78.5     78.5    
 2.95     0.00737  79.9     79.9     79.9    
 2.86     0.543    84.5     84.5     84.5    
 2.87     0.979    76.1     76.1     76.1    
 2.85     0.994    79.6     79.6     79.6    
 2.97     0.0516   75.2     75.2     75.2    
 2.84     0.768    82       82       82      
 2.86     0.999    76.5     76.5     76.5    
 2.88     0.0332   80.8     80.8     80.8    
 2.99     0.004    76.7     76.7     76.7    
 2.96     0.0226   77.3     77.3     77.3    
 2.87     0.954    77       77       77      
 2.96     0.0216   78.3     78.3     78.3    
 2.84     0.771    82.2     82.2     82.2    
 2.86     0.999    76.5     76.5     76.5    
 2.86     0.985    78.9     78.9     78.9    
 3.06     0.251    8.13     20       100     
 2.86     0.557    82.1     82.1     82.1    
 3.05     0.362    8.18     20       100     
 2.86     0.21     83.8     83.8     83.8    
 2.87     0.999    75.3     75.3     75.3    
 2.9      0.0158   80.5     80.5     80.5    
 2.83     0.785    83.3     83.3     83.3    
 2.91     0.0352   76.7     76.7     76.7    
 2.87     0.981    75.4     75.4     75.4    
 2.84     1.03     80       80       80      
 2.85     0.582    84.1     84.1     84.1    
 2.85     0.634    82.3     82.3     82.3    
 2.88     0.00303  80.7     80.7     80.7    
 2.87     0.883    77.6     77.6     77.6    
 3.05     0.356    8.17     20       100     
 2.87     1.01     75       75       75      
 2.89     0.838    76.7     76.7     76.7    
 2.95     0.0131   79.8     79.8     79.8    
 2.88     0.00355  81.4     81.4     81.4    
 2.88     0.0026   80.7     80.7     80.7    
 2.96     0.00335  79.3     79.3     79.3    
 2.89     0.844    76.8     76.8     76.8    
 2.86     0.556    83.9     83.9     83.9    
 2.88     0.0189   80.6     80.6     80.6    
 2.87     0.54     82.6     82.6     82.6    
 2.88     0.0148   83.3     83.3     83.3    
 3.05     0.42     8.16     20       100     
 2.88     0.726    78.5     78.5     78.5    
 2.87     0.985    75.9     75.9     75.9    
 2.85     0.634    82.2     82.2     82.2    
 2.86     0.228    82.7     82.7     82.7    
 3.06     0.26     8.13     20       100     
 2.86     0.748    78.7     78.7     78.7    
 3.01     0.00225  77.9     77.9     77.9    
 2.96     0.0204   76.2     76.2     76.2    
 2.95     0.00928  79.7     79.7     79.7    
 2.84     0.774    81.8     81.8     81.8    
 2.91     0.0317   78       78       78      
 2.95     0.0159   79.1     79.1     79.1    
 2.86     0.542    84.4     84.4     84.4    
 2.88     0.462    80.2     80.2     80.2    
 2.96     0.0215   77.9     77.9     77.9    
 2.85     0.993    79.3     79.3     79.3    
 2.9      0.394    75.8     75.8     75.8    
 3.05     0.42     8.16     20       100     
 2.96     0.024    76.8     76.8     76.8    
 3.05     0.509    8.14     20       100     
 2.85     0.977    80.3     80.3     80.3    
 3.08     0.247    8.14     20       100     
 2.86     0.575    81.3     81.3     81.3    
 2.87     0.981    76       76       76      
 2.99     0.00612  77.2     77.2     77.2    
 2.87     0.981    75.4     75.4     75.4    
 2.87     0.982    75.4     75.4     75.4    
 2.91     0.0368   76.4     76.4     76.4    
 3.06     0.251    8.13     20       100     
 3.05     0.354    8.17     20       100     
 2.84     0.774    82       82       82      
 2.95     0.012    79.8     79.8     79.8    
 3.05     0.505    8.15     20       100     
 2.88     0.125    81.7     81.7     81.7    
 2.9      0.0118   80.5     80.5     80.5    
 3.04     0.629    8.2      20       100     
 2.87     0.752    78.5     78.5     78.5    
 3        0.0129   75.3     75.3     75.3    
 2.88     0.00321  81.4     81.4     81.4    
 2.87     0.912    77.2     77.2     77.2    
 2.84     0.773    82.4     82.4     82.4    
 3.08     0.761    6.06     20       100     
 2.88     0.00279  80.8     80.8     80.8    
 3.05     0.51     8.14     20       100     
 2.87     0.536    82.7     82.7     82.7    
 2.86     0.985    78.9     78.9     78.9    
 2.86     0.235    82.9     82.9     82.9    
 3.05     0.507    8.15     20       100     
 2.99     0.00395  76.8     76.8     76.8    
 2.88     0.112    81.2     81.2     81.2    
 2.88     0.0305   82.2     82.2     82.2    
 2.86     0.555    83.7     83.7     83.7    
 2.88     0.705    79.3     79.3     79.3    
 2.86     0.543    84.4     84.4     84.4    
 2.86     1        77.3     77.3     77.3    
 2.84     0.762    83.6     83.6     83.6    
 2.88     0.582    77.9     77.9     77.9    
 3.02     0.000455 75.2     75.2     75.2    
 2.96     0.0114   79.2     79.2     79.2    
 2.88     0.216    81.1     81.1     81.1    
 2.84     0.774    82       82       82      
 2.89     0.359    78.5     78.5     78.5    
 3.08     0.671    6.31     20       100     
 3.08     0.791    5.15     20       100     
 249      249      20       12.6     0       
 249      249      8.55     1.23     100     
 3.08     0.791    5.15     20       100     
 3.02     0.000152 75       75       75      
 1.86     20       166      166      166     
