1000 5
 2.84     3.43     0.963    20       0       
 2.64     3.44     0.949    20       0       
 2.64     2.77     1.91     20       0       
 2.56     2.76     2.14     20       0       
 2.59     3.28     1.1      20       0       
 2.66     3.05     1.57     22.4     0       
 2.73     3.34     1.07     20       0       
 2.61     3.36     1.09     20       0       
 2.54     1.75     2.92     20       0       
 3        2.9      1.17     24.7     0       
 2.58     3.35     1.14     20       0       
 3.04     2.84     1.17     23.8     0       
 2.58     3.39     1.07     20       0       
 2.49     3.06     1.74     23.1     0       
 3.18     2.72     1.12     23.7     0       
 2.69     3.37     1.06     20       0       
 2.84     3.26     1.1      20       0       
 3.14     2.71     1.21     22.1     0       
 3.11     2.88     1.08     23.7     0       
 2.63     3.48     0.94     20       0       
 2.44     2.52     2.45     20       0       
 2.56     3.25     1.22     20       0       
 2.27     2.87     3.99     20       0       
 3        2.79     1.17     24.8     0       
 2.34     3.31     2.48     20       0       
 2.72     3.34     1.08     20       0       
 2.51     3.43     1.3      20       0       
 2.6      3.46     0.975    20       0       
 2.43     3.01     2.11     20       0       
 2.63     3.17     1.14     20       0       
 2.77     3.04     1.48     22.9     0       
 3.19     2.75     1.1      23.4     0       
 3        2.9      1.16     24.7     0       
 2.6      3.14     1.18     20       0       
 2.51     2.72     2.21     20       0       
 2.66     3.05     1.57     22.4     0       
 2.97     2.81     1.19     25.2     0       
 3.09     2.79     1.12     24.4     0       
 3.02     2.97     1.04     25.6     0       
 2.43     3.02     2.1      20       0       
 2.29     2.9      3        20       0       
 2.7      3.06     1.55     20       0       
 3.11     2.86     1.07     23.8     0       
 2.4      3.06     2.19     20       0       
 2.82     2.79     1.58     25.6     0       
 2.49     3.07     1.74     23.1     0       
 2.94     2.87     1.38     20       0       
 2.64     3.49     0.935    20       0       
 2.4      3.33     1.96     20       0       
 2.82     2.79     1.58     25.6     0       
 2.51     3.55     1.15     20       0       
 2.59     3.42     0.999    20       0       
 2.28     2.63     3.15     20       0       
 2.47     3.42     1.42     20       0       
 2.79     2.51     1.72     20       0       
 2.53     3.52     1.06     20       0       
 2.51     3.18     1.55     20       0       
 2.88     2.96     1.42     24.9     0       
 2.44     2.72     2.31     20       0       
 2.42     3.04     2.12     20       0       
 2.56     3.39     1.08     20       0       
 2.87     2.8      1.53     20       0       
 2.79     2.88     1.61     25.5     0       
 3.19     2.86     1.12     22.6     0       
 3.09     2.85     1.04     25       0       
 3.06     2.88     1.1      24.5     0       
 3.06     2.87     1.1      24.8     0       
 3.06     2.66     1.23     23.3     0       
 3.12     2.86     1.07     23.8     0       
 2.55     2.88     2.06     20       0       
 3.37     2.4      1.47     25.2     0       
 2.97     2.83     1.25     23.7     0       
 2.44     3.18     1.69     20       0       
 2.32     3.08     2.68     20       0       
 3        2.76     1.18     25       0       
 2.61     3.35     1.07     20       0       
 2.19     2.93     4.79     20       0       
 3        2.92     1.17     24       0       
 2.63     3.38     1.07     20       0       
 3.14     3.09     1.05     23.9     0       
 3.01     3.03     1.06     25.2     0       
 2.33     2.84     2.84     20       0       
 2.46     3.26     1.59     20       0       
 2.5      2.91     2.12     20       0       
 3.19     2.77     1.15     23.2     0       
 2.43     2.84     2.3      20       0       
 2.77     3.04     1.47     22.9     0       
 2.69     3.37     1.06     20       0       
 2.83     3.43     0.982    20       0       
 2.82     2.8      1.57     25.6     0       
 2.39     3.29     2.04     20       0       
 2.94     2.81     1.38     23.6     0       
 3.03     2.9      1.11     20       0       
 2.42     3.45     1.59     20       0       
 2.88     3        1.35     20       0       
 3.09     2.56     1.26     22.8     0       
 2.27     2.77     3.17     20       0       
 2.99     2.95     1.21     24       0       
 3.03     2.87     1.18     20       0       
 3.09     2.78     1.07     24.8     0       
 2.39     3.51     1.85     20       0       
 2.33     1.64     3.1      20       0       
 2.7      3.03     1.56     22.6     0       
 2.28     2.36     4        20       0       
 2.49     3.19     1.58     20       0       
 2.81     2.87     1.66     20       0       
 2.52     3.33     1.36     20       0       
 2.64     3.41     1.02     20       0       
 2.39     3.39     1.95     20       0       
 2.46     3.24     1.61     24       0       
 3.01     2.78     1.17     24.8     0       
 2.52     3.29     1.47     20       0       
 2.46     3.05     1.85     20       0       
 3.09     2.71     1.21     23.1     0       
 2.96     2.75     1.27     24.9     0       
 2.3      2.21     3.35     20       0       
 2.77     3.04     1.48     23       0       
 3.01     3.05     1.05     25.1     0       
 3        2.79     1.18     24.8     0       
 3.01     3.03     1.05     25.2     0       
 2.42     1.88     2.82     20       0       
 3.02     2.6      1.61     20       0       
 3.12     2.88     1.08     23.6     0       
 2.29     2.55     3.41     20       0       
 2.3      3.13     2.63     20       0       
 3.09     2.85     1.06     24.2     0       
 2.45     2.85     2.15     20       0       
 2.56     3.46     0.997    20       0       
 2.49     3.28     1.56     25.5     0       
 2.83     2.98     1.43     25.1     0       
 2.5      3.12     1.62     20       0       
 3.1      2.63     1.2      23.3     0       
 2.86     3.3      1        20       0       
 2.63     3.45     0.947    20       0       
 3.07     2.84     1.07     24.8     0       
 2.38     3.29     2.03     20       0       
 2.25     2.97     3.96     20       0       
 2.4      3.2      2.01     20       0       
 2.96     2.88     1.21     24.9     0       
 2.95     2.75     1.29     24.7     0       
 3.09     2.79     1.17     21.5     0       
 2.97     2.8      1.19     25.1     0       
 2.42     2.84     2.33     20       0       
 2.77     3.04     1.46     22.9     0       
 3.42     2.19     2.11     23.9     0       
 2.44     2.88     2.18     20       0       
 3.11     2.86     1.07     23.8     0       
 2.3      2.46     3.17     20       0       
 3.06     2.85     1.14     22.6     0       
 2.52     3.06     1.71     23.1     0       
 2.49     3.47     1.25     20       0       
 2.41     3        2.13     20       0       
 2.37     2.66     2.94     20       0       
 3.01     3.01     1.04     25.2     0       
 2.94     2.91     1.29     24.5     0       
 3.14     2.73     1.2      22       0       
 2.55     3.23     1.51     20       0       
 2.84     3.42     0.982    20       0       
 2.49     3.47     1.25     20       0       
 2.99     3.05     1.09     25.2     0       
 2.55     3.42     1.1      20       0       
 3.06     2.88     1.11     24.1     0       
 2.95     2.81     1.29     24.8     0       
 3.05     2.8      1.16     23.9     0       
 3.01     2.78     1.18     24.6     0       
 2.38     3.33     1.97     20       0       
 2.58     3.44     1.02     20       0       
 3.11     2.63     1.17     23.3     0       
 2.49     2.93     2.01     20       0       
 2.31     3.14     2.62     20       0       
 3        2.9      1.15     24.7     0       
 3        2.79     1.18     24.8     0       
 2.52     3.45     1.11     20       0       
 2.46     3.22     1.6      23.9     0       
 3.02     2.57     1.3      25.5     0       
 2.92     3        1.33     24.5     0       
 3.09     2.77     1.07     24.8     0       
 2.29     3.17     2.71     20       0       
 2.56     3.25     1.24     20       0       
 2.4      3        2.14     20       0       
 2.28     2.59     3.54     20       0       
 3.04     2.81     1.18     23.9     0       
 3.11     2.84     1.08     23.8     0       
 3.19     2.76     1.13     22.7     0       
 2.44     2.78     2.27     20       0       
 2.4      3.15     2.03     20       0       
 2.99     2.9      1.18     24.7     0       
 2.37     2.92     2.45     20       0       
 2.32     1.99     3.19     20       0       
 2.64     3.09     1.61     20       0       
 2.62     3.17     1.15     20       0       
 2.31     2.77     2.96     20       0       
 2.69     3.08     1.46     23.5     0       
 2.96     2.9      1.22     24.4     0       
 2.77     2.75     1.81     20       0       
 2.47     2.65     2.24     20       0       
 2.44     2.79     2.22     20       0       
 2.49     2.54     2.3      20       0       
 2.44     2.95     2.07     20       0       
 2.55     2.96     1.94     20       0       
 2.46     3.23     1.61     23.8     0       
 2.41     2.22     2.89     20       0       
 2.42     3.05     2.11     20       0       
 2.83     2.98     1.42     25.1     0       
 2.84     2.96     1.44     24.9     0       
 2.54     2.78     2.16     20       0       
 2.49     3.4      1.33     20       0       
 2.34     3.35     2.54     20       0       
 2.42     3.05     2.12     20       0       
 3.05     2.81     1.17     23.9     0       
 3        2.91     1.16     24.7     0       
 3.11     2.86     1.08     23.8     0       
 3.03     2.95     1.03     25.4     0       
 2.48     3.63     1.22     20       0       
 2.96     3        1.27     23.3     0       
 3.12     2.88     1.09     23.3     0       
 2.59     3.2      1.27     20       0       
 2.64     3.07     1.64     20       0       
 2.48     2.59     2.34     20       0       
 2.42     3.03     2.12     20       0       
 2.86     3.32     1        20       0       
 2.93     2.65     1.69     26.1     0       
 2.32     1.61     3.31     20       0       
 2.41     3.52     1.73     20       0       
 2.55     3.25     1.22     20       0       
 2.23     2.79     4.37     20       0       
 2.53     3.4      1.21     20       0       
 3.11     2.65     1.17     23.1     0       
 3.02     3.01     1.02     25.2     0       
 3.06     2.71     1.15     24.9     0       
 3.02     2.95     1.04     25.3     0       
 2.46     3.3      1.58     20       0       
 2.3      3.14     2.62     20       0       
 3        2.78     1.18     24.8     0       
 3.12     2.88     1.08     23.5     0       
 2.29     2.32     3.58     20       0       
 2.52     3.46     1.14     20       0       
 2.96     2.88     1.21     24.9     0       
 2.3      2.29     3.55     20       0       
 2.22     3.02     4.21     20       0       
 2.81     2.82     1.6      25.6     0       
 2.53     2.09     2.44     20       0       
 2.52     3.47     1.08     20       0       
 2.6      3.46     0.982    20       0       
 2.62     3.1      1.44     20       0       
 2.93     2.78     1.42     23.1     0       
 2.61     3.08     1.64     20       0       
 2.43     3.43     1.68     20       0       
 2.47     2.95     2        20       0       
 3.05     2.8      1.23     20       0       
 2.41     2.95     2.27     20       0       
 3        2.79     1.18     24.8     0       
 2.22     2.97     4.11     20       0       
 3.04     2.79     1.25     20       0       
 3.19     2.79     1.12     22.7     0       
 2.44     2.78     2.33     20       0       
 3.11     2.85     1.1      23.8     0       
 3        2.8      1.18     24.4     0       
 2.36     2.92     2.46     20       0       
 2.23     2.96     4.08     20       0       
 3.09     2.77     1.08     24.7     0       
 2.46     3.23     1.62     20       0       
 2.84     2.96     1.45     24.9     0       
 2.4      3.4      1.89     20       0       
 2.94     2.73     1.37     23.6     0       
 2.78     2.99     1.5      24.9     0       
 2.59     3.11     1.44     20       0       
 2.82     2.79     1.6      25.6     0       
 2.56     2.76     2.14     20       0       
 2.9      3.29     0.97     20       0       
 2.97     2.84     1.21     25.2     0       
 2.4      3.06     2.2      20       0       
 2.88     2.99     1.51     20       0       
 3.01     3.05     1.05     25.1     0       
 2.49     3.46     1.29     20       0       
 2.41     2.21     2.86     20       0       
 3.03     2.95     1.13     20       0       
 3.05     2.8      1.16     23.9     0       
 3        2.75     1.21     23.7     0       
 2.3      3.07     2.87     20       0       
 2.96     2.92     1.23     24.1     0       
 2.59     3.19     1.29     20       0       
 2.43     3.45     1.58     20       0       
 2.3      3.06     2.86     20       0       
 3.04     2.82     1.2      23.6     0       
 2.41     2.23     2.91     20       0       
 2.51     2.77     2.2      20       0       
 3.11     2.86     1.07     23.8     0       
 3.09     2.86     1.05     25       0       
 3.37     2.25     1.48     25.3     0       
 3.01     3        1.05     25.2     0       
 3.02     2.96     1.05     24.8     0       
 2.52     3.06     1.72     23       0       
 2.56     3.4      1.09     20       0       
 3.05     2.8      1.19     23.4     0       
 3.01     2.79     1.18     24.6     0       
 3        2.76     1.27     23.2     0       
 2.3      2.1      3.36     20       0       
 2.99     2.9      1.19     24.7     0       
 3.01     3.05     1.15     20       0       
 2.96     2.9      1.21     24.9     0       
 2.3      2.29     3.53     20       0       
 2.3      3.13     2.64     20       0       
 2.84     2.9      1.44     24.8     0       
 2.96     2.96     1.22     24.3     0       
 2.73     3.34     1.07     20       0       
 3.09     2.79     1.12     24.4     0       
 2.38     2.89     2.42     20       0       
 3.07     2.69     1.25     23       0       
 2.56     2.78     2.14     20       0       
 3.19     2.78     1.14     23.2     0       
 2.51     3.33     1.37     20       0       
 2.25     3.09     3.74     20       0       
 3.01     3.06     1.06     24.8     0       
 2.29     1.62     3.76     20       0       
 2.81     2.8      1.62     25.6     0       
 2.44     3.07     2.05     20       0       
 2.27     2.87     4.02     20       0       
 2.53     3.45     1.11     20       0       
 2.96     2.92     1.27     23.4     0       
 2.81     2.83     1.6      25.6     0       
 2.94     2.74     1.39     23       0       
 2.56     3.47     1.01     20       0       
 2.3      2.11     3.36     20       0       
 2.36     2.91     2.46     20       0       
 3        3.02     1.09     24.6     0       
 2.96     2.88     1.21     24.9     0       
 2.72     3.34     1.07     20       0       
 2.99     2.9      1.16     24.7     0       
 2.94     3.25     1.05     20       0       
 2.46     3.24     1.6      24       0       
 2.46     3.07     1.85     20       0       
 2.29     2.55     3.43     20       0       
 3.02     2.53     1.34     25.4     0       
 2.94     2.84     1.38     20       0       
 3.1      2.78     1.09     24.5     0       
 2.93     2.53     1.65     26.1     0       
 3.03     2.93     1.06     23.8     0       
 2.52     3.49     1.13     20       0       
 2.41     2.96     2.26     20       0       
 2.95     2.8      1.3      24.7     0       
 2.27     3.09     2.99     20       0       
 2.53     1.77     2.48     20       0       
 2.51     3.44     1.32     20       0       
 2.36     2.92     2.45     20       0       
 3.09     2.87     1.07     24.2     0       
 2.53     3.26     1.26     20       0       
 3.03     2.95     1.03     25.1     0       
 3.19     2.75     1.1      23.3     0       
 2.47     3.43     1.43     20       0       
 2.61     3.08     1.65     20       0       
 2.96     2.72     1.26     24.9     0       
 3        2.79     1.17     24.8     0       
 2.53     3.41     1.18     20       0       
 2.41     2.23     2.84     20       0       
 3.09     2.8      1.12     24.5     0       
 2.96     2.72     1.32     24.8     0       
 2.32     2.93     2.81     20       0       
 3.07     2.69     1.25     22.9     0       
 2.44     3.07     2.06     20       0       
 2.97     2.91     1.27     20       0       
 2.99     2.8      1.2      24.6     0       
 2.91     2.98     1.34     20       0       
 2.84     2.96     1.44     24.7     0       
 3.11     2.86     1.08     23.8     0       
 2.32     2.68     3.02     20       0       
 2.25     2.97     3.93     20       0       
 2.53     3.25     1.24     20       0       
 3.09     2.78     1.08     24.7     0       
 2.61     3.4      1.06     20       0       
 2.53     3.26     1.23     20       0       
 2.94     2.74     1.39     23.1     0       
 2.82     2.79     1.6      25.6     0       
 3.06     2.83     1.23     21.6     0       
 2.59     3.19     1.29     20       0       
 2.97     2.85     1.19     25       0       
 2.4      3.11     2.01     20       0       
 2.43     3.07     2.05     20       0       
 2.29     2.55     3.44     20       0       
 2.46     3.23     1.61     23.8     0       
 3.09     2.75     1.12     23.9     0       
 2.94     2.9      1.39     20       0       
 2.79     2.86     1.61     25.5     0       
 3.06     2.86     1.09     24.5     0       
 3.01     3.02     1.05     25.2     0       
 3.1      2.64     1.19     23.2     0       
 3.06     2.89     1.09     24.4     0       
 2.92     2.8      1.34     24.2     0       
 3.09     2.81     1.17     21.5     0       
 2.52     3.06     1.72     23.1     0       
 3.05     2.8      1.15     23.9     0       
 2.96     2.9      1.21     24.4     0       
 2.42     3.05     2.12     20       0       
 2.64     3.07     1.64     20       0       
 2.74     3.05     1.5      22.7     0       
 2.55     3.25     1.22     20       0       
 2.83     3.02     1.52     20       0       
 3.04     2.79     1.25     20       0       
 3.36     2.27     1.48     25.3     0       
 3        2.77     1.29     20       0       
 2.96     2.9      1.21     24.9     0       
 2.36     2.91     2.45     20       0       
 3        2.9      1.17     24.7     0       
 2.66     3.05     1.57     22.4     0       
 2.53     3.52     1.07     20       0       
 3.01     3.03     1.06     25.2     0       
 3.12     2.62     1.18     23.2     0       
 2.96     2.91     1.23     23.8     0       
 2.96     3.02     1.28     20       0       
 2.48     2.6      2.35     20       0       
 2.99     2.82     1.19     24.7     0       
 3.06     2.73     1.15     24.9     0       
 2.81     2.83     1.61     25.4     0       
 2.9      3.29     0.976    20       0       
 2.88     2.99     1.52     20       0       
 3.08     2.81     1.2      20       0       
 3.11     2.87     1.08     23.8     0       
 2.52     3.08     1.72     20       0       
 2.53     3.45     1.11     20       0       
 2.94     2.76     1.42     20       0       
 3.21     2.75     1.13     23       0       
 2.96     2.72     1.32     24.8     0       
 3.01     3.03     1.06     25.2     0       
 2.64     2.76     1.9      20       0       
 2.58     3.36     1.15     20       0       
 2.69     3.37     1.06     20       0       
 2.27     2.87     3.98     20       0       
 2.34     3.31     2.5      20       0       
 3.02     2.97     1.04     25.6     0       
 2.88     2.96     1.41     24.9     0       
 3        2.78     1.17     24.8     0       
 2.97     2.81     1.19     25.1     0       
 2.46     3.22     1.6      23.9     0       
 2.98     2.97     1.19     24.7     0       
 2.32     1.95     3.2      20       0       
 2.4      2.95     2.28     20       0       
 2.23     2.96     4.08     20       0       
 2.4      3.4      1.91     20       0       
 2.95     2.81     1.3      24.7     0       
 3.01     3.05     1.06     25.1     0       
 2.43     3.45     1.58     20       0       
 2.51     2.77     2.19     20       0       
 2.3      2.3      3.52     20       0       
 3.02     2.56     1.39     25.4     0       
 2.93     2.52     1.63     26.1     0       
 3.05     2.82     1.19     23.3     0       
 3.09     2.8      1.12     24.4     0       
 2.61     3.39     1.05     20       0       
 2.56     3.25     1.24     20       0       
 2.41     3.42     1.84     20       0       
 2.19     2.94     4.8      20       0       
 2.77     3.04     1.47     22.9     0       
 3.01     3.01     1.05     25.2     0       
 2.64     3.07     1.64     20       0       
 3.11     2.65     1.18     23.1     0       
 2.48     3.63     1.25     20       0       
 2.78     2.99     1.51     24.9     0       
 3        2.82     1.22     23.5     0       
 2.43     3.45     1.59     20       0       
 3.02     2.96     1.06     24.6     0       
 2.4      3.24     2        20       0       
 3.07     2.7      1.27     22.5     0       
 3.11     2.88     1.08     23.7     0       
 2.45     3.36     1.62     20       0       
 2.43     3.01     2.12     20       0       
 2.44     3.18     1.69     20       0       
 2.19     2.93     4.82     20       0       
 3.09     2.78     1.07     24.8     0       
 3.06     2.88     1.11     24.2     0       
 2.44     2.88     2.18     20       0       
 2.52     3.06     1.72     23       0       
 3.01     2.78     1.17     24.6     0       
 2.44     3.06     2.04     20       0       
 2.58     3.44     1.02     20       0       
 3.11     2.61     1.17     23.3     0       
 3        2.9      1.15     24.7     0       
 2.66     3.05     1.57     20       0       
 3        2.79     1.18     24.8     0       
 3.02     2.55     1.32     25.5     0       
 2.92     3        1.33     24.4     0       
 2.47     2.66     2.25     20       0       
 2.48     2.61     2.34     20       0       
 2.41     3.52     1.73     20       0       
 2.81     2.82     1.6      25.6     0       
 3.05     2.8      1.24     20       0       
 3        2.79     1.18     24.7     0       
 2.43     3.45     1.58     20       0       
 3.04     2.82     1.2      23.6     0       
 2.51     3.44     1.32     20       0       
 2.53     3.27     1.27     20       0       
 3.03     2.95     1.03     25.1     0       
 2.31     1.68     3.58     20       0       
 3.09     2.8      1.11     24.4     0       
 2.32     2.93     2.82     20       0       
 2.46     3.23     1.61     23.8     0       
 2.52     3.06     1.72     23.1     0       
 2.56     2.77     2.15     20       0       
 3.18     2.72     1.12     23.7     0       
 3.14     2.72     1.21     22.1     0       
 2.63     3.48     0.937    20       0       
 3.09     2.79     1.12     24.5     0       
 2.29     2.91     2.99     20       0       
 3.11     2.86     1.08     23.8     0       
 2.4      3.06     2.19     20       0       
 2.56     3.39     1.08     20       0       
 3.09     2.85     1.04     25       0       
 3.02     2.6      1.61     20       0       
 2.96     2.88     1.22     24.9     0       
 2.52     3.06     1.71     23.1     0       
 2.94     2.91     1.29     24.3     0       
 3.06     2.88     1.11     24.1     0       
 3.21     2.16     2.34     20       0       
 2.95     2.81     1.29     24.8     0       
 3.05     2.8      1.16     23.9     0       
 2.38     3.33     1.99     20       0       
 2.58     3.44     1.02     20       0       
 3.11     2.62     1.17     23.3     0       
 2.49     2.93     2.01     20       0       
 3        2.9      1.16     24.7     0       
 2.66     3.05     1.57     20       0       
 3        2.8      1.18     24.7     0       
 2.52     3.45     1.12     20       0       
 2.46     3.22     1.6      23.9     0       
 3.02     2.57     1.31     25.5     0       
 2.92     3        1.33     24.5     0       
 3.09     2.77     1.08     24.8     0       
 2.29     3.17     2.71     20       0       
 2.56     3.25     1.23     20       0       
 2.28     2.59     3.56     20       0       
 3.04     2.81     1.18     23.9     0       
 3.19     2.76     1.14     22.7     0       
 2.4      3.15     2.04     20       0       
 2.99     2.9      1.18     24.7     0       
 2.32     1.99     3.19     20       0       
 2.64     3.09     1.61     20       0       
 2.62     3.17     1.15     20       0       
 2.69     3.08     1.47     23.5     0       
 2.96     2.9      1.21     24.4     0       
 2.77     2.75     1.81     20       0       
 2.47     2.66     2.25     20       0       
 2.49     2.55     2.31     20       0       
 2.44     2.95     2.07     20       0       
 2.49     2.94     2.01     20       0       
 2.46     3.24     1.61     23.8     0       
 2.83     2.99     1.43     25       0       
 2.84     2.96     1.44     24.9     0       
 2.54     2.78     2.17     20       0       
 2.34     3.35     2.54     20       0       
 3.05     2.8      1.17     23.9     0       
 3        2.91     1.16     24.6     0       
 3.11     2.86     1.07     23.8     0       
 3.03     2.95     1.03     25.4     0       
 2.96     3        1.27     23.3     0       
 3.12     2.88     1.1      23.3     0       
 2.59     3.2      1.27     20       0       
 2.48     2.59     2.35     20       0       
 2.86     3.32     1.01     20       0       
 2.93     2.65     1.68     26.1     0       
 2.32     1.64     3.31     20       0       
 2.23     2.8      4.38     20       0       
 2.53     3.4      1.21     20       0       
 3.11     2.66     1.19     22.9     0       
 3.02     3.01     1.02     25.2     0       
 3.06     2.71     1.15     24.9     0       
 3.02     2.95     1.04     25.3     0       
 2.3      3.14     2.63     20       0       
 3        2.78     1.18     24.8     0       
 3.12     2.88     1.09     23.5     0       
 2.52     3.46     1.14     20       0       
 2.83     3.02     1.52     20       0       
 2.96     2.89     1.22     24.7     0       
 2.3      2.3      3.55     20       0       
 2.22     3.02     4.2      20       0       
 2.48     3.63     1.24     20       0       
 2.81     2.82     1.6      25.6     0       
 2.96     2.97     1.22     24.3     0       
 2.52     3.47     1.08     20       0       
 2.6      3.46     0.982    20       0       
 2.93     2.79     1.41     23.1     0       
 2.61     3.08     1.64     20       0       
 2.47     2.95     2.01     20       0       
 2.41     2.94     2.27     20       0       
 3        2.79     1.19     24.8     0       
 3.19     2.79     1.13     22.7     0       
 2.43     2.78     2.33     20       0       
 3.2      2.37     2.38     20       0       
 3        2.8      1.19     24.3     0       
 2.36     2.92     2.46     20       0       
 2.23     2.97     4.09     20       0       
 3.09     2.78     1.09     24.7     0       
 2.84     2.96     1.45     24.9     0       
 2.4      3.4      1.9      20       0       
 2.94     2.73     1.38     23.5     0       
 2.59     3.1      1.44     20       0       
 2.56     2.76     2.14     20       0       
 2.9      3.29     0.974    20       0       
 2.97     2.84     1.21     25.2     0       
 3.02     2.97     1.04     25.7     0       
 2.4      3.06     2.2      20       0       
 2.95     2.8      1.3      24.7     0       
 3.01     3.05     1.05     25.1     0       
 2.49     3.46     1.3      20       0       
 2.41     2.23     2.83     20       0       
 3.03     2.95     1.13     20       0       
 3        2.75     1.2      23.7     0       
 2.3      3.07     2.88     20       0       
 2.96     2.92     1.23     24.1     0       
 2.59     3.19     1.29     20       0       
 2.3      3.06     2.86     20       0       
 3.04     2.82     1.21     23.6     0       
 3.11     2.86     1.08     23.8     0       
 3.01     3        1.05     25.2     0       
 3.02     2.96     1.07     24.7     0       
 2.52     3.06     1.73     23       0       
 3.05     2.8      1.18     23.4     0       
 3.01     2.79     1.18     24.6     0       
 3        2.76     1.26     23.2     0       
 2.3      2.11     3.38     20       0       
 2.99     2.9      1.19     24.7     0       
 3.01     3.05     1.15     20       0       
 2.3      2.3      3.52     20       0       
 2.3      3.13     2.65     20       0       
 2.84     2.9      1.44     24.8     0       
 2.96     2.96     1.22     24.3     0       
 2.73     3.34     1.06     20       0       
 3.07     2.69     1.25     22.9     0       
 2.56     2.78     2.13     20       0       
 3.19     2.78     1.15     23.2     0       
 2.51     3.34     1.36     20       0       
 2.25     3.09     3.74     20       0       
 3.01     3.06     1.06     24.8     0       
 2.29     1.63     3.76     20       0       
 2.81     2.79     1.6      25.6     0       
 2.53     3.45     1.11     20       0       
 2.96     2.92     1.26     23.4     0       
 2.56     3.47     1.01     20       0       
 2.36     2.91     2.46     20       0       
 3        3.02     1.08     24.6     0       
 2.96     2.88     1.21     24.8     0       
 2.72     3.34     1.08     20       0       
 2.94     3.25     1.05     20       0       
 2.28     2.69     3.2      20       0       
 2.46     3.24     1.61     24       0       
 2.46     3.07     1.85     20       0       
 2.29     2.56     3.42     20       0       
 2.49     2.93     2.02     20       0       
 3.02     2.54     1.35     25.3     0       
 3.1      2.79     1.1      24.5     0       
 3.03     2.93     1.06     23.8     0       
 2.52     3.49     1.14     20       0       
 2.95     2.8      1.3      24.7     0       
 2.27     3.1      2.99     20       0       
 2.53     1.78     2.48     20       0       
 2.51     3.44     1.31     20       0       
 2.36     2.92     2.45     20       0       
 3.09     2.87     1.07     24.2     0       
 2.53     3.26     1.26     20       0       
 2.98     3.01     1.11     25.1     0       
 3.19     2.75     1.11     23.3     0       
 2.47     3.43     1.43     20       0       
 2.96     2.72     1.26     24.9     0       
 3        2.78     1.18     24.8     0       
 2.31     1.66     3.58     20       0       
 2.53     3.41     1.18     20       0       
 3.09     2.8      1.12     24.5     0       
 2.96     2.72     1.32     24.8     0       
 3.07     2.69     1.25     22.9     0       
 2.93     2.96     1.33     20       0       
 2.91     2.98     1.34     20       0       
 2.84     2.96     1.46     24.7     0       
 3.11     2.86     1.08     23.8     0       
 2.25     2.97     3.93     20       0       
 3.09     2.78     1.08     24.7     0       
 2.61     3.4      1.06     20       0       
 2.53     3.26     1.24     20       0       
 2.94     2.74     1.4      23       0       
 2.82     2.78     1.6      25.6     0       
 2.59     3.19     1.29     20       0       
 2.4      3.11     2.01     20       0       
 2.29     2.56     3.42     20       0       
 3.09     2.76     1.14     23.9     0       
 2.93     2.91     1.4      20       0       
 2.79     2.86     1.61     25.5     0       
 3.06     2.86     1.09     24.5     0       
 3.01     3.03     1.06     25.2     0       
 3.1      2.64     1.19     23.2     0       
 3.06     2.89     1.09     24.4     0       
 2.92     2.8      1.34     24.2     0       
 2.95     2.77     1.3      24.5     0       
 3.05     2.8      1.16     23.9     0       
 2.96     2.9      1.21     24.4     0       
 2.42     3.04     2.11     20       0       
 2.64     3.07     1.64     20       0       
 2.99     2.81     1.2      24.6     0       
 2.74     3.05     1.52     20       0       
 2.55     3.25     1.23     20       0       
 2.96     2.9      1.22     24.9     0       
 2.44     2.95     2.08     20       0       
 2.44     2.95     2.07     20       0       
 2.56     2.76     2.14     20       0       
 2.59     3.28     1.1      20       0       
 2.66     3.05     1.58     22.4     0       
 2.73     3.34     1.07     20       0       
 2.61     3.36     1.08     20       0       
 2.54     1.75     2.92     20       0       
 3        2.9      1.18     24.6     0       
 3.04     2.84     1.18     23.8     0       
 2.58     3.39     1.07     20       0       
 2.49     3.06     1.74     23.1     0       
 3.18     2.72     1.12     23.7     0       
 2.69     3.37     1.06     20       0       
 2.84     3.26     1.11     20       0       
 3.14     2.71     1.21     22       0       
 3.11     2.88     1.09     23.7     0       
 2.63     3.48     0.94     20       0       
 2.44     2.52     2.44     20       0       
 2.27     2.87     4.01     20       0       
 3        2.79     1.18     24.8     0       
 2.34     3.31     2.48     20       0       
 2.72     3.34     1.08     20       0       
 2.51     3.43     1.3      20       0       
 2.6      3.46     0.979    20       0       
 2.77     3.04     1.48     22.9     0       
 3.19     2.75     1.11     23.4     0       
 2.6      3.14     1.18     20       0       
 2.51     2.72     2.21     20       0       
 2.66     3.05     1.57     22.4     0       
 3.09     2.79     1.12     24.4     0       
 3.02     2.97     1.03     25.6     0       
 2.29     2.9      3        20       0       
 2.7      3.06     1.56     20       0       
 3.11     2.86     1.08     23.7     0       
 2.82     2.79     1.57     25.6     0       
 2.49     3.07     1.74     23.1     0       
 2.94     2.87     1.39     20       0       
 2.4      3.33     1.96     20       0       
 2.82     2.8      1.59     25.6     0       
 2.59     3.42     0.999    20       0       
 2.28     2.63     3.14     20       0       
 2.47     3.42     1.41     20       0       
 2.79     2.52     1.73     20       0       
 2.87     2.98     1.43     24.8     0       
 2.56     3.39     1.08     20       0       
 2.87     2.8      1.53     20       0       
 2.79     2.88     1.61     25.5     0       
 3.19     2.86     1.12     22.6     0       
 3.06     2.88     1.1      24.5     0       
 3.06     2.87     1.1      24.7     0       
 3.06     2.66     1.24     23.3     0       
 3.12     2.86     1.07     23.7     0       
 2.55     2.88     2.07     20       0       
 3.37     2.4      1.47     25.2     0       
 2.97     2.83     1.26     23.7     0       
 2.44     3.18     1.69     20       0       
 2.32     3.08     2.68     20       0       
 3        2.76     1.18     25       0       
 2.61     3.35     1.07     20       0       
 3.14     3.09     1.05     23.9     0       
 3.01     3.03     1.06     25.2     0       
 2.33     2.84     2.83     20       0       
 2.46     3.26     1.6      20       0       
 2.5      2.91     2.13     20       0       
 3.19     2.78     1.15     23.2     0       
 2.83     3.43     0.981    20       0       
 2.82     2.8      1.58     25.6     0       
 2.94     2.81     1.39     23.5     0       
 2.42     3.45     1.6      20       0       
 2.88     3        1.35     20       0       
 3.09     2.56     1.26     22.8     0       
 2.27     2.77     3.17     20       0       
 2.99     2.95     1.22     24       0       
 3.03     2.87     1.19     20       0       
 3.09     2.78     1.07     24.8     0       
 2.39     3.51     1.85     20       0       
 2.7      3.03     1.56     20       0       
 2.28     2.36     3.99     20       0       
 2.49     3.19     1.58     20       0       
 2.52     3.33     1.36     20       0       
 2.64     3.41     1.02     20       0       
 2.39     3.39     1.95     20       0       
 2.47     3.03     1.81     20       0       
 2.46     3.24     1.61     24       0       
 3.01     2.78     1.17     24.8     0       
 2.52     3.3      1.49     20       0       
 2.46     3.05     1.84     20       0       
 3.09     2.71     1.21     23.1     0       
 2.96     2.75     1.27     24.8     0       
 2.3      2.22     3.36     20       0       
 2.77     3.04     1.51     23       0       
 3.01     3.05     1.05     25.1     0       
 2.99     2.81     1.19     24.7     0       
 3.01     3.03     1.06     25.2     0       
 2.42     1.88     2.8      20       0       
 3.02     2.6      1.62     20       0       
 2.29     2.55     3.41     20       0       
 2.3      3.13     2.64     20       0       
 3.09     2.85     1.06     24.2     0       
 2.56     3.46     1        20       0       
 2.49     3.28     1.56     25.5     0       
 2.83     2.98     1.43     25.1     0       
 2.5      3.12     1.62     20       0       
 3.1      2.63     1.18     23.3     0       
 2.86     3.3      1        20       0       
 2.63     3.45     0.951    20       0       
 2.38     3.29     2.02     20       0       
 2.25     2.97     3.96     20       0       
 2.4      3.19     2.01     20       0       
 2.96     2.88     1.21     24.9     0       
 2.95     2.76     1.29     24.6     0       
 3.09     2.79     1.18     21.5     0       
 2.97     2.8      1.18     25.1     0       
 3.42     2.2      2.11     23.9     0       
 2.44     2.88     2.18     20       0       
 3.11     2.86     1.07     23.7     0       
 2.3      2.46     3.17     20       0       
 3.06     2.85     1.14     22.6     0       
 2.52     3.06     1.71     23       0       
 2.55     3.38     1.19     20       0       
 2.41     3        2.13     20       0       
 3.01     3.01     1.04     25.2     0       
 2.94     2.91     1.29     24.4     0       
 3.14     2.73     1.2      22       0       
 3.12     2.85     1.07     23.6     0       
 2.55     3.23     1.51     20       0       
 2.43     3.02     2.12     20       0       
 2.99     3.05     1.09     25.2     0       
 3.06     2.88     1.11     24       0       
 2.94     2.75     1.29     25       0       
 3.05     2.8      1.16     23.9     0       
 3.01     2.78     1.17     24.6     0       
 3        2.9      1.16     24.6     0       
 2.46     3.22     1.6      23.8     0       
 3.02     2.56     1.31     25.5     0       
 2.92     3        1.33     24.5     0       
 3.09     2.77     1.08     24.8     0       
 3.04     2.81     1.19     23.8     0       
 3.11     2.84     1.08     23.8     0       
 2.44     2.78     2.27     20       0       
 2.99     2.89     1.17     24.7     0       
 2.32     1.99     3.19     20       0       
 2.69     3.08     1.47     23.5     0       
 2.96     2.9      1.21     24.4     0       
 2.77     2.75     1.81     20       0       
 2.47     2.65     2.24     20       0       
 2.44     2.79     2.22     20       0       
 2.49     2.53     2.3      20       0       
 2.44     2.95     2.07     20       0       
 2.46     3.24     1.61     23.8     0       
 2.41     2.22     2.89     20       0       
 3.04     2.85     1.18     23.7     0       
 2.83     2.98     1.43     25.1     0       
 2.84     2.95     1.44     24.9     0       
 2.49     3.4      1.34     20       0       
 2.34     3.35     2.54     20       0       
 2.42     3.05     2.12     20       0       
 3.05     2.81     1.17     23.9     0       
 3        2.92     1.16     24.6     0       
 3.11     2.86     1.08     23.8     0       
 3.03     2.95     1.03     25.3     0       
 2.48     3.63     1.23     20       0       
 2.96     3        1.28     23.3     0       
 3.12     2.88     1.1      23.3     0       
 2.59     3.2      1.27     20       0       
 2.42     3.03     2.12     20       0       
 2.99     2.81     1.19     24.8     0       
 2.86     3.32     1        20       0       
 2.32     1.57     3.31     20       0       
 2.74     3.05     1.5      22.7     0       
 3.11     2.65     1.19     23       0       
 3.02     3.01     1.03     25.2     0       
 3.06     2.71     1.15     24.9     0       
 3.02     2.95     1.04     25.3     0       
 3        2.78     1.18     24.8     0       
 3.12     2.88     1.09     23.5     0       
 2.29     2.32     3.58     20       0       
 2.52     3.46     1.14     20       0       
 2.96     2.88     1.21     24.9     0       
 2.22     3.02     4.21     20       0       
 2.48     3.63     1.24     20       0       
 2.52     3.48     1.09     20       0       
 2.6      3.46     0.983    20       0       
 2.93     2.78     1.41     23.1     0       
 2.47     2.95     2        20       0       
 3.05     2.8      1.23     20       0       
 2.22     2.97     4.11     20       0       
 3.19     2.79     1.12     22.6     0       
 3        2.8      1.18     24.4     0       
 2.36     2.92     2.46     20       0       
 2.23     2.96     4.09     20       0       
 3.09     2.77     1.08     24.7     0       
 2.46     3.23     1.62     20       0       
 2.81     2.89     1.59     23.9     0       
 2.4      3.4      1.89     20       0       
 2.94     2.73     1.38     23.5     0       
 2.78     3        1.5      24.9     0       
 2.59     3.11     1.43     20       0       
 2.56     2.76     2.14     20       0       
 2.97     2.84     1.21     25.2     0       
 2.88     2.99     1.51     20       0       
 2.96     2.81     1.28     24.6     0       
 3.01     3.05     1.05     25.1     0       
 2.49     3.46     1.3      20       0       
 2.41     2.22     2.83     20       0       
 3.03     2.95     1.13     20       0       
 3.05     2.8      1.16     23.9     0       
 3        2.75     1.21     23.7     0       
 2.96     2.92     1.23     24.1     0       
 3.04     2.82     1.21     23.6     0       
 2.41     2.23     2.89     20       0       
 3.11     2.86     1.07     23.8     0       
 3.09     2.86     1.04     25       0       
 3.37     2.25     1.48     25.3     0       
 3.01     3        1.06     25.2     0       
 3.02     2.96     1.06     24.7     0       
 2.52     3.06     1.72     23       0       
 2.56     3.4      1.09     20       0       
 3.05     2.8      1.18     23.4     0       
 3.01     2.79     1.18     24.6     0       
 3        2.76     1.26     23.1     0       
 2.99     2.9      1.19     24.7     0       
 3.01     3.05     1.15     20       0       
 2.96     2.9      1.21     24.9     0       
 2.73     3.34     1.07     20       0       
 3.09     2.79     1.12     24.4     0       
 2.38     2.89     2.41     20       0       
 3.07     2.69     1.25     23       0       
 3.19     2.78     1.14     23.2     0       
 2.51     3.34     1.37     20       0       
 2.25     3.09     3.73     20       0       
 3.01     3.06     1.07     24.8     0       
 2.29     1.62     3.79     20       0       
 2.81     2.8      1.62     25.6     0       
 2.96     2.92     1.27     23.4     0       
 2.81     2.83     1.6      25.6     0       
 2.94     2.75     1.41     23       0       
 2.56     3.47     1.01     20       0       
 2.36     2.91     2.45     20       0       
 3        3.01     1.08     24.6     0       
 2.96     2.88     1.21     24.9     0       
 2.72     3.34     1.08     20       0       
 2.99     2.9      1.16     24.7     0       
 2.94     3.25     1.05     20       0       
 2.46     3.24     1.61     24       0       
 2.46     3.07     1.85     20       0       
 2.29     2.55     3.42     20       0       
 2.94     2.84     1.4      20       0       
 3.1      2.78     1.09     24.5     0       
 2.93     2.56     1.67     26.1     0       
 3.03     2.93     1.07     23.7     0       
 2.52     3.49     1.14     20       0       
 2.41     2.95     2.27     20       0       
 2.95     2.8      1.3      24.7     0       
 2.53     1.83     2.47     20       0       
 2.51     3.44     1.32     20       0       
 2.65     3.04     1.58     20       0       
 3.09     2.87     1.07     24.2     0       
 3.03     2.95     1.03     25.1     0       
 3.19     2.75     1.11     23.3     0       
 2.47     3.43     1.43     20       0       
 2.61     3.08     1.64     20       0       
 2.96     2.72     1.27     24.9     0       
 3        2.79     1.18     24.6     0       
 2.53     3.41     1.19     20       0       
 3.09     2.8      1.12     24.5     0       
 2.96     2.72     1.32     24.8     0       
 3.07     2.7      1.25     22.9     0       
 2.97     2.91     1.27     20       0       
 2.99     2.8      1.2      24.6     0       
 2.84     2.96     1.45     24.7     0       
 3.11     2.87     1.08     23.8     0       
 2.32     2.68     3.02     20       0       
 2.25     2.97     3.93     20       0       
 2.61     3.4      1.06     20       0       
 2.53     3.26     1.23     20       0       
 2.94     2.74     1.39     23       0       
 2.82     2.8      1.6      25.6     0       
 3.06     2.83     1.23     21.6     0       
 2.59     3.19     1.29     20       0       
 2.97     2.85     1.2      25       0       
 2.4      3.11     2.02     20       0       
 2.43     3.07     2.06     20       0       
 2.29     2.55     3.45     20       0       
 2.46     3.23     1.61     23.7     0       
 3.09     2.75     1.12     23.9     0       
 2.94     2.9      1.39     20       0       
 3.06     2.86     1.08     24.5     0       
 3.01     3.02     1.05     25.2     0       
 3.1      2.64     1.19     23.2     0       
 2.92     2.8      1.33     24.2     0       
 2.95     2.76     1.3      24.6     0       
 3.09     2.81     1.18     21.5     0       
 2.52     3.06     1.72     23.1     0       
 3.05     2.8      1.15     23.9     0       
 2.96     2.9      1.22     24.4     0       
 2.36     1.11     3.13     20       0       
 2.44     2.95     2.08     20       0       
 75       75       10.8     0.139    0       
 157      157      0.878    25.1     0       
 4.3      0.0284   75       75       75      
 0.000478 3.39     90.8     90.8     90.8    
