base_seed=5678 

 parameters for this run were: 
NaTa_t.soma.gNaTa_tbar 
Nap_Et2.soma.gNap_Et2bar 
K_Pst.soma.gK_Pstbar 
K_Tst.soma.gK_Tstbar 
SK_E2.soma.gSK_E2bar 
SKv3_1.soma.gSKv3_1bar 
Ca_HVA.soma.gCa_HVAbar 
Ca_LVAst.soma.gCa_LVAstbar 
CaDynamics_E2.soma.gamma 
CaDynamics_E2.soma.decay 
NaTa_t.axon.gNaTa_tbar 
Nap_Et2.axon.gNap_Et2bar 
K_Pst.axon.gK_Pstbar 
K_Tst.axon.gK_Tstbar 
SK_E2.axon.gSK_E2bar 
SKv3_1.axon.gSKv3_1bar 
Ca_HVA.axon.gCa_HVAbar 
Ca_LVAst.axon.gCa_LVAstbar 
CaDynamics_E2.axon.gamma 
CaDynamics_E2.axon.decay 
none.soma.g_pas 
none.axon.g_pas 
none.dend.g_pas 
none.apic.g_pas 
Im.apic.gImbar 
NaTa_t.apic.gNaTa_tbar 
SKv3_1.apic.gSKv3_1bar 
Ca_HVA.apic.gCa_HVAbar 
Ca_LVAst.apic.gCa_LVAstbar 
SK_E2.apic.gSK_E2bar 
CaDynamics_E2.apic.gamma 
CaDynamics_E2.apic.decay 

 at generation 498 error matrix was: 
1000 5
 1.73     6.3      4.38     20       100     
 2.77     1.78     4.38     20       100     
 0.072    2.17     10.8     17.7     100     
 2.4      1.71     5.7      17.9     100     
 0.0312   0.00151  76       76       76      
 2.78     1.73     4.4      20       100     
 2.77     1.81     6.32     16.9     100     
 1.82     3        4.64     17.9     100     
 0.183    2.23     10.8     16.6     100     
 0.237    2.33     10.7     16.7     100     
 0.197    1.69     10.7     20       100     
 1.83     3.02     4.42     17.9     100     
 0.799    2.13     10.1     14.2     100     
 0.519    2.44     10.4     17       100     
 0.386    1.97     10.5     20       100     
 0.179    2.2      10.8     16.6     100     
 0.0398   2.33     10.7     20       100     
 0.404    2.3      10.6     16.9     100     
 0.513    1.96     10.4     20       100     
 0.247    1.55     10.6     20       100     
 0.67     1.34     10.4     7.91     100     
 0.0238   2.37     10.9     16.6     100     
 0.366    2.34     10.6     16.6     100     
 0.0239   2.32     10.8     17.7     100     
 0.388    2.39     10.6     16.4     100     
 1.82     2.98     4.94     18.1     100     
 0.0163   1.71     10.9     18       100     
 0.636    1.71     10.4     11.1     100     
 0.2      2.09     10.8     17       100     
 0.817    1.71     10.1     12       100     
 0.0657   2.33     10.7     17.5     100     
 0.88     2.14     9.97     14.6     100     
 0.0134   2.28     10.8     20       100     
 0.14     2.36     10.8     16.7     100     
 0.684    1.28     10.3     20       100     
 0.365    2.31     10.6     16.7     100     
 0.348    2.09     10.5     20       100     
 0.569    1.61     10.5     9.07     100     
 1.81     2.99     4.73     18.1     100     
 0.633    1.72     10.4     11.1     100     
 1.82     3        4.68     18       100     
 2.37     1.99     5.77     18.5     100     
 0.582    1.57     10.4     9.36     100     
 0.0168   2.22     10.9     17.2     100     
 2.19     2.83     5.05     17.5     100     
 0.11     2.32     10.8     17.6     100     
 0.0942   2.07     10.9     18       100     
 0.693    2.09     10.3     10.9     100     
 0.253    2.29     10.7     17       100     
 0.634    1.24     10.5     9.67     100     
 0.446    2.04     10.5     20       100     
 0.741    1.97     10.3     11.4     100     
 0.698    2        10.3     9.1      100     
 0.832    1.21     10.3     7.78     100     
 0.48     2.42     10.5     16.3     100     
 0.0108   1.92     10.9     20       100     
 0.299    1.77     10.7     8.53     100     
 0.762    2.12     10.2     14.3     100     
 0.188    2.26     10.7     16.7     100     
 0.296    2.37     10.7     16.2     100     
 0.102    2.14     10.8     17       100     
 0.571    1.91     10.3     20       100     
 0.379    2.33     10.6     14.5     100     
 0.286    1.79     10.6     20       100     
 0.73     1.38     10.3     8.52     100     
 0.0901   2.16     10.8     16.9     100     
 1.04     2        10       7.84     100     
 0.621    2.11     10.4     13.6     100     
 0.514    1.26     10.5     8.94     100     
 0.0534   2.32     10.7     17.8     100     
 0.344    1.56     10.7     8.72     100     
 0.664    2.11     10.3     13.3     100     
 0.0858   2.13     10.8     16.8     100     
 1.82     3        4.62     18.1     100     
 0.307    1.92     10.7     8.68     100     
 0.475    1.83     10.6     9.95     100     
 0.627    1.66     10.5     8.15     100     
 0.386    0.99     10.7     9.59     100     
 0.439    2.45     10.5     17.2     100     
 0.958    1.7      9.94     11.5     100     
 0.629    2.41     10.3     16.6     100     
 0.922    1.83     10       9.17     100     
 0.458    2.37     10.5     16.6     100     
 0.581    1.53     10.5     8.92     100     
 0.32     2.36     10.6     16.4     100     
 0.0585   2.27     10.7     17.9     100     
 0.974    1.86     9.95     9.05     100     
 1.82     2.99     4.8      17.9     100     
 0.736    2        10.3     8.94     100     
 0.0467   2.16     10.9     17.9     100     
 0.117    2.23     10.8     16.7     100     
 0.504    1.81     10.5     10.2     100     
 0.0381   1.91     10.9     18.1     100     
 0.195    2.25     10.8     16.6     100     
 0.879    1.75     10.1     9.17     100     
 0.394    2.38     10.6     16.1     100     
 0.33     1.62     10.7     8.9      100     
 0.285    2.3      10.7     17       100     
 2.2      2.82     5.1      17.1     100     
 0.565    2.08     10.4     14.1     100     
 0.765    1.79     10.2     9.26     100     
 0.882    2.14     9.96     14.6     100     
 0.12     2.34     10.6     20       100     
 0.516    1.76     10.6     8.37     100     
 2.35     2.3      4.33     20       100     
 0.398    2.43     10.5     16.8     100     
 0.0985   1.47     10.8     20       100     
 0.218    2.37     10.7     16.8     100     
 0.555    1.92     10.3     20       100     
 0.381    1.55     10.6     20       100     
 1.9      2.93     4.78     18.3     100     
 0.392    2.43     10.5     16.8     100     
 1.88     2.95     4.65     17.8     100     
 0.0836   2.17     10.8     17.8     100     
 0.635    1.68     10.4     11       100     
 1.81     3        4.73     18.2     100     
 0.488    2.4      10.5     16.4     100     
 0.507    1.52     10.6     8.52     100     
 0.14     2.39     10.8     16.5     100     
 0.339    0.869    10.7     9.62     100     
 0.241    1.59     10.7     8.97     100     
 0.824    2.08     10.1     8.36     100     
 1.1      1.64     9.77     9.28     100     
 0.607    1.17     10.4     20       100     
 0.0751   1.76     10.8     20       100     
 0.579    1.58     10.4     9.54     100     
 0.368    1.78     10.7     8.39     100     
 0.818    2.13     10.1     14.2     100     
 0.472    1.59     10.6     9.34     100     
 0.159    2.22     10.8     16.8     100     
 0.0701   2.22     10.8     12.8     100     
 1.82     2.98     5.02     17.9     100     
 0.277    2.33     10.7     16.7     100     
 0.66     1.38     10.5     9.15     100     
 0.727    1.29     10.3     20       100     
 2.37     1.99     5.67     18.5     100     
 0.949    1.73     9.97     11.3     100     
 0.196    2.09     10.8     17.1     100     
 0.0838   2.17     10.8     17.5     100     
 1.83     3.01     4.13     20       100     
 1.81     2.99     4.88     18.1     100     
 0.472    1.67     10.5     20       100     
 0.174    2.17     10.8     17.1     100     
 1.82     3.01     4.3      18.2     100     
 0.848    1.74     10.1     9.42     100     
 0.05     2.16     10.9     17.8     100     
 1.87     2.94     4.75     18.3     100     
 0.132    2.27     10.7     17.7     100     
 0.822    1.23     10.2     7.8      100     
 0.698    2        10.3     9.18     100     
 0.109    2.06     10.9     17.9     100     
 0.107    2.32     10.7     20       100     
 1.82     2.99     4.74     18       100     
 0.0657   2.36     10.7     17.6     100     
 2.73     1.79     4.47     20       100     
 0.756    2.13     10.2     14.2     100     
 0.416    2.45     10.5     17.2     100     
 0.378    1.58     10.7     8.58     100     
 0.697    2        10.3     9.39     100     
 0.757    1.93     10.3     11.9     100     
 0.711    2.02     10.3     8.48     100     
 0.695    2.05     10.3     8.52     100     
 0.0363   1.26     10.8     20       100     
 0.632    1.39     10.5     9.45     100     
 0.59     2.1      10.4     13.7     100     
 0.251    1.9      10.8     8.64     100     
 0.99     1.72     9.9      11.3     100     
 2.2      2.81     5.09     17.3     100     
 0.824    1.57     10.2     7.6      100     
 1.82     2.99     4.86     17.9     100     
 1.81     2.99     4.71     18.2     100     
 1.81     3.01     4.43     18       100     
 0.364    2.17     10.5     20       100     
 0.487    2.45     10.4     17.2     100     
 0.15     1.56     10.8     9.4      100     
 0.76     2.08     10.2     14.6     100     
 0.471    2.41     10.5     16.5     100     
 0.0688   2.36     10.7     17.6     100     
 0.716    1.27     10.4     7.91     100     
 0.0686   2.36     10.7     17.6     100     
 1.82     3.01     4.31     18.2     100     
 1.84     3.02     4.4      18       100     
 0.1      1.69     11       17.9     100     
 0.591    1.04     10.5     9.78     100     
 1.6      1.63     9.51     9.81     100     
 0.488    2.19     10.4     20       100     
 0.764    1.15     10.3     20       100     
 0.564    1.41     10.6     8.59     100     
 0.834    2.13     10.1     14.2     100     
 0.467    1.61     10.6     9.13     100     
 0.013    2.28     10.8     20       100     
 0.298    2.29     10.7     17       100     
 0.967    1.92     10       7.68     100     
 0.561    1.89     10.5     9.35     100     
 0.505    1.34     10.5     20       100     
 2.17     2.82     5.05     17.4     100     
 0.16     2.36     10.8     16.7     100     
 0.54     1.86     10.4     20       100     
 0.766    1.79     10.2     9.59     100     
 0.605    2.05     10.4     13.8     100     
 0.643    1.68     10.4     11.3     100     
 0.568    1.61     10.5     9.54     100     
 0.249    1.55     10.7     20       100     
 0.936    2.15     9.9      14.2     100     
 1.84     2.99     4.5      17.8     100     
 0.369    2.34     10.6     16.6     100     
 0.234    2.3      10.6     20       100     
 0.406    2.38     10.6     16.5     100     
 2.2      2.81     5.12     17.1     100     
 1.8      2.98     4.99     17.9     100     
 0.896    1.42     10.1     11.5     100     
 0.0693   2.36     10.7     17.6     100     
 0.77     2.11     10.1     14.2     100     
 1.82     2.99     4.86     17.8     100     
 0.849    1.18     10.2     7.32     100     
 0.313    1.62     10.7     8.75     100     
 0.287    1.43     10.6     20       100     
 0.424    2.45     10.5     17.2     100     
 0.0195   2.33     10.8     17.8     100     
 0.689    2.1      10.3     10.6     100     
 2.29     1.77     4.99     20       100     
 0.178    2.34     10.7     17.6     100     
 0.884    1.97     10       8.86     100     
 0.742    2        10.2     9.54     100     
 0.69     2        10.3     10.9     100     
 0.884    2.15     9.98     14.2     100     
 1.82     3.01     4.46     17.9     100     
 0.759    1.41     10.3     7.97     100     
 0.623    1.95     10.4     10.5     100     
 1.81     2.99     4.86     18.2     100     
 0.755    2        10.2     8.96     100     
 1.82     2.99     4.74     18.2     100     
 0.903    1.71     10       11.4     100     
 0.0755   2.18     10.8     16.6     100     
 0.108    2.06     10.9     17.9     100     
 0.394    1.77     10.7     8.39     100     
 0.675    2.1      10.4     8.62     100     
 1.84     2.99     4.44     17.9     100     
 0.175    2.39     10.7     16.3     100     
 1.81     2.99     4.84     17.9     100     
 0.917    1.92     10.1     8.1      100     
 0.287    2.37     10.7     16.3     100     
 0.642    1.93     10.4     8.66     100     
 0.3      1.79     10.7     9.12     100     
 1.87     2.95     4.65     17.7     100     
 0.0577   2.15     10.9     17.9     100     
 0.971    1.76     9.93     9.61     100     
 0.607    1.99     10.4     10.4     100     
 0.428    0.786    10.6     9.17     100     
 2.17     2.81     5.11     17.3     100     
 2.77     1.73     4.63     20       100     
 0.0317   2.17     10.9     16.7     100     
 0.885    2.14     9.95     14.5     100     
 0.543    2.4      10.4     16.4     100     
 0.414    2.43     10.5     16.8     100     
 1.1      2.07     9.9      7.84     100     
 0.569    1.66     10.4     11       100     
 0.136    2.37     10.8     16.6     100     
 1.74     6.24     4.28     20       100     
 0.92     1.91     10.1     8.09     100     
 0.77     2.14     10.2     8.68     100     
 0.038    2.19     10.8     16.6     100     
 0.742    2        10.2     9.55     100     
 0.0791   2.03     10.9     18.1     100     
 0.439    2.45     10.5     17.2     100     
 0.383    2.31     10.6     16.6     100     
 0.569    1.87     10.5     9.65     100     
 0.423    1.97     10.5     8.55     100     
 0.0995   2.07     10.9     18       100     
 0.116    2.23     10.8     16.7     100     
 0.873    2.07     10.2     8.32     100     
 1.83     3.01     4.39     18       100     
 0.291    1.49     10.8     9.56     100     
 1.6      1.63     9.5      9.81     100     
 0.0983   2.19     10.8     16.4     100     
 1.84     2.99     4.4      18       100     
 1.73     1.39     5.19     20       100     
 0.606    1.67     10.5     8.56     100     
 0.823    1.21     10.2     8.07     100     
 0.642    1.93     10.4     8.66     100     
 0.605    1.75     10.4     11.1     100     
 0.48     2.41     10.5     16.3     100     
 1.83     3.02     4.43     17.9     100     
 0.539    1.95     10.5     9.45     100     
 1.81     3.01     4.36     18.1     100     
 0.939    2.15     9.9      14.1     100     
 0.233    2.3      10.5     20       100     
 0.374    2.33     10.6     14.6     100     
 1.84     2.99     4.38     18       100     
 0.623    1.93     10.4     9        100     
 0.431    2.18     10.5     20       100     
 0.562    1.89     10.5     9.46     100     
 1.84     2.99     4.35     18.1     100     
 0.571    1.66     10.4     11       100     
 0.961    1.92     10       7.99     100     
 0.769    2.18     10.3     8.73     100     
 0.799    2.13     10.1     14.2     100     
 0.0133   2.28     10.8     20       100     
 1.82     3        4.53     18.4     100     
 1.82     3        4.64     18.2     100     
 0.0879   2.02     10.9     17.9     100     
 0.989    1.72     10       9.15     100     
 1.08     1.72     9.76     9.64     100     
 0.604    1.67     10.5     8.59     100     
 2.77     1.73     4.63     20       100     
 0.717    2.03     10.3     8.62     100     
 0.468    2.45     10.4     17.1     100     
 0.831    1.82     10.2     7.96     100     
 0.376    1.89     10.7     8.31     100     
 0.921    1.72     10       9.27     100     
 0.393    2.31     10.6     16.6     100     
 0.348    2.08     10.6     20       100     
 0.507    1.52     10.6     8.51     100     
 0.892    1.72     10.1     9.43     100     
 0.0492   2.15     10.9     17.9     100     
 0.0643   2.36     10.7     17.6     100     
 0.369    2.34     10.6     16.6     100     
 2.64     1.16     4.9      20       100     
 2.77     1.82     6.31     17       100     
 0.787    1.2      10.3     8.19     100     
 0.985    1.85     9.93     9.68     100     
 0.983    1.69     9.99     9.43     100     
 0.849    1.18     10.2     7.32     100     
 0.422    2.45     10.5     17.2     100     
 1.81     2.99     4.76     18.1     100     
 1.87     2.96     4.58     17.9     100     
 0.0239   2.32     10.8     17.7     100     
 1.75     4.83     4.84     20       100     
 0.0997   2.28     10.7     20       100     
 1.71     5.97     4.52     20       100     
 0.485    2.4      10.5     16.4     100     
 2.2      2.81     5.08     17.3     100     
 0.824    1.57     10.2     7.59     100     
 1.81     2.98     4.89     18.1     100     
 0.92     1.9      10.1     8.48     100     
 0.568    1.88     10.4     9.64     100     
 0.115    2.23     10.8     16.7     100     
 0.291    1.49     10.8     9.44     100     
 1.6      1.63     9.49     9.79     100     
 0.612    2.38     10.3     16.6     100     
 0.201    1.55     10.7     20       100     
 0.0317   0.00121  77.4     77.4     77.4    
 0.825    1.21     10.2     7.81     100     
 0.762    2.12     10.2     14.2     100     
 1.82     3        4.58     18.3     100     
 1.76     5.23     5.66     9.68     100     
 0.0728   2.33     10.7     17.7     100     
 0.319    2.36     10.6     16.4     100     
 0.159    2.22     10.8     16.7     100     
 0.071    2.16     10.9     17.9     100     
 0.967    1.93     10       7.68     100     
 0.933    2.15     9.9      14.1     100     
 0.741    2.01     10.2     9.19     100     
 1.82     3.01     4.4      18       100     
 1.87     2.96     4.59     17.9     100     
 0.916    1.54     10.2     7.49     100     
 1.83     3.02     4.33     18.1     100     
 1.01     1.78     9.86     11.5     100     
 0.334    1.59     10.7     9.19     100     
 0.701    2        10.3     9.18     100     
 0.623    1.34     10.5     8.53     100     
 2.67     1.16     4.68     20       100     
 0.0132   2.28     10.8     20       100     
 0.929    1.69     10       9.42     100     
 0.957    2.14     9.94     14.5     100     
 0.125    2.37     10.8     16.9     100     
 0.0792   2.03     10.9     18.1     100     
 0.606    1.67     10.5     8.56     100     
 1.01     1.88     10       7.99     100     
 0.512    1.96     10.4     20       100     
 0.45     2.18     10.5     20       100     
 0.0634   2.36     10.7     17.6     100     
 1.81     2.99     4.72     18.2     100     
 1.6      1.63     9.51     9.84     100     
 0.931    1.67     10       9.32     100     
 0.768    2.11     10.1     14.2     100     
 0.494    1.43     10.6     9.71     100     
 1.81     3.01     4.47     17.9     100     
 0.701    1.3      10.4     7.32     100     
 0.822    1.82     10.2     8.13     100     
 0.589    1.68     10.5     8.39     100     
 0.178    2.39     10.7     16.3     100     
 1.81     2.99     4.84     17.9     100     
 0.056    2.17     10.9     16.7     100     
 0.885    2.14     9.95     14.5     100     
 0.887    1.26     10       20       100     
 1.84     2.99     4.35     18.1     100     
 0.0851   2.03     10.9     18.1     100     
 1.08     1.72     9.75     9.5      100     
 0.392    2.31     10.6     16.6     100     
 0.606    1.99     10.4     10.4     100     
 2.77     1.82     6.33     17       100     
 0.339    0.869    10.7     9.61     100     
 0.0811   2.17     10.8     17.5     100     
 0.758    1.93     10.3     11.8     100     
 1.84     3.02     4.31     18.2     100     
 0.488    2.19     10.4     20       100     
 0.224    2.31     10.5     20       100     
 0.766    1.79     10.2     9.45     100     
 0.706    1.89     10.3     9.47     100     
 2.17     2.81     5.13     17.2     100     
 0.414    2.43     10.5     16.8     100     
 0.383    2.31     10.6     16.6     100     
 0.0996   2.07     10.9     18       100     
 0.375    2.33     10.6     14.6     100     
 0.646    1.68     10.3     11.1     100     
 0.132    2.27     10.7     17.7     100     
 0.699    2        10.3     9.19     100     
 0.105    2.32     10.7     20       100     
 0.638    1.68     10.4     11.1     100     
 0.241    2.25     10.7     17.1     100     
 0.59     1.68     10.5     8.31     100     
 1.82     3.01     4.44     17.9     100     
 0.759    1.41     10.3     8.02     100     
 1.81     2.99     4.87     18.2     100     
 0.00962  2.26     10.8     20       100     
 0.0751   2.19     10.8     16.6     100     
 1.84     2.99     4.45     17.9     100     
 0.634    1.99     10.4     10.2     100     
 0.9      1.89     10.1     7.97     100     
 0.0986   2.19     10.8     16.4     100     
 0.538    1.95     10.5     9.61     100     
 1.81     3.01     4.36     18.1     100     
 0.559    1.67     10.5     8.58     100     
 0.343    1.56     10.7     8.79     100     
 0.176    2.17     10.8     17       100     
 0.772    1.27     10.2     20       100     
 0.561    1.89     10.5     9.6      100     
 0.178    2.34     10.7     17.6     100     
 0.884    2.15     9.98     14.2     100     
 1.84     2.99     4.45     17.8     100     
 0.917    1.92     10.1     8.07     100     
 1.87     2.95     4.65     17.7     100     
 0.499    2.19     10.4     20       100     
 0.428    0.764    10.6     9.29     100     
 0.632    1.39     10.5     9.48     100     
 0.717    2.03     10.3     8.6      100     
 0.449    2.18     10.5     20       100     
 0.225    2.01     10.6     20       100     
 1.82     3        4.59     18.1     100     
 0.197    1.69     10.7     20       100     
 0.633    1.73     10.4     11.1     100     
 0.016    2.22     10.8     17.2     100     
 0.0656   2.36     10.7     17.6     100     
 0.835    1.15     10.2     20       100     
 0.568    1.61     10.5     9.54     100     
 0.849    1.18     10.2     7.32     100     
 0.24     2.25     10.7     17.1     100     
 0.286    1.43     10.6     20       100     
 0.108    2.06     10.9     17.9     100     
 0.413    2.43     10.5     16.8     100     
 0.9      1.89     10.1     8.24     100     
 0.381    2.31     10.6     16.7     100     
 0.569    1.87     10.5     9.65     100     
 0.0995   2.07     10.9     18       100     
 1.6      1.63     9.5      9.81     100     
 0.831    1.82     10.2     8.02     100     
 2.77     1.82     6.31     17       100     
 0.0994   2.28     10.7     20       100     
 0.799    2.13     10.1     14.2     100     
 0.141    2.36     10.8     16.7     100     
 0.283    1.93     10.7     8.47     100     
 0.762    2.12     10.1     14.3     100     
 0.0529   2.32     10.7     17.8     100     
 0.32     2.37     10.6     16.4     100     
 0.974    1.86     9.95     9.05     100     
 0.0476   2.16     10.9     17.9     100     
 0.659    1.38     10.5     9.15     100     
 0.495    1.43     10.6     9.41     100     
 0.221    2.31     10.5     20       100     
 0.0691   2.36     10.7     17.6     100     
 0.427    1.46     10.6     20       100     
 0.0752   2.18     10.8     16.6     100     
 1.84     2.99     4.43     17.9     100     
 0.606    2        10.4     10.2     100     
 2.37     2.01     4.29     20       100     
 0.623    1.93     10.4     9        100     
 0.512    1.96     10.4     20       100     
 1.87     2.96     4.55     18       100     
 1.83     3.02     4.43     17.9     100     
 0.798    2.13     10.1     14.2     100     
 0.2      2.09     10.8     17       100     
 1.81     2.99     4.72     18.1     100     
 0.446    2.04     10.5     20       100     
 0.279    2.37     10.7     16.9     100     
 0.818    2.13     10.1     14.2     100     
 1.82     2.98     5.02     17.9     100     
 0.561    1.89     10.5     9.36     100     
 0.249    1.55     10.7     20       100     
 0.936    2.15     9.9      14.2     100     
 0.896    1.42     10.1     11.5     100     
 0.899    1.93     10.1     8.23     100     
 1.81     2.99     4.87     18.2     100     
 0.642    1.93     10.4     8.66     100     
 0.885    2.14     9.95     14.5     100     
 0.413    2.43     10.5     16.8     100     
 1.1      2.07     9.9      7.84     100     
 0.742    2        10.2     9.54     100     
 0.0791   2.03     10.9     18.1     100     
 0.423    1.97     10.5     8.55     100     
 2.77     1.73     4.64     20       100     
 2.77     1.82     6.31     17       100     
 0.225    2.01     10.6     20       100     
 0.633    1.73     10.4     11.1     100     
 0.11     2.32     10.7     17.6     100     
 0.741    1.97     10.3     11.4     100     
 0.73     1.38     10.3     8.54     100     
 0.0467   2.16     10.9     17.9     100     
 0.285    2.3      10.7     17       100     
 0.58     1.58     10.4     9.55     100     
 0.368    1.78     10.7     8.39     100     
 0.472    1.59     10.6     9.34     100     
 0.0701   2.22     10.8     12.8     100     
 1.82     2.98     5.01     17.9     100     
 0.278    2.33     10.7     16.8     100     
 0.661    1.38     10.5     9.15     100     
 0.727    1.29     10.3     20       100     
 2.37     1.99     5.67     18.5     100     
 0.0848   2.17     10.8     17.5     100     
 0.472    1.67     10.5     20       100     
 0.829    1.28     10.2     7.27     100     
 0.937    1.45     10       11.4     100     
 1.82     3.01     4.2      20       100     
 0.05     2.16     10.9     17.8     100     
 1.87     2.94     4.75     18.3     100     
 0.822    1.23     10.2     7.81     100     
 0.699    2        10.3     9.22     100     
 0.109    2.06     10.9     17.9     100     
 0.496    1.43     10.6     9.7      100     
 1.82     2.99     4.73     18       100     
 0.0657   2.36     10.7     17.6     100     
 2.73     1.79     4.48     20       100     
 0.756    2.13     10.2     14.2     100     
 0.415    2.45     10.5     17.2     100     
 0.378    1.58     10.7     8.58     100     
 0.697    2        10.3     9.39     100     
 0.757    1.93     10.3     11.9     100     
 0.711    2.02     10.3     8.5      100     
 0.0359   1.27     10.8     20       100     
 0.632    1.39     10.5     9.45     100     
 0.591    2.1      10.4     13.7     100     
 0.488    1.68     10.4     20       100     
 0.25     1.9      10.8     8.64     100     
 1.06     1.72     9.89     11.3     100     
 2.2      2.81     5.09     17.3     100     
 0.824    1.57     10.2     7.79     100     
 0.806    2.07     10.2     7.54     100     
 1.82     2.99     4.84     17.9     100     
 1.81     2.99     4.71     18.2     100     
 1.81     3.01     4.41     18       100     
 0.487    2.45     10.4     17.2     100     
 0.15     1.56     10.8     9.4      100     
 0.76     2.08     10.2     14.6     100     
 0.0687   2.36     10.7     17.6     100     
 0.715    1.27     10.4     7.8      100     
 0.0686   2.36     10.7     17.6     100     
 1.82     3.01     4.27     18.3     100     
 1.84     3.02     4.38     18       100     
 0.101    1.69     11       17.9     100     
 0.591    1.04     10.5     9.78     100     
 1.6      1.63     9.51     9.8      100     
 0.488    2.19     10.4     20       100     
 0.764    1.15     10.2     20       100     
 0.565    1.41     10.6     8.57     100     
 0.834    2.13     10.1     14.3     100     
 0.467    1.61     10.6     9.13     100     
 0.013    2.28     10.8     20       100     
 0.298    2.29     10.7     17       100     
 0.967    1.92     10       7.68     100     
 0.561    1.89     10.5     9.35     100     
 0.221    2.31     10.5     20       100     
 2.66     1.03     4.78     20       100     
 0.159    2.36     10.8     16.7     100     
 0.766    1.79     10.2     9.61     100     
 0.605    2.06     10.4     13.8     100     
 0.643    1.68     10.4     11       100     
 0.568    1.61     10.5     9.54     100     
 0.249    1.55     10.7     20       100     
 1.84     2.99     4.5      17.7     100     
 0.369    2.34     10.6     16.6     100     
 0.234    2.3      10.6     20       100     
 2.2      2.81     5.12     17.1     100     
 1.8      2.98     4.99     18       100     
 0.631    2.41     10.3     16.6     100     
 0.896    1.42     10.1     11.5     100     
 0.77     2.11     10.1     14.2     100     
 0.849    1.18     10.2     7.32     100     
 0.423    2.45     10.5     17.2     100     
 0.0192   2.33     10.8     17.8     100     
 0.689    2.1      10.3     10.6     100     
 2.29     1.77     4.99     20       100     
 0.178    2.34     10.7     17.6     100     
 0.742    2        10.2     9.2      100     
 0.69     2        10.3     10.9     100     
 0.884    2.15     9.98     14.2     100     
 1.82     3.01     4.46     17.9     100     
 0.759    1.41     10.3     8.48     100     
 0.623    1.95     10.4     10.6     100     
 1.81     2.99     4.86     18.2     100     
 0.755    2        10.2     8.97     100     
 0.903    1.71     10       11.5     100     
 0.0752   2.18     10.8     16.6     100     
 0.107    2.06     10.9     17.9     100     
 0.394    1.77     10.7     8.43     100     
 0.675    2.1      10.4     8.62     100     
 0.916    1.72     10       9.19     100     
 1.81     2.99     4.84     17.9     100     
 0.917    1.92     10.1     8.09     100     
 0.287    2.37     10.7     16.4     100     
 0.642    1.93     10.4     8.66     100     
 1.87     2.95     4.65     17.7     100     
 0.0577   2.15     10.9     17.9     100     
 0.428    0.789    10.6     9.17     100     
 2.17     2.81     5.11     17.3     100     
 2.77     1.73     4.61     20       100     
 0.0329   2.17     10.9     16.7     100     
 0.885    2.14     9.95     14.5     100     
 0.543    2.4      10.4     16.4     100     
 0.414    2.43     10.5     16.8     100     
 0.606    2        10.4     10.2     100     
 1.1      2.07     9.9      7.84     100     
 0.136    2.37     10.8     16.6     100     
 1.74     6.25     4.27     20       100     
 0.92     1.91     10.1     8.2      100     
 0.0368   2.19     10.8     20       100     
 0.079    2.03     10.9     18.1     100     
 0.439    2.45     10.5     17.2     100     
 0.383    2.31     10.6     16.6     100     
 0.569    1.87     10.5     9.65     100     
 0.0994   2.07     10.9     18       100     
 0.116    2.23     10.8     16.7     100     
 0.873    2.07     10.1     8.32     100     
 1.83     3.01     4.39     18       100     
 0.291    1.49     10.8     9.33     100     
 0.0974   2.19     10.8     16.4     100     
 1.84     2.99     4.4      18       100     
 1.73     1.39     5.18     20       100     
 0.606    1.67     10.5     8.56     100     
 0.823    1.21     10.2     8.07     100     
 0.642    1.93     10.4     8.66     100     
 0.605    1.75     10.4     11.1     100     
 1.83     3.02     4.43     17.9     100     
 0.539    1.95     10.5     9.45     100     
 1.81     3.01     4.33     18.2     100     
 0.348    2.31     10.5     20       100     
 0.374    2.33     10.6     14.6     100     
 0.624    1.93     10.4     9        100     
 0.43     2.18     10.5     20       100     
 0.562    1.89     10.5     9.56     100     
 1.84     2.99     4.34     18.1     100     
 0.571    1.66     10.4     11       100     
 0.961    1.92     10       7.99     100     
 0.799    2.13     10.1     14.2     100     
 0.0131   2.28     10.8     20       100     
 1.82     3        4.54     18.4     100     
 0.0857   2.27     10.7     20       100     
 1.82     3        4.63     18.2     100     
 0.0892   2.02     10.9     17.9     100     
 0.604    1.67     10.5     8.59     100     
 2.77     1.73     4.63     20       100     
 0.717    2.03     10.3     8.65     100     
 0.831    1.82     10.2     7.96     100     
 0.921    1.72     10       9.27     100     
 0.348    2.08     10.6     20       100     
 0.508    1.52     10.6     8.31     100     
 0.0673   2.07     10.9     17.9     100     
 0.892    1.72     10.1     9.42     100     
 0.0492   2.15     10.9     17.8     100     
 0.064    2.36     10.7     17.6     100     
 0.369    2.34     10.6     16.6     100     
 2.64     1.16     4.91     20       100     
 2.77     1.82     6.31     17       100     
 0.787    1.2      10.3     8.18     100     
 0.985    1.85     9.93     9.68     100     
 0.983    1.69     9.99     9.26     100     
 0.423    2.45     10.5     17.2     100     
 1.81     2.99     4.76     18.1     100     
 1.87     2.96     4.58     17.9     100     
 1.75     4.83     4.92     20       100     
 0.0999   2.28     10.7     20       100     
 0.484    2.4      10.4     16.4     100     
 2.2      2.81     5.08     17.3     100     
 0.836    1.57     10.2     7.8      100     
 1.81     2.98     4.89     18.1     100     
 0.92     1.9      10.1     8.48     100     
 0.568    1.88     10.4     9.64     100     
 0.115    2.23     10.8     16.7     100     
 0.291    1.49     10.8     9.44     100     
 1.6      1.63     9.49     9.79     100     
 0.612    2.38     10.3     16.6     100     
 0.0317   0.00121  77.4     77.4     77.4    
 0.78     2.14     10.1     12.3     100     
 1.82     3        4.58     18.3     100     
 0.0729   2.33     10.7     17.7     100     
 0.319    2.37     10.6     16.4     100     
 0.0719   2.16     10.9     17.9     100     
 0.967    1.93     10       7.68     100     
 0.741    2.01     10.2     9.52     100     
 1.87     2.96     4.58     17.9     100     
 0.888    1.26     10       20       100     
 0.916    1.54     10.2     7.5      100     
 0.76     1.13     10.3     7.14     100     
 0.0689   0.00148  75       75       75      
 0.0318   0.000329 78.1     78.1     78.1    
 1.73     6.3      4.39     20       100     
 2.77     1.78     4.36     20       100     
 0.0719   2.17     10.8     17.7     100     
 2.4      1.71     5.7      17.9     100     
 0.0308   0.00388  78.3     78.3     78.3    
 1.82     3        4.64     17.9     100     
 0.184    2.23     10.8     16.6     100     
 0.237    2.33     10.7     16.7     100     
 0.799    2.13     10.1     14.2     100     
 0.52     2.44     10.4     17       100     
 0.386    1.97     10.5     20       100     
 0.179    2.2      10.8     16.6     100     
 0.0401   2.33     10.7     20       100     
 0.404    2.3      10.6     16.9     100     
 0.67     1.34     10.4     7.91     100     
 0.0237   2.37     10.9     16.7     100     
 0.0237   2.32     10.8     17.7     100     
 0.388    2.39     10.6     16.4     100     
 1.82     2.98     4.94     18.1     100     
 0.0164   1.71     10.9     18       100     
 0.636    1.71     10.4     11.1     100     
 0.2      2.09     10.8     17       100     
 0.817    1.71     10.1     12       100     
 0.0652   2.33     10.7     17.5     100     
 0.88     2.14     9.97     14.6     100     
 0.0133   2.28     10.8     20       100     
 0.139    2.36     10.8     16.7     100     
 0.283    1.93     10.7     8.4      100     
 0.684    1.28     10.3     20       100     
 0.832    1.21     10.3     7.78     100     
 0.569    1.61     10.5     9.07     100     
 0.633    1.72     10.4     11.1     100     
 1.82     3        4.68     18       100     
 0.582    1.57     10.4     9.6      100     
 0.017    2.22     10.9     17.2     100     
 2.19     2.83     5.04     17.5     100     
 0.11     2.32     10.7     17.6     100     
 0.0939   2.07     10.9     18       100     
 0.693    2.09     10.3     10.9     100     
 0.253    2.29     10.7     17       100     
 0.634    1.24     10.5     9.67     100     
 0.446    2.04     10.5     20       100     
 0.741    1.97     10.3     11.4     100     
 0.698    2        10.3     9.09     100     
 0.832    1.21     10.3     7.78     100     
 0.48     2.42     10.5     16.3     100     
 0.0108   1.92     10.9     20       100     
 0.299    1.77     10.7     8.53     100     
 0.188    2.26     10.7     16.7     100     
 0.296    2.37     10.7     16.2     100     
 0.466    2.24     10.4     20       100     
 0.102    2.14     10.8     17       100     
 0.379    2.33     10.6     14.5     100     
 0.286    1.79     10.6     20       100     
 0.73     1.38     10.3     8.55     100     
 1.03     2        10       7.85     100     
 0.621    2.11     10.4     13.6     100     
 0.514    1.26     10.5     8.94     100     
 0.06     2.32     10.7     20       100     
 0.664    2.11     10.3     13.3     100     
 0.0862   2.13     10.8     16.8     100     
 1.82     3        4.63     18.1     100     
 1.75     5.23     5.66     9.66     100     
 0.307    1.92     10.7     8.68     100     
 0.475    1.83     10.6     9.94     100     
 0.627    1.66     10.5     8.15     100     
 0.386    0.989    10.7     9.59     100     
 0.958    1.7      9.93     11.5     100     
 0.629    2.41     10.3     16.6     100     
 0.922    1.83     10       9.17     100     
 0.458    2.37     10.5     16.6     100     
 0.581    1.54     10.5     9.21     100     
 0.974    1.86     9.95     9.29     100     
 1.81     2.99     4.79     17.9     100     
 0.736    2        10.3     8.94     100     
 0.0467   2.16     10.9     17.9     100     
 0.332    2.26     10.7     17       100     
 0.504    1.81     10.5     10.2     100     
 0.038    1.91     10.9     18.1     100     
 0.194    2.25     10.8     16.6     100     
 0.879    1.75     10.1     9.17     100     
 0.394    2.38     10.6     16.2     100     
 0.285    2.3      10.7     17       100     
 2.2      2.82     5.1      17.1     100     
 0.565    2.08     10.4     14.2     100     
 0.765    1.79     10.2     9.28     100     
 0.882    2.14     9.96     14.6     100     
 0.12     2.34     10.6     20       100     
 0.398    2.42     10.5     16.8     100     
 0.0984   1.47     10.8     20       100     
 0.218    2.37     10.7     16.8     100     
 0.555    1.92     10.3     20       100     
 1.9      2.93     4.77     18.3     100     
 0.392    2.43     10.5     16.8     100     
 1.88     2.95     4.65     17.8     100     
 0.635    1.68     10.4     11.3     100     
 0.997    1.78     9.89     11.5     100     
 1.81     3        4.73     18.2     100     
 0.488    2.4      10.5     16.4     100     
 0.14     2.39     10.8     16.5     100     
 0.339    0.869    10.7     9.61     100     
 0.824    2.08     10.1     8.36     100     
 1.1      1.64     9.77     9.28     100     
 0.607    1.17     10.4     20       100     
 0.0751   1.76     10.8     20       100     
 0.579    1.58     10.4     9.55     100     
 0.368    1.78     10.7     8.39     100     
 0.818    2.13     10.1     14.2     100     
 0.472    1.59     10.6     9.34     100     
 0.159    2.22     10.8     16.7     100     
 0.07     2.22     10.8     12.8     100     
 1.82     2.98     5.02     17.9     100     
 0.277    2.33     10.7     16.7     100     
 0.727    1.29     10.3     20       100     
 2.37     1.99     5.67     18.5     100     
 1.06     1.72     9.88     11.5     100     
 0.196    2.09     10.8     17.1     100     
 0.0839   2.17     10.8     17.5     100     
 1.81     2.99     4.88     18.1     100     
 0.829    1.28     10.2     7.27     100     
 0.174    2.17     10.8     17.2     100     
 1.82     3.01     4.3      18.2     100     
 0.848    1.74     10.1     9.38     100     
 0.0499   2.16     10.9     17.8     100     
 1.87     2.94     4.75     18.3     100     
 0.132    2.27     10.7     17.7     100     
 0.822    1.23     10.2     7.8      100     
 0.698    2        10.3     8.96     100     
 0.109    2.06     10.9     17.9     100     
 0.107    2.32     10.7     20       100     
 1.82     2.99     4.74     18       100     
 0.0656   2.36     10.7     17.6     100     
 2.73     1.79     4.46     20       100     
 0.756    2.13     10.2     14.2     100     
 0.416    2.45     10.5     17.2     100     
 0.378    1.58     10.7     8.52     100     
 0.697    2        10.3     9.39     100     
 0.757    1.93     10.3     11.9     100     
 0.711    2.02     10.3     8.46     100     
 0.0364   1.26     10.8     20       100     
 0.632    1.39     10.5     9.45     100     
 0.59     2.11     10.4     13.7     100     
 0.25     1.9      10.8     8.71     100     
 0.99     1.72     9.89     11.3     100     
 0.824    1.57     10.2     7.66     100     
 0.806    2.07     10.2     7.54     100     
 1.82     2.99     4.85     17.9     100     
 1.81     2.99     4.71     18.2     100     
 1.81     3.01     4.44     18       100     
 0.363    2.17     10.5     20       100     
 0.15     1.57     10.8     9.4      100     
 0.76     2.08     10.2     14.6     100     
 0.471    2.41     10.5     16.5     100     
 0.0688   2.36     10.7     17.6     100     
 0.716    1.27     10.4     7.81     100     
 0.0686   2.36     10.7     17.6     100     
 1.82     3.01     4.31     18.2     100     
 1.84     3.02     4.38     18       100     
 0.1      1.69     11       17.9     100     
 0.591    1.04     10.5     9.78     100     
 1.6      1.63     9.51     9.81     100     
 0.488    2.19     10.4     20       100     
 0.835    1.15     10.2     20       100     
 0.834    2.13     10.1     14.2     100     
 0.471    1.61     10.6     9.48     100     
 0.0129   2.28     10.8     20       100     
 0.298    2.29     10.7     17       100     
 0.967    1.92     10       7.68     100     
 0.505    1.34     10.5     20       100     
 0.221    2.31     10.5     20       100     
 0.16     2.36     10.8     16.7     100     
 0.54     1.86     10.4     20       100     
 0.766    1.79     10.2     9.59     100     
 0.605    2.05     10.4     13.9     100     
 0.643    1.68     10.4     11.3     100     
 0.568    1.61     10.5     9.14     100     
 0.249    1.55     10.7     20       100     
 0.936    2.15     9.9      14.2     100     
 1.84     2.99     4.5      17.8     100     
 0.406    2.38     10.6     16.5     100     
 2.2      2.81     5.12     17.1     100     
 1.8      2.98     4.99     17.9     100     
 0.631    2.41     10.3     16.6     100     
 0.896    1.42     10.1     11.5     100     
 0.0694   2.36     10.7     17.6     100     
 0.77     2.11     10.1     14.2     100     
 0.849    1.18     10.2     7.32     100     
 0.313    1.62     10.7     9.2      100     
 0.424    2.45     10.5     17.2     100     
 0.0195   2.33     10.8     17.8     100     
 2.29     1.77     4.99     20       100     
 0.178    2.34     10.7     17.6     100     
 0.885    1.97     10       8.96     100     
 0.69     2        10.3     10.9     100     
 0.884    2.15     9.98     14.2     100     
 1.82     3.01     4.46     17.9     100     
 0.759    1.41     10.3     7.96     100     
 0.623    1.95     10.4     10.5     100     
 1.81     2.99     4.86     18.2     100     
 0.754    2        10.2     8.97     100     
 1.82     2.99     4.74     18.2     100     
 0.903    1.71     10       11.4     100     
 0.675    2.1      10.4     8.62     100     
 1.84     2.99     4.43     17.9     100     
 0.175    2.39     10.7     16.3     100     
 1.81     2.99     4.84     17.9     100     
 0.287    2.37     10.7     16.3     100     
 0.642    1.93     10.4     8.66     100     
 0.3      1.79     10.7     9.12     100     
 0.972    1.76     9.93     9.61     100     
 0.428    0.785    10.6     9.17     100     
 2.17     2.81     5.11     17.3     100     
 2.77     1.73     4.62     20       100     
 0.0309   2.17     10.9     16.7     100     
 0.543    2.4      10.4     16.4     100     
 0.414    2.43     10.5     16.8     100     
 1.1      2.07     9.9      7.84     100     
 0.569    1.66     10.4     11.2     100     
 0.92     1.91     10.1     8.17     100     
 0.77     2.14     10.2     8.68     100     
 0.0389   2.19     10.8     16.6     100     
 0.742    2        10.2     9.54     100     
 0.0789   2.03     10.9     18.1     100     
 2.37     2.01     4.23     20       100     
 0.423    1.97     10.5     8.55     100     
 0.0995   2.07     10.9     18       100     
 0.873    2.07     10.2     8.32     100     
 1.83     3.01     4.38     18       100     
 0.29     1.49     10.8     9.56     100     
 1.6      1.63     9.5      9.8      100     
 1.84     2.99     4.41     18       100     
 1.73     1.39     5.19     20       100     
 0.606    1.67     10.5     8.57     100     
 0.823    1.21     10.2     8.07     100     
 0.642    1.93     10.4     8.86     100     
 0.605    1.75     10.4     11.1     100     
 1.83     3.02     4.43     17.9     100     
 0.539    1.95     10.5     9.45     100     
 1.81     3.01     4.35     18.2     100     
 0.233    2.3      10.5     20       100     
 0.374    2.33     10.6     14.6     100     
 0.431    2.18     10.5     20       100     
 0.562    1.89     10.5     9.46     100     
 1.84     2.99     4.36     18.1     100     
 0.571    1.66     10.4     11       100     
 0.961    1.92     10       7.99     100     
 0.769    2.18     10.3     8.73     100     
 0.799    2.13     10.1     14.2     100     
 1.82     3        4.54     18.4     100     
 1.82     3        4.64     18.2     100     
 0.0884   2.02     10.9     18.1     100     
 0.989    1.72     10       9.14     100     
 1.08     1.72     9.76     9.62     100     
 0.604    1.67     10.5     8.59     100     
 2.77     1.73     4.63     20       100     
 0.717    2.03     10.3     8.62     100     
 0.468    2.45     10.4     17.1     100     
 0.831    1.82     10.2     7.96     100     
 0.376    1.89     10.7     8.31     100     
 0.921    1.72     10       9.27     100     
 0.393    2.31     10.6     16.6     100     
 0.582    1.52     10.6     8.5      100     
 0.334    1.59     10.7     9.01     100     
 0.892    1.72     10.1     9.43     100     
 0.0642   2.36     10.7     17.6     100     
 2.64     1.16     4.9      20       100     
 0.787    1.2      10.3     8.19     100     
 0.985    1.85     9.93     9.72     100     
 0.983    1.69     9.99     9.31     100     
 0.793    3.91     10.3     4.99     100     
 0.422    2.45     10.5     17.2     100     
 1.81     2.99     4.76     18.1     100     
 1.87     2.96     4.58     17.9     100     
 0.0238   2.32     10.8     17.7     100     
 1.75     4.83     4.88     20       100     
 0.0995   2.28     10.7     20       100     
 0.485    2.4      10.5     16.4     100     
 2.2      2.81     5.08     17.3     100     
 0.824    1.57     10.2     7.59     100     
 1.81     2.98     4.89     18.1     100     
 0.92     1.9      10.1     8.55     100     
 0.153    2.26     10.8     17       100     
 0.291    1.49     10.8     9.45     100     
 1.6      1.63     9.49     9.82     100     
 0.612    2.38     10.3     16.6     100     
 0.825    1.21     10.2     7.81     100     
 0.762    2.12     10.2     14.2     100     
 1.82     3        4.58     18.3     100     
 0.3      2.37     10.7     16.4     100     
 0.158    2.22     10.8     16.7     100     
 0.76     1.13     10.3     7.14     100     
 0.0689   0.00148  75       75       75      
 247      247      5.67     2.42     100     
 1.84     2.99     3.95     20       100     
 0.0318   0.000329 78.1     78.1     78.1    
 0.000692 0.0156   75       75       75      
mat_end
 --------------------------- 
