1000 5
 0.000918 0.005    76       76       76      
 0.0218   0.000883 76.3     76.3     76.3    
 100      20       11.4     1.74     100     
 6.68e-05 0.0171   75.9     75.9     75.9    
 100      20       11.4     1.15     100     
 100      20       11.4     1.21     100     
 100      20       11.4     0.389    100     
 100      20       11.4     0.018    100     
 0.00217  0.0006   77.1     77.1     77.1    
 0.00468  0.0117   75.6     75.6     75.6    
 0.00444  0.0121   75.7     75.7     75.7    
 0.00097  0.011    75.9     75.9     75.9    
 100      20       11.4     1.74     100     
 0.00269  0.00328  76.1     76.1     76.1    
 0.00346  0.0138   75       75       75      
 100      20       11.4     1.79     100     
 100      20       11.4     5.43     100     
 0.00532  0.0124   75       75       75      
 100      20       11.4     0.0108   100     
 100      20       11.4     3.52     100     
 100      20       11.4     1.09     100     
 0.00606  0.0106   75       75       75      
 100      20       11.4     0.387    100     
 0.000147 0.016    75.9     75.9     75.9    
 100      20       11.4     3.52     100     
 0.000647 0.0159   75       75       75      
 100      20       11.4     1.8      100     
 100      20       11.4     1.37     100     
 100      20       11.4     11       100     
 100      20       11.4     3.56     100     
 100      20       11.4     3.39     100     
 100      20       11.4     1.09     100     
 0.00192  0.00346  76       76       76      
 100      20       11.4     0.0586   100     
 0.00107  0.00448  76       76       76      
 100      20       11.4     1.74     100     
 0.0521   0.000275 75       75       75      
 0.0021   0.000467 77.1     77.1     77.1    
 100      20       11.4     5.43     100     
 0.00622  0.00314  76.1     76.1     76.1    
 100      20       11.4     1.73     100     
 100      20       11.4     0.313    100     
 100      20       11.4     3.38     100     
 100      20       11.4     3.82     100     
 0.000481 0.00448  83       83       83      
 0.0148   0.0011   75       75       75      
 0.000113 0.018    75.8     75.8     75.8    
 100      20       11.4     5.42     100     
 0.000673 0.0142   75.8     75.8     75.8    
 100      20       11.4     11.1     100     
 0.00511  0.00959  75.9     75.9     75.9    
 100      20       11.4     0.617    100     
 100      20       11.4     3.51     100     
 0.00719  0.00535  75       75       75      
 0.000298 0.0134   75.9     75.9     75.9    
 0.00707  0.00338  75.9     75.9     75.9    
 100      20       11.4     9.85     100     
 100      20       11.4     4.05     100     
 0.00138  0.00621  75.9     75.9     75.9    
 100      20       11.4     3.39     100     
 0.00202  0.000595 83       83       83      
 2.57e-05 0.126    75.7     75.7     75.7    
 100      20       11.4     0.609    100     
 100      20       11.4     4.98     100     
 100      20       11.4     0.715    100     
 100      20       11.4     3.39     100     
 100      20       11.4     0.612    100     
 100      20       11.4     1.16     100     
 0.00242  0.00016  77       77       77      
 0.00076  0.00955  76       76       76      
 100      20       11.4     3.58     100     
 100      20       11.4     4.06     100     
 100      20       11.4     0.3      100     
 100      20       11.4     0.301    100     
 0.000625 0.0158   75.6     75.6     75.6    
 0.000403 0.017    75.7     75.7     75.7    
 0.0275   0.000119 78.6     78.6     78.6    
 0.000918 0.0054   76       76       76      
 100      20       11.4     0.393    100     
 100      20       11.4     0.815    100     
 100      20       11.4     0.118    100     
 4.9e-05  0.0132   83.1     83.1     83.1    
 100      20       11.4     11       100     
 100      20       11.4     3.52     100     
 0.000947 0.00498  76       76       76      
 100      20       11.4     0.158    100     
 100      20       11.4     0.504    100     
 0.000148 0.016    75.8     75.8     75.8    
 0.000372 0.0126   76.1     76.1     76.1    
 100      20       11.4     3.51     100     
 0.00709  0.00347  75.9     75.9     75.9    
 100      20       11.4     3.57     100     
 100      20       11.4     0.291    100     
 100      20       11.4     0.716    100     
 0.000206 0.0152   75.9     75.9     75.9    
 0.00103  0.00045  83.1     83.1     83.1    
 100      20       11.4     0.601    100     
 100      20       11.4     2.64     100     
 0.0225   0.000385 76.1     76.1     76.1    
 0.00728  0.0029   76       76       76      
 0.000153 0.0176   75.8     75.8     75.8    
 100      20       11.4     0.514    100     
 100      20       11.4     1.15     100     
 3.48e-05 0.0069   83.2     83.2     83.2    
 100      20       11.4     3.57     100     
 0.005    0.013    75.1     75.1     75.1    
 0.000325 0.0147   75.8     75.8     75.8    
 100      20       11.4     1.8      100     
 100      20       11.4     0.387    100     
 100      20       11.4     0.962    100     
 100      20       11.4     3.38     100     
 0.000395 0.0162   75.8     75.8     75.8    
 100      20       11.4     4.96     100     
 100      20       11.4     0.618    100     
 0.00031  0.0144   75.9     75.9     75.9    
 0.00542  0.00918  75.9     75.9     75.9    
 100      20       11.4     3.61     100     
 100      20       11.4     1.16     100     
 0.00592  0.00204  76.2     76.2     76.2    
 100      20       11.4     0.3      100     
 100      20       11.4     11       100     
 0.00141  0.0141   75       75       75      
 0.000938 0.00539  76       76       76      
 100      20       11.4     1.79     100     
 0.000362 0.00247  83       83       83      
 100      20       11.4     0.813    100     
 100      20       11.4     3.51     100     
 0.00689  0.00444  75.9     75.9     75.9    
 100      20       11.4     3.57     100     
 100      20       11.4     0.292    100     
 100      20       11.4     4.98     100     
 100      20       11.4     4.06     100     
 0.000393 0.000897 83.5     83.5     83.5    
 100      20       11.4     0.813    100     
 100      20       11.4     11       100     
 0.000213 0.00271  83.1     83.1     83.1    
 0.000335 0.00987  83       83       83      
 1.31e-05 0.115    76.2     76.2     76.2    
 100      20       11.4     0.382    100     
 0.000439 0.0111   83       83       83      
 0.00103  0.000729 83       83       83      
 0.0011   0.013    75.9     75.9     75.9    
 0.00606  0.0105   75       75       75      
 0.000144 0.0136   76.2     76.2     76.2    
 100      20       11.4     1.73     100     
 100      20       11.4     3.52     100     
 0.000593 0.0164   75       75       75      
 100      20       11.4     1.8      100     
 0.0221   9.67e-05 79.3     79.3     79.3    
 100      20       11.4     1.74     100     
 100      20       11.4     1.21     100     
 100      20       11.4     2.64     100     
 100      20       11.4     1.73     100     
 100      20       11.4     4.96     100     
 100      20       11.4     1.74     100     
 100      20       11.4     3.36     100     
 0.000125 0.00297  83.5     83.5     83.5    
 0.00707  0.00336  75.9     75.9     75.9    
 100      20       11.4     4.05     100     
 100      20       11.4     0.715    100     
 100      20       11.4     2.66     100     
 0.00709  0.00322  75.9     75.9     75.9    
 100      20       11.4     3.57     100     
 100      20       11.4     0.717    100     
 100      20       11.4     4.96     100     
 100      20       11.4     3.51     100     
 0.000123 0.0164   75.8     75.8     75.8    
 100      20       11.4     1.04     100     
 100      20       11.4     0.386    100     
 0.00379  0.0126   75.7     75.7     75.7    
 100      20       11.4     1.74     100     
 100      20       11.4     11       100     
 100      20       11.4     3.61     100     
 100      20       11.4     3.37     100     
 100      20       11.4     1.79     100     
 100      20       11.4     0.301    100     
 0.00607  0.00347  76       76       76      
 100      20       11.4     0.814    100     
 100      20       11.4     9.69     100     
 100      20       11.4     4.15     100     
 100      20       11.4     3.38     100     
 0.00683  0.00587  75       75       75      
 100      20       11.4     0.546    100     
 0.00486  0.00662  75.9     75.9     75.9    
 100      20       11.4     11       100     
 0.0276   5.35e-05 78.6     78.6     78.6    
 0.00382  0.00663  75.9     75.9     75.9    
 100      20       11.4     1.21     100     
 100      20       11.4     0.0195   100     
 100      20       11.4     0.607    100     
 100      20       11.4     1.79     100     
 100      20       11.4     11.1     100     
 100      20       11.4     3.56     100     
 100      20       11.4     5.43     100     
 100      20       11.4     3.82     100     
 0.000468 0.00437  83       83       83      
 100      20       11.4     3.58     100     
 100      20       11.4     0.311    100     
 0.000297 0.0134   75.9     75.9     75.9    
 0.00035  0.00339  83       83       83      
 0.00147  0.00623  75.9     75.9     75.9    
 100      20       11.4     11       100     
 100      20       11.4     0.608    100     
 0.00533  0.0114   75       75       75      
 0.00247  0.000124 77       77       77      
 100      20       11.4     0.962    100     
 100      20       11.4     3.58     100     
 0.000437 0.0144   75.6     75.6     75.6    
 100      20       11.4     0.395    100     
 8.17e-05 0.013    83.1     83.1     83.1    
 100      20       11.4     0.299    100     
 100      20       11.4     0.812    100     
 0.000282 0.013    76.2     76.2     76.2    
 0.00844  0.00321  75.9     75.9     75.9    
 100      20       11.4     0.292    100     
 100      20       11.4     0.717    100     
 100      20       11.4     1.8      100     
 100      20       11.4     0.963    100     
 0.00635  0.0078   75       75       75      
 2.79e-05 0.0178   75.8     75.8     75.8    
 100      20       11.4     0.618    100     
 100      20       11.4     0.299    100     
 100      20       11.4     3.51     100     
 100      20       11.4     0.293    100     
 100      20       11.4     0.813    100     
 100      20       11.4     11       100     
 100      20       11.4     0.305    100     
 0.000328 0.00615  83       83       83      
 0.00737  0.0052   75       75       75      
 100      20       11.4     0.382    100     
 0.00102  0.000891 83       83       83      
 100      20       11.4     3.56     100     
 0.00166  0.00127  77.1     77.1     77.1    
 100      20       11.4     1.02     100     
 100      20       11.4     4.05     100     
 100      20       11.4     0.504    100     
 100      20       11.4     3.57     100     
 100      20       11.4     0.718    100     
 100      20       11.4     0.386    100     
 0.00388  0.0121   75.7     75.7     75.7    
 100      20       11.4     0.805    100     
 100      20       11.4     0.96     100     
 100      20       11.4     0.302    100     
 100      20       11.4     4.15     100     
 100      20       11.4     3.38     100     
 100      20       11.4     0.551    100     
 100      20       11.4     1.21     100     
 100      20       11.4     1.09     100     
 100      20       11.4     3.36     100     
 100      20       11.4     3.35     100     
 0.00537  0.0045   75.9     75.9     75.9    
 100      20       11.4     3.51     100     
 100      20       11.4     1.06     100     
 100      20       11.4     4.05     100     
 100      20       11.4     9.69     100     
 100      20       11.4     4.15     100     
 0.000304 0.00103  83.2     83.2     83.2    
 0.00621  0.00298  76.2     76.2     76.2    
 9.2e-05  0.00326  83       83       83      
 0.000998 0.00486  76       76       76      
 0.0222   0.000522 76.3     76.3     76.3    
 0.00275  0.0135   75.8     75.8     75.8    
 0.00217  0.000547 77.1     77.1     77.1    
 0.00344  0.0138   75       75       75      
 100      20       11.4     1.37     100     
 4.56e-05 0.0301   75       75       75      
 100      20       11.4     5.42     100     
 100      20       11.4     3.56     100     
 100      20       11.4     9.64     100     
 100      20       11.4     1.09     100     
 0.00207  0.00409  76       76       76      
 100      20       11.4     1.73     100     
 0.00622  0.00271  76.1     76.1     76.1    
 0.0142   0.00188  75       75       75      
 0.000639 0.0142   75.8     75.8     75.8    
 100      20       11.4     3.51     100     
 100      20       11.4     9.85     100     
 100      20       11.4     4.05     100     
 0.0012   0.00381  76       76       76      
 100      20       11.4     0.611    100     
 100      20       11.4     0.716    100     
 0.000486 0.00147  83.1     83.1     83.1    
 0.000603 0.00555  76       76       76      
 100      20       11.4     4.06     100     
 0.000402 0.0169   75.7     75.7     75.7    
 3.23e-05 0.0142   83.1     83.1     83.1    
 0.000988 0.00423  76       76       76      
 100      20       11.4     0.504    100     
 7.41e-05 0.0173   75.9     75.9     75.9    
 100      20       11.4     3.51     100     
 0.00709  0.00361  75.9     75.9     75.9    
 100      20       11.4     3.57     100     
 100      20       11.4     0.717    100     
 0.000239 0.0151   75.9     75.9     75.9    
 100      20       11.4     0.601    100     
 100      20       11.4     3.51     100     
 100      20       11.4     1.15     100     
 100      20       11.4     0.386    100     
 100      20       11.4     0.387    100     
 100      20       11.4     3.38     100     
 0.00624  0.0105   75       75       75      
 100      20       11.4     0.618    100     
 0.00663  0.00243  76.2     76.2     76.2    
 100      20       11.4     3.37     100     
 100      20       11.4     11       100     
 100      20       11.4     11       100     
 100      20       11.4     0.292    100     
 100      20       11.4     0.813    100     
 0.00029  0.0105   83       83       83      
 0.00111  0.0127   75.9     75.9     75.9    
 100      20       11.4     1.73     100     
 100      20       11.4     1.8      100     
 100      20       11.4     0.312    100     
 100      20       11.4     1.74     100     
 100      20       11.4     1.74     100     
 100      20       11.4     3.36     100     
 0.00933  0.00369  75.8     75.8     75.8    
 0.00704  0.00336  75.9     75.9     75.9    
 100      20       11.4     0.505    100     
 0.00127  0.0138   75.7     75.7     75.7    
 100      20       11.4     3.61     100     
 0.00599  0.0033   76       76       76      
 100      20       11.4     0.546    100     
 0.00449  0.0069   75.9     75.9     75.9    
 0.00497  0.0117   75.1     75.1     75.1    
 100      20       11.4     0.964    100     
 100      20       11.4     0.605    100     
 100      20       11.4     3.58     100     
 100      20       11.4     9.63     100     
 100      20       11.4     0.602    100     
 100      20       11.4     0.605    100     
 100      20       11.4     4.93     100     
 100      20       11.4     3.51     100     
 0.000357 0.006    83       83       83      
 100      20       11.4     0.382    100     
 0.000528 0.00109  83       83       83      
 100      20       11.4     0.505    100     
 100      20       11.4     0.719    100     
 100      20       11.4     0.514    100     
 100      20       11.4     0.806    100     
 100      20       11.4     0.96     100     
 100      20       11.4     4.15     100     
 100      20       11.4     3.36     100     
 100      20       11.4     3.35     100     
 0.00536  0.00573  75.9     75.9     75.9    
 100      20       11.4     1.06     100     
 100      20       11.4     4.15     100     
 100      20       11.4     9.63     100     
 0.000219 0.00165  83       83       83      
 100      20       11.4     0.965    100     
 0.00113  0.0143   75       75       75      
 0.00441  0.0117   75.8     75.8     75.8    
 0.00287  0.00223  77       77       77      
 0.000128 0.012    83       83       83      
 100      20       11.4     3.36     100     
 100      20       11.4     0.551    100     
 100      20       11.4     3.58     100     
 100      20       11.4     9.69     100     
 0.00737  0.00508  75       75       75      
 1.48     0.00024  75       75       75      
 100      20       11.4     0.0093   100     
 0.0221   4.33e-05 79.3     79.3     79.3    
 4.83e-06 0.011    83.2     83.2     83.2    
 0.000931 0.00499  76       76       76      
 0.0218   0.000847 76.3     76.3     76.3    
 100      20       11.4     1.74     100     
 100      20       11.4     0.389    100     
 0.00228  0.00026  77       77       77      
 0.00446  0.0121   75.7     75.7     75.7    
 100      20       11.4     0.388    100     
 100      20       11.4     5.43     100     
 100      20       11.4     9.86     100     
 0.00605  0.0107   75       75       75      
 0.00535  0.00515  75.9     75.9     75.9    
 100      20       11.4     3.52     100     
 0.000753 0.0149   75       75       75      
 100      20       11.4     3.56     100     
 100      20       11.4     3.39     100     
 0.00192  0.0038   76       76       76      
 0.0011   0.00452  76       76       76      
 100      20       11.4     5.43     100     
 100      20       11.4     0.314    100     
 100      20       11.4     3.38     100     
 100      20       11.4     0.531    100     
 0.0149   0.000977 75       75       75      
 0.00511  0.00955  75.9     75.9     75.9    
 100      20       11.4     3.51     100     
 0.00733  0.00336  75.9     75.9     75.9    
 100      20       11.4     9.85     100     
 0.00138  0.00625  75.9     75.9     75.9    
 100      20       11.4     4.98     100     
 0.0054   0.0107   75       75       75      
 100      20       11.4     0.715    100     
 100      20       11.4     1.16     100     
 100      20       11.4     0.962    100     
 0.000626 0.0158   75.6     75.6     75.6    
 100      20       11.4     0.21     100     
 100      20       11.4     11       100     
 0.000974 0.00465  76       76       76      
 100      20       11.4     3.51     100     
 100      20       11.4     0.292    100     
 100      20       11.4     0.715    100     
 100      20       11.4     0.601    100     
 6.44e-05 0.018    75       75       75      
 0.0223   0.000305 76.1     76.1     76.1    
 100      20       11.4     3.51     100     
 100      20       11.4     1.15     100     
 0.00501  0.0126   75       75       75      
 100      20       11.4     3.57     100     
 0.00644  0.00685  75       75       75      
 100      20       11.4     4.96     100     
 0.000295 0.0141   75.9     75.9     75.9    
 0.00555  0.00264  76.2     76.2     76.2    
 100      20       11.4     3.37     100     
 0.000998 0.00462  76       76       76      
 100      20       11.4     0.299    100     
 100      20       11.4     0.292    100     
 100      20       11.4     4.06     100     
 9.68e-05 0.00149  83.5     83.5     83.5    
 0.00674  0.00591  75       75       75      
 0.000335 0.00979  83       83       83      
 100      20       11.4     0.382    100     
 0.000961 0.00168  83       83       83      
 100      20       11.4     3.57     100     
 100      20       11.4     1.73     100     
 0.000578 0.0176   75       75       75      
 100      20       11.4     2.65     100     
 100      20       11.4     1.74     100     
 100      20       11.4     3.36     100     
 100      20       11.4     4.05     100     
 0.00709  0.00334  75.9     75.9     75.9    
 100      20       11.4     0.717    100     
 0.00379  0.0126   75.7     75.7     75.7    
 100      20       11.4     8.95     100     
 100      20       11.4     0.96     100     
 100      20       11.4     0.301    100     
 0.006    0.00346  76       76       76      
 100      20       11.4     0.814    100     
 100      20       11.4     9.69     100     
 100      20       11.4     4.15     100     
 100      20       11.4     0.545    100     
 100      20       11.4     11       100     
 100      20       11.4     11       100     
 0.00382  0.00673  75.9     75.9     75.9    
 100      20       11.4     1.79     100     
 0.00504  0.0117   75.1     75.1     75.1    
 100      20       11.4     0.387    100     
 100      20       11.4     3.56     100     
 100      20       11.4     3.58     100     
 100      20       11.4     0.311    100     
 0.000321 0.0132   75.9     75.9     75.9    
 100      20       11.4     3.35     100     
 100      20       11.4     11       100     
 100      20       11.4     0.608    100     
 100      20       11.4     0.962    100     
 0.000425 0.0143   75.6     75.6     75.6    
 8.73e-05 0.0128   83.1     83.1     83.1    
 0.00852  0.00303  75.9     75.9     75.9    
 100      20       11.4     0.716    100     
 100      20       11.4     1.8      100     
 100      20       11.4     0.963    100     
 2.96e-05 0.0177   75.8     75.8     75.8    
 100      20       11.4     0.618    100     
 100      20       11.4     4.93     100     
 100      20       11.4     0.299    100     
 100      20       11.4     3.51     100     
 100      20       11.4     0.293    100     
 100      20       11.4     0.305    100     
 0.00101  0.00351  83       83       83      
 100      20       11.4     3.56     100     
 0.00181  0.00126  77.1     77.1     77.1    
 100      20       11.4     0.504    100     
 100      20       11.4     0.718    100     
 100      20       11.4     0.302    100     
 100      20       11.4     4.15     100     
 100      20       11.4     3.36     100     
 100      20       11.4     1.06     100     
 100      20       11.4     4.15     100     
 0.000301 0.0011   83.2     83.2     83.2    
 0.00609  0.00286  76.2     76.2     76.2    
 0.000267 0.00304  83       83       83      
 100      20       11.4     1.16     100     
 0.00273  0.0135   75.8     75.8     75.8    
 100      20       11.4     1.37     100     
 100      20       11.4     5.42     100     
 0.000175 0.0136   76.1     76.1     76.1    
 100      20       11.4     3.56     100     
 100      20       11.4     1.73     100     
 0.0141   0.0023   75       75       75      
 100      20       11.4     3.51     100     
 100      20       11.4     9.85     100     
 100      20       11.4     1.16     100     
 100      20       11.4     0.611    100     
 0.000604 0.00523  76       76       76      
 100      20       11.4     0.716    100     
 0.000248 0.0151   75.9     75.9     75.9    
 100      20       11.4     0.602    100     
 100      20       11.4     3.51     100     
 100      20       11.4     0.387    100     
 100      20       11.4     0.619    100     
 0.0066   0.00246  76.2     76.2     76.2    
 100      20       11.4     3.37     100     
 0.000515 0.000686 83       83       83      
 100      20       11.4     0.293    100     
 0.000254 0.0103   83       83       83      
 0.00121  0.00951  75.9     75.9     75.9    
 100      20       11.4     3.58     100     
 100      20       11.4     1.73     100     
 100      20       11.4     1.8      100     
 100      20       11.4     0.312    100     
 0.00933  0.00405  75.8     75.8     75.8    
 100      20       11.4     3.61     100     
 100      20       11.4     0.812    100     
 100      20       11.4     0.546    100     
 0.00414  0.0062   75.9     75.9     75.9    
 100      20       11.4     0.607    100     
 100      20       11.4     0.605    100     
 100      20       11.4     0.961    100     
 100      20       11.4     9.63     100     
 100      20       11.4     0.602    100     
 100      20       11.4     1.8      100     
 100      20       11.4     4.93     100     
 100      20       11.4     3.51     100     
 0.000522 0.00167  83       83       83      
 100      20       11.4     0.505    100     
 100      20       11.4     0.719    100     
 100      20       11.4     0.385    100     
 100      20       11.4     0.806    100     
 100      20       11.4     0.96     100     
 100      20       11.4     4.15     100     
 100      20       11.4     3.36     100     
 100      20       11.4     3.35     100     
 0.00288  0.00255  77       77       77      
 0.000185 0.0114   83       83       83      
 100      20       11.4     0.551    100     
 0.000743 0.000947 83       83       83      
 100      20       11.4     0.812    100     
 100      20       11.4     11       100     
 100      20       11.4     0.514    100     
 100      20       11.4     0.385    100     
 0.00037  0.00212  83       83       83      
 100      20       11.4     0.385    100     
 100      20       11.4     3.51     100     
 100      20       11.4     1.16     100     
 100      20       11.4     5.39     100     
 0.00605  0.0108   75       75       75      
 100      20       11.4     0.388    100     
 100      20       11.4     0.551    100     
 100      20       11.4     5.41     100     
 0.00502  0.0131   75.1     75.1     75.1    
 100      20       11.4     9.86     100     
 0.00535  0.00517  75.9     75.9     75.9    
 100      20       11.4     2.66     100     
 100      20       11.4     0.531    100     
 100      20       11.4     2.66     100     
 0.000191 0.0292   75       75       75      
 0.0052   0.0132   75       75       75      
 0.000753 0.00108  83.1     83.1     83.1    
 100      20       11.4     0.605    100     
 100      20       11.4     0.962    100     
 0.000333 0.018    75       75       75      
 100      20       11.4     3.51     100     
 100      20       11.4     4.92     100     
 0.00509  0.0136   75       75       75      
 0.00646  0.00687  75       75       75      
 100      20       11.4     3.37     100     
 100      20       11.4     0.299    100     
 100      20       11.4     1.2      100     
 0.00683  0.0061   75       75       75      
 100      20       11.4     3.57     100     
 100      20       11.4     3.58     100     
 100      20       11.4     2.66     100     
 100      20       11.4     8.95     100     
 100      20       11.4     0.96     100     
 100      20       11.4     11       100     
 0.00329  0.0133   75.9     75.9     75.9    
 0.00607  0.0107   75       75       75      
 0.00504  0.0118   75.1     75.1     75.1    
 100      20       11.4     3.56     100     
 0.00564  0.0112   75       75       75      
 100      20       11.4     0.388    100     
 100      20       11.4     2.66     100     
 0.00613  0.0107   75       75       75      
 100      20       11.4     3.36     100     
 100      20       11.4     11       100     
 100      20       11.4     0.602    100     
 100      20       11.4     0.387    100     
 100      20       11.4     4.93     100     
 0.000709 0.0144   75.8     75.8     75.8    
 0.00107  0.0151   75       75       75      
 100      20       11.4     4.91     100     
 100      20       11.4     3.58     100     
 100      20       11.4     1.16     100     
 0.00018  0.0137   76.1     76.1     76.1    
 100      20       11.4     1.37     100     
 100      20       11.4     2.66     100     
 100      20       11.4     1.16     100     
 0.00237  0.00206  77       77       77      
 0.00048  0.0134   75.9     75.9     75.9    
 100      20       11.4     0.237    100     
 100      20       11.4     0.26     100     
 0.000258 0.0181   75       75       75      
 0.00567  0.0108   75.2     75.2     75.2    
 100      20       11.4     0.385    100     
 0.000518 0.00233  83       83       83      
 100      20       11.4     0.381    100     
 100      20       11.4     3.57     100     
 100      20       11.4     1.16     100     
 0.000245 0.0203   75       75       75      
 100      20       11.4     0.812    100     
 100      20       11.4     0.607    100     
 0.00562  0.0114   75       75       75      
 100      20       11.4     0.961    100     
 100      20       11.4     0.812    100     
 100      20       11.4     1.8      100     
 100      20       11.4     3.56     100     
 100      20       11.4     0.386    100     
 100      20       11.4     3.58     100     
 100      20       11.4     11       100     
 0.00312  0.014    75.8     75.8     75.8    
 0.00078  0.00831  76.7     76.7     76.7    
 0.000722 0.0113   76.7     76.7     76.7    
 7.46e-05 0.126    75.7     75.7     75.7    
 0.000101 0.0316   75       75       75      
 100      20       11.4     1.37     100     
 100      20       11.4     5.42     100     
 100      20       11.4     9.63     100     
 100      20       11.4     3.58     100     
 0.000706 0.00182  83       83       83      
 0.000592 0.00353  83       83       83      
 0.000885 0.00775  76.4     76.4     76.4    
 0.000852 0.00843  76.4     76.4     76.4    
 0.00466  0.0044   76       76       76      
 100      20       11.4     9.63     100     
 0.000797 0.00675  76.7     76.7     76.7    
 0.000754 0.0119   76.4     76.4     76.4    
 0.000897 0.00676  76       76       76      
 100      20       11.4     0.386    100     
 100      20       11.4     0.604    100     
 0.000724 0.00184  83       83       83      
 100      20       11.4     11       100     
 100      20       11.4     9.64     100     
 100      20       11.4     0.514    100     
 100      20       11.4     0.312    100     
 0.000955 0.00177  83       83       83      
 0.00934  0.00377  75.8     75.8     75.8    
 100      20       11.4     0.505    100     
 0.000743 0.00687  76.7     76.7     76.7    
 100      20       11.4     0.514    100     
 0.000579 0.00173  83.1     83.1     83.1    
 0.000371 0.00231  83.2     83.2     83.2    
 0.0143   0.00339  75       75       75      
 100      20       11.4     0.964    100     
 100      20       11.4     0.605    100     
 100      20       11.4     3.51     100     
 0.00118  0.0144   75       75       75      
 0.000809 0.00343  83       83       83      
 100      20       11.4     9.63     100     
 100      20       11.4     11.1     100     
 0.000121 0.00369  83.5     83.5     83.5    
 100      20       11.4     11       100     
 0.00046  0.0122   83       83       83      
 100      20       11.4     3.51     100     
 100      20       11.4     3.38     100     
 100      20       11.4     5.39     100     
 0.00728  0.00562  75       75       75      
 0.000148 0.0161   75.9     75.9     75.9    
 0.00149  0.00137  83       83       83      
 0.00207  0.00083  83       83       83      
 0.000111 0.00464  83.5     83.5     83.5    
 0.000821 0.00151  83       83       83      
 0.0262   0.000128 78.6     78.6     78.6    
 9.51e-05 0.011    83.2     83.2     83.2    
 0.00617  0.0105   75       75       75      
 0.00243  0.000319 77       77       77      
 0.000155 0.00966  83.1     83.1     83.1    
 0.00173  0.00109  83       83       83      
 0.0053   0.00754  75.9     75.9     75.9    
 100      20       11.4     3.57     100     
 0.0029   0.0143   75.5     75.5     75.5    
 0.000357 0.0168   75.8     75.8     75.8    
 100      20       11.4     4.06     100     
 100      20       11.4     1.19     100     
 100      20       11.4     0.0154   100     
 0.0219   0.0019   76.1     76.1     76.1    
 0.000683 0.0168   75       75       75      
 100      20       11.4     0.964    100     
 100      20       11.4     1.8      100     
 100      20       11.4     1.04     100     
 100      20       11.4     0.387    100     
 0.000304 0.0157   75.9     75.9     75.9    
 100      20       11.4     0.302    100     
 100      20       11.4     3.57     100     
 100      20       11.4     1.05     100     
 100      20       11.4     3.39     100     
 100      20       11.4     9.86     100     
 0.0225   0.00123  76.1     76.1     76.1    
 0.015    0.00273  75       75       75      
 0.0245   0.00199  75       75       75      
 0.0154   0.00202  75       75       75      
 0.00253  0.00371  76       76       76      
 100      20       11.4     0.0118   100     
 0.0218   0.00195  76.4     76.4     76.4    
 0.000657 0.0177   75       75       75      
 0.00217  0.000729 83.1     83.1     83.1    
 0.00476  0.0124   75.7     75.7     75.7    
 100      20       11.4     3.52     100     
 0.00486  0.0124   75.6     75.6     75.6    
 0.00377  0.0139   75.7     75.7     75.7    
 0.00348  0.0141   75       75       75      
 0.0521   0.000624 75       75       75      
 0.00035  0.0136   75.9     75.9     75.9    
 0.00221  0.000675 83       83       83      
 0.000184 0.0135   83.1     83.1     83.1    
 100      20       11.4     0.171    100     
 0.000346 0.0157   75.8     75.8     75.8    
 100      20       11.4     4.15     100     
 0.00137  0.00496  76       76       76      
 100      20       11.4     1.8      100     
 100      20       11.4     4.96     100     
 100      20       11.4     4.05     100     
 100      20       11.4     11       100     
 0.00142  0.0143   75       75       75      
 100      20       11.4     0.815    100     
 0.000307 0.0161   75.8     75.8     75.8    
 100      20       11.4     3.52     100     
 100      20       11.4     3.59     100     
 100      20       11.4     1.76     100     
 0.00138  0.0045   83       83       83      
 100      20       11.4     0.018    100     
 0.465    0.000283 75       75       75      
 100      20       11.4     3.94     100     
 0.00182  0.00456  76       76       76      
 0.000488 0.0128   83       83       83      
 0.0521   0.000731 75       75       75      
 100      20       11.4     9.85     100     
 5.56e-05 0.0137   83.1     83.1     83.1    
 100      20       11.4     0.175    100     
 0.000262 0.0164   75.8     75.8     75.8    
 100      20       11.4     0.61     100     
 7.34e-05 0.118    76.2     76.2     76.2    
 100      20       11.4     1.74     100     
 0.000406 0.0132   76.2     76.2     76.2    
 100      20       11.4     1.74     100     
 0.0277   0.000112 78.6     78.6     78.6    
 100      20       11.4     5.38     100     
 0.00606  0.0107   75       75       75      
 0.00492  0.0119   75.6     75.6     75.6    
 0.00227  0.00418  76       76       76      
 0.00409  0.00817  75.9     75.9     75.9    
 0.00503  0.0123   75.6     75.6     75.6    
 0.00142  0.00461  76       76       76      
 100      20       11.4     1.16     100     
 7.64e-05 0.0172   75.9     75.9     75.9    
 0.00605  0.011    75       75       75      
 0.00533  0.0125   75       75       75      
 100      20       11.4     1.09     100     
 0.00608  0.00314  76.2     76.2     76.2    
 0.00011  0.018    75.8     75.8     75.8    
 100      20       11.4     5.42     100     
 100      20       11.4     11.1     100     
 0.0071   0.00589  75       75       75      
 0.000457 0.0143   75.9     75.9     75.9    
 100      20       11.4     3.39     100     
 0.0023   0.00395  77.1     77.1     77.1    
 100      20       11.4     0.605    100     
 0.000755 0.0104   76       76       76      
 0.000407 0.0171   75.7     75.7     75.7    
 0.000937 0.00581  76       76       76      
 8.22e-05 0.0163   83.1     83.1     83.1    
 0.0072   0.00326  76       76       76      
 100      20       11.4     1.8      100     
 100      20       11.4     0.963    100     
 0.000658 0.0159   75.8     75.8     75.8    
 0.000504 0.00318  83       83       83      
 100      20       11.4     0.813    100     
 6.6e-05  0.113    76.2     76.2     76.2    
 100      20       11.4     1.8      100     
 100      20       11.4     1.74     100     
 0.000144 0.00299  83.5     83.5     83.5    
 0.00707  0.00355  75.9     75.9     75.9    
 100      20       11.4     3.57     100     
 100      20       11.4     3.51     100     
 0.000156 0.0171   75.8     75.8     75.8    
 100      20       11.4     0.387    100     
 100      20       11.4     11       100     
 100      20       11.4     3.38     100     
 0.00677  0.00679  75       75       75      
 0.00482  0.00695  75.9     75.9     75.9    
 0.00324  0.0134   75.9     75.9     75.9    
 0.00606  0.0109   75       75       75      
 100      20       11.4     0.0196   100     
 100      20       11.4     3.56     100     
 100      20       11.4     11.1     100     
 100      20       11.4     2.66     100     
 0.000413 0.00577  83       83       83      
 0.00255  0.00226  77       77       77      
 100      20       11.4     3.56     100     
 100      20       11.4     0.252    100     
 100      20       11.4     0.602    100     
 100      20       11.4     0.806    100     
 100      20       11.4     3.38     100     
 100      20       11.4     3.58     100     
 0.00551  0.00467  75.9     75.9     75.9    
 100      20       11.4     3.51     100     
 100      20       11.4     4.05     100     
 7.54e-05 0.0135   83.1     83.1     83.1    
 0.0221   0.00149  76.3     76.3     76.3    
 0.00209  0.00463  76       76       76      
 100      20       11.4     0.716    100     
 100      20       11.4     4.06     100     
 0.000121 0.0108   83.1     83.1     83.1    
 100      20       11.4     3.51     100     
 100      20       11.4     3.57     100     
 100      20       11.4     0.385    100     
 100      20       11.4     0.814    100     
 100      20       11.4     1.77     100     
 0.000217 0.0209   75       75       75      
 0.00596  0.0111   75       75       75      
 100      20       11.4     0.964    100     
 100      20       11.4     0.605    100     
 100      20       11.4     0.383    100     
 0.00534  0.00689  75.9     75.9     75.9    
 0.000408 0.00207  83       83       83      
 0.00475  0.0118   75.8     75.8     75.8    
 100      20       11.4     3.36     100     
 100      20       11.4     11       100     
 100      20       11.4     9.69     100     
 0.00286  0.0141   75.9     75.9     75.9    
 100      20       11.4     5.42     100     
 100      20       11.4     9.64     100     
 100      20       11.4     0.385    100     
 100      20       11.4     1.16     100     
 0.000883 0.00775  76.4     76.4     76.4    
 100      20       11.4     9.64     100     
 100      20       11.4     0.385    100     
 100      20       11.4     9.63     100     
 0.000783 0.00702  76.7     76.7     76.7    
 100      20       11.4     0.604    100     
 0.00934  0.00373  75.8     75.8     75.8    
 100      20       11.4     0.505    100     
 0.00024  0.0206   75       75       75      
 0.00099  0.00151  83       83       83      
 100      20       11.4     0.964    100     
 100      20       11.4     0.605    100     
 0.00116  0.0146   75       75       75      
 0.000833 0.00315  83       83       83      
 100      20       11.4     9.64     100     
 100      20       11.4     9.63     100     
 0.000744 0.0118   76.4     76.4     76.4    
 100      20       11.4     9.64     100     
 100      20       11.4     0.965    100     
 100      20       11.4     0.514    100     
 100      20       11.4     3.58     100     
 0.000279 0.00186  83.5     83.5     83.5    
 0.00011  0.00662  83.2     83.2     83.2    
 0.000496 0.0148   75.8     75.8     75.8    
 100      20       11.4     0.806    100     
 0.000552 0.00445  83       83       83      
 0.0221   0.000127 79.3     79.3     79.3    
 100      20       11.4     0.504    100     
 100      20       11.4     0.311    100     
 100      20       11.4     3.36     100     
 0.000111 0.00504  83.2     83.2     83.2    
 100      20       11.4     11       100     
 0.022    0.000148 79.3     79.3     79.3    
 0.000113 0.00483  83.2     83.2     83.2    
 100      20       11.4     0.299    100     
 0.000338 0.00561  83       83       83      
 100      20       11.4     1.04     100     
 0.00443  0.0123   75.7     75.7     75.7    
 100      20       11.4     0.806    100     
 0.00535  0.0115   75       75       75      
 0.0034   0.00863  75.9     75.9     75.9    
 100      20       11.4     11       100     
 3.64e-05 0.0276   83.1     83.1     83.1    
 100      20       11.4     1.21     100     
 0.00238  0.0013   77.1     77.1     77.1    
 100      20       11.4     1.02     100     
 0.000474 0.00455  83       83       83      
 0.000684 0.0144   75.8     75.8     75.8    
 100      20       11.4     3.36     100     
 100      20       11.4     4.05     100     
 0.000211 0.007    83.2     83.2     83.2    
 2.85e-05 0.117    76.2     76.2     76.2    
 0.000642 0.0124   83       83       83      
 100      20       11.4     1.73     100     
 100      20       11.4     1.79     100     
 100      20       11.4     0.55     100     
 100      20       11.4     3.51     100     
 100      20       11.4     1.21     100     
 100      20       11.4     4.96     100     
 100      20       11.4     1.74     100     
 100      20       11.4     3.36     100     
 100      20       11.4     0.55     100     
 100      20       11.4     3.37     100     
 100      20       11.4     1.07     100     
 100      20       11.4     1.73     100     
 0.000192 0.0165   75.8     75.8     75.8    
 100      20       11.4     4.15     100     
 0.00175  0.00106  83       83       83      
 100      20       11.4     4.96     100     
 0.00535  0.00729  75.9     75.9     75.9    
 100      20       11.4     9.69     100     
 100      20       11.4     0.55     100     
 100      20       11.4     4.05     100     
 100      20       11.4     0.302    100     
 100      20       11.4     4.15     100     
 100      20       11.4     0.546    100     
 100      20       11.4     3.57     100     
 100      20       11.4     3.39     100     
 100      20       11.4     5.43     100     
 100      20       11.4     4.96     100     
 100      20       11.4     1.73     100     
 0.00731  0.00537  75       75       75      
 0.00467  0.00354  76.1     76.1     76.1    
 0.00801  0.00518  75       75       75      
 0.00372  0.00343  76.2     76.2     76.2    
 100      20       11.4     0.114    100     
 0.000164 0.0163   75.9     75.9     75.9    
 0.00211  0.00104  83       83       83      
 100      20       11.4     1.21     100     
 0.00606  0.0106   75       75       75      
 0.000725 0.0118   76.7     76.7     76.7    
 100      20       11.4     9.63     100     
 100      20       11.4     1.73     100     
 100      20       11.4     0.313    100     
 100      20       11.4     11.1     100     
 100      20       11.4     0.605    100     
 100      20       11.4     0.3      100     
 0.000961 0.00899  76       76       76      
 0.00455  0.00415  76       76       76      
 0.0223   0.00142  76.1     76.1     76.1    
 0.00014  0.018    75.8     75.8     75.8    
 0.000346 0.0147   75.8     75.8     75.8    
 100      20       11.4     0.963    100     
 100      20       11.4     4.96     100     
 0.000741 0.00167  83       83       83      
 100      20       11.4     0.3      100     
 0.000978 0.00541  76       76       76      
 100      20       11.4     0.299    100     
 0.00654  0.00374  76       76       76      
 100      20       11.4     4.98     100     
 0.000341 0.0119   83       83       83      
 0.00103  0.0022   83       83       83      
 100      20       11.4     1.73     100     
 100      20       11.4     0.718    100     
 100      20       11.4     0.719    100     
 0.000743 0.00687  76.7     76.7     76.7    
 100      20       11.4     11       100     
 100      20       11.4     0.302    100     
 100      20       11.4     3.38     100     
 0.0142   0.00361  75       75       75      
 100      20       11.4     5.43     100     
 100      20       11.4     0.311    100     
 0.000417 0.0141   75.9     75.9     75.9    
 0.000358 0.00444  83.2     83.2     83.2    
 0.000165 0.0159   83.1     83.1     83.1    
 100      20       11.4     0.292    100     
 0.000671 0.015    75.8     75.8     75.8    
 0.00399  0.0123   75.7     75.7     75.7    
 100      20       11.4     3.38     100     
 0.00032  0.0012   83.2     83.2     83.2    
 0.000372 0.0012   83.5     83.5     83.5    
 0.000504 0.0148   75.8     75.8     75.8    
 100      20       11.4     3.36     100     
 0.000128 0.00481  83.2     83.2     83.2    
 100      20       11.4     3.36     100     
 100      20       11.4     0.804    100     
 0.00105  0.00136  83.1     83.1     83.1    
 100      20       11.4     1.73     100     
 100      20       11.4     3.51     100     
 100      20       11.4     1.21     100     
 100      20       11.4     1.79     100     
 0.000192 0.0166   75.8     75.8     75.8    
 100      20       11.4     4.15     100     
 100      20       11.4     0.511    100     
 100      20       11.4     4.05     100     
 100      20       11.4     3.38     100     
 0.000265 0.00477  83.5     83.5     83.5    
 0.00633  0.00252  76.5     76.5     76.5    
 0.00621  0.00287  76.2     76.2     76.2    
 0.000298 0.00475  83.5     83.5     83.5    
 100      20       11.4     11       100     
 100      20       11.4     11       100     
 0.000252 0.00272  83.5     83.5     83.5    
 100      20       11.4     0.159    100     
 100      20       11.4     0.121    100     
 100      20       11.4     0.822    100     
 0.00039  0.0133   76.2     76.2     76.2    
 100      20       11.4     0.167    100     
 100      20       11.4     11       100     
 0.000492 0.0133   76.2     76.2     76.2    
 0.00106  0.00104  83.3     83.3     83.3    
 0.00737  0.00508  75       75       75      
 0.00346  0.0138   75       75       75      
 100      20       11.4     0.0093   100     
 247      247      1.39     22.7     100     
 0.0221   4.33e-05 79.3     79.3     79.3    
 4.83e-06 0.011    83.2     83.2     83.2    
