1000 5
 6.26e-05 0.131    90.5     90.5     90.5    
 100      20       11.3     0.0842   100     
 0.0134   0.000934 115      115      115     
 0.0117   0.00116  119      119      119     
 100      20       11.3     0.0491   100     
 100      20       11.3     2.71     100     
 100      20       11.3     0.0645   100     
 100      20       11.3     15       100     
 100      20       11.3     2.24     100     
 0.0146   0.000296 122      122      122     
 2.93e-05 0.0445   121      121      121     
 100      20       11.3     15       100     
 0.00111  0.0061   75.3     75.3     75.3    
 0.014    0.00151  75       75       75      
 0.0136   0.00165  75       75       75      
 0.0167   0.00101  80.2     80.2     80.2    
 0.000423 0.196    75       75       75      
 0.00655  0.00383  75.1     75.1     75.1    
 0.00685  0.00247  75.6     75.6     75.6    
 0.0161   0.000282 80.3     80.3     80.3    
 100      20       11.3     2.83     100     
 0.00385  0.00596  75.2     75.2     75.2    
 0.0144   0.00109  75       75       75      
 100      20       11.3     0.0143   100     
 100      20       11.3     2.89     100     
 0.000204 0.526    75       75       75      
 100      20       11.3     2.33     100     
 0.0105   0.00327  75.5     75.5     75.5    
 0.00104  0.00659  75.3     75.3     75.3    
 100      20       11.3     3.01     100     
 0.0118   0.00222  75       75       75      
 100      20       11.3     2.69     100     
 0.0018   0.00485  75.3     75.3     75.3    
 0.0135   0.00178  75       75       75      
 0.00443  0.0065   75.1     75.1     75.1    
 100      20       11.3     2.7      100     
 100      20       11.3     15.2     100     
 0.00419  0.00574  75.1     75.1     75.1    
 0.000205 0.085    76.9     76.9     76.9    
 4.66e-05 0.134    90.5     90.5     90.5    
 0.0132   0.00117  115      115      115     
 100      20       11.3     0.0446   100     
 0.0167   0.000302 80.2     80.2     80.2    
 0.00394  0.00459  75.2     75.2     75.2    
 0.0113   0.00229  75.5     75.5     75.5    
 100      20       11.3     2.29     100     
 0.000179 0.0854   76.9     76.9     76.9    
 100      20       11.3     2.66     100     
 100      20       11.3     15.2     100     
 100      20       11.3     0.0687   100     
 100      20       11.3     2.92     100     
 0.00404  0.00578  75.2     75.2     75.2    
 0.00415  0.00179  77.5     77.5     77.5    
 0.0418   0.000171 75       75       75      
 0.0146   0.000681 122      122      122     
 100      20       11.3     15       100     
 0.000487 0.183    75.1     75.1     75.1    
 100      20       11.3     2.9      100     
 100      20       11.3     15       100     
 100      20       11.3     2.83     100     
 0.00252  0.00521  75.2     75.2     75.2    
 0.00172  0.00492  75.3     75.3     75.3    
 0.00229  0.00246  77.7     77.7     77.7    
 7.13e-05 0.00395  78       78       78      
 0.000681 0.00895  75       75       75      
 100      20       11.3     2.73     100     
 100      20       11.3     15       100     
 0.0115   0.00231  75.5     75.5     75.5    
 100      20       11.3     2.29     100     
 100      20       11.3     3.03     100     
 100      20       11.3     2.92     100     
 0.00321  0.00231  77.5     77.5     77.5    
 100      20       11.3     2.89     100     
 100      20       11.3     2.28     100     
 100      20       11.3     2.66     100     
 0.0146   0.000257 122      122      122     
 0.00643  0.00296  75.9     75.9     75.9    
 100      20       11.3     0.00622  100     
 0.000243 0.0124   75.3     75.3     75.3    
 0.00325  0.00611  75.2     75.2     75.2    
 100      20       11.3     15.2     100     
 0.0134   0.00101  115      115      115     
 0.0117   0.0013   119      119      119     
 100      20       11.3     2.7      100     
 0.00103  0.00557  75.3     75.3     75.3    
 0.00641  0.00476  75       75       75      
 0.00645  0.00409  75.1     75.1     75.1    
 0.000967 0.00284  78       78       78      
 0.00262  0.0059   75.2     75.2     75.2    
 100      20       11.3     15       100     
 100      20       11.3     2.33     100     
 100      20       11.3     3.01     100     
 0.0115   0.00247  75       75       75      
 0.00104  0.00471  77.9     77.9     77.9    
 100      20       11.3     0.0819   100     
 0.000784 0.00485  75.8     75.8     75.8    
 5.4e-05  0.134    90.5     90.5     90.5    
 100      20       11.3     2.91     100     
 0.0166   0.000446 80.2     80.2     80.2    
 100      20       11.3     15       100     
 0.00364  0.00474  75.2     75.2     75.2    
 100      20       11.3     2.29     100     
 100      20       11.3     2.29     100     
 100      20       11.3     15.2     100     
 0.00982  0.0043   75       75       75      
 0.00306  0.00135  77.5     77.5     77.5    
 0.0169   0.000923 80.2     80.2     80.2    
 100      20       11.3     15       100     
 100      20       11.3     2.9      100     
 100      20       11.3     15       100     
 0.00252  0.0054   75.2     75.2     75.2    
 100      20       11.3     2.72     100     
 0.000115 0.00363  78       78       78      
 100      20       11.3     15       100     
 100      20       11.3     2.29     100     
 0.00175  0.00306  77.9     77.9     77.9    
 100      20       11.3     2.66     100     
 100      20       11.3     2.69     100     
 0.00641  0.00387  75.7     75.7     75.7    
 0.000252 0.00884  75.3     75.3     75.3    
 4.56e-05 0.201    75.3     75.3     75.3    
 100      20       11.3     2.89     100     
 100      20       11.3     2.9      100     
 100      20       11.3     15       100     
 0.00642  0.0029   75.9     75.9     75.9    
 100      20       11.3     2.69     100     
 100      20       11.3     15.2     100     
 0.00317  0.00441  75.8     75.8     75.8    
 0.000504 0.0412   75.3     75.3     75.3    
 100      20       11.3     0.0666   100     
 8.47e-05 0.176    75.1     75.1     75.1    
 100      20       11.3     0.0725   100     
 0.000509 0.181    75.1     75.1     75.1    
 0.000361 0.202    75       75       75      
 100      20       11.3     2.91     100     
 0.00104  0.00726  75       75       75      
 0.00603  0.00506  75       75       75      
 100      20       11.3     0.00263  100     
 0.0169   0.000135 80.2     80.2     80.2    
 2.66e-05 0.137    84.8     84.8     84.8    
 100      20       11.3     2.69     100     
 100      20       11.3     0.0472   100     
 0.0146   3.52e-05 122      122      122     
 0.000497 0.195    75       75       75      
 0.0024   0.00555  75.2     75.2     75.2    
 0.0105   0.00321  75.5     75.5     75.5    
 0.000966 0.00601  75.3     75.3     75.3    
 0.00724  0.00236  75.7     75.7     75.7    
 0.00586  0.00521  75.1     75.1     75.1    
 100      20       11.3     2.7      100     
 100      20       11.3     15.2     100     
 100      20       11.3     15       100     
 0.00269  0.00483  75.2     75.2     75.2    
 0.00915  0.00261  75.5     75.5     75.5    
 100      20       11.3     2.29     100     
 100      20       11.3     15.2     100     
 100      20       11.3     2.92     100     
 0.00376  0.00634  75.2     75.2     75.2    
 100      20       11.3     2.72     100     
 0.000184 0.0848   76.9     76.9     76.9    
 100      20       11.3     2.73     100     
 100      20       11.3     15       100     
 100      20       11.3     2.29     100     
 100      20       11.3     2.2      100     
 100      20       11.3     2.92     100     
 100      20       11.3     2.28     100     
 100      20       11.3     15.2     100     
 3.24e-05 0.137    84.8     84.8     84.8    
 0.0135   0.000903 115      115      115     
 100      20       11.3     2.7      100     
 0.000995 0.0063   75.3     75.3     75.3    
 100      20       11.3     15.2     100     
 0.0071   0.00407  75.1     75.1     75.1    
 100      20       11.3     15       100     
 0.00563  0.00448  75.1     75.1     75.1    
 0.00105  0.00291  78       78       78      
 100      20       11.3     2.2      100     
 100      20       11.3     2.72     100     
 0.00361  0.00602  75.2     75.2     75.2    
 0.00306  0.00134  77.5     77.5     77.5    
 0.00244  0.00536  75.2     75.2     75.2    
 0.000559 0.00377  78       78       78      
 100      20       11.3     15       100     
 0.00103  0.00405  78       78       78      
 0.000208 0.00957  75.3     75.3     75.3    
 0.000428 0.00199  78       78       78      
 100      20       11.3     0.00541  100     
 100      20       11.3     2.9      100     
 100      20       11.3     15       100     
 0.00642  0.00315  75.9     75.9     75.9    
 0.000387 0.00582  75.8     75.8     75.8    
 100      20       11.3     15.2     100     
 0.000108 0.174    75.1     75.1     75.1    
 100      20       11.3     0.0725   100     
 100      20       11.3     2.91     100     
 100      20       11.3     2.9      100     
 100      20       11.3     15       100     
 100      20       11.3     3.02     100     
 0.00035  0.173    75.2     75.2     75.2    
 100      20       11.3     15.2     100     
 0.000345 0.185    75.1     75.1     75.1    
 0.00374  0.00413  75.5     75.5     75.5    
 100      20       11.3     2.69     100     
 0.00634  0.00349  75.7     75.7     75.7    
 100      20       11.3     2.72     100     
 100      20       11.3     15.2     100     
 0.000505 0.0177   75.3     75.3     75.3    
 0.000192 0.118    75.7     75.7     75.7    
 100      20       11.3     0.0751   100     
 0.0114   0.00429  75       75       75      
 100      20       11.3     2.66     100     
 100      20       11.3     0.0832   100     
 0.000191 0.539    75       75       75      
 100      20       11.3     2.29     100     
 100      20       11.3     2.3      100     
 100      20       11.3     2.33     100     
 0.0042   0.00132  77.6     77.6     77.6    
 0.00067  0.00534  77.7     77.7     77.7    
 100      20       11.3     2.69     100     
 0.0064   0.00433  75.9     75.9     75.9    
 100      20       11.3     2.69     100     
 0.000237 0.0564   76       76       76      
 100      20       11.3     15       100     
 100      20       11.3     2.72     100     
 100      20       11.3     15       100     
 0.00724  0.00241  75.7     75.7     75.7    
 100      20       11.3     2.32     100     
 100      20       11.3     15       100     
 100      20       11.3     2.29     100     
 100      20       11.3     2.2      100     
 100      20       11.3     2.33     100     
 100      20       11.3     2.72     100     
 0.000228 0.0848   76.9     76.9     76.9    
 100      20       11.3     2.2      100     
 100      20       11.3     15.2     100     
 100      20       11.3     15       100     
 100      20       11.3     2.2      100     
 100      20       11.3     2.72     100     
 100      20       11.3     15.2     100     
 0.000431 0.002    78       78       78      
 0.000726 0.00689  75.8     75.8     75.8    
 0.000541 0.0239   75.3     75.3     75.3    
 0.000211 0.118    75.7     75.7     75.7    
 100      20       11.3     0.0473   100     
 0.00417  0.00149  77.6     77.6     77.6    
 100      20       11.3     2.91     100     
 100      20       11.3     2.91     100     
 0.00394  0.00161  77.6     77.6     77.6    
 0.0116   0.00399  75       75       75      
 0.000411 0.214    75       75       75      
 100      20       11.3     0.0681   100     
 100      20       11.3     0.00326  100     
 0.000908 0.00618  77.3     77.3     77.3    
 100      20       11.3     2.91     100     
 100      20       11.3     2.72     100     
 100      20       11.3     3.02     100     
 0.000229 0.179    75.1     75.1     75.1    
 100      20       11.3     2.91     100     
 0.000465 0.193    75.1     75.1     75.1    
 0.00196  0.00345  78       78       78      
 100      20       11.3     2.89     100     
 100      20       11.3     15       100     
 0.0167   0.000845 80.2     80.2     80.2    
 100      20       11.3     15.2     100     
 100      20       11.3     15.2     100     
 100      20       11.3     2.69     100     
 0.00129  0.00542  75.8     75.8     75.8    
 9.1e-05  0.202    75.3     75.3     75.3    
 0.000159 0.153    79.4     79.4     79.4    
 0.000288 0.0469   76       76       76      
 0.000153 0.137    84.8     84.8     84.8    
 0.000285 0.0479   76       76       76      
 0.000302 0.016    76       76       76      
 100      20       11.3     2.32     100     
 100      20       11.3     2.89     100     
 0.000299 0.117    75.7     75.7     75.7    
 100      20       11.3     2.66     100     
 0.000158 0.0392   121      121      121     
 100      20       11.3     15       100     
 0.00348  0.00281  77.7     77.7     77.7    
 0.000721 0.0379   75.3     75.3     75.3    
 0.000167 0.148    79.4     79.4     79.4    
 0.000212 0.0352   121      121      121     
 100      20       11.3     0.00734  100     
 100      20       11.3     2.89     100     
 0.00533  0.0047   75.7     75.7     75.7    
 100      20       11.3     0.047    100     
 100      20       11.3     2.69     100     
 100      20       11.3     2.69     100     
 0.0048   0.00562  75.5     75.5     75.5    
 100      20       11.3     2.83     100     
 0.0297   0.00141  75       75       75      
 100      20       11.3     0.023    100     
 0.00733  0.00318  75.6     75.6     75.6    
 100      20       11.3     2.71     100     
 0.0141   0.00134  116      116      116     
 100      20       11.3     2.16     100     
 100      20       11.3     2.28     100     
 0.0203   0.000703 80.2     80.2     80.2    
 0.00772  0.00434  75.2     75.2     75.2    
 0.00733  0.00293  75.6     75.6     75.6    
 0.0138   0.00123  116      116      116     
 0.0404   0.00115  75       75       75      
 0.00998  0.00394  75.6     75.6     75.6    
 0.00639  0.00569  75.3     75.3     75.3    
 100      20       11.3     2.71     100     
 0.00702  0.00429  75.6     75.6     75.6    
 0.0301   0.0012   75       75       75      
 100      20       11.3     0.0163   100     
 0.00348  0.00561  75.5     75.5     75.5    
 0.00624  0.00649  75       75       75      
 0.0323   0.00114  77.1     77.1     77.1    
 0.00491  0.00519  75.7     75.7     75.7    
 0.0132   0.00123  122      122      122     
 0.00836  0.00289  75.7     75.7     75.7    
 0.0155   0.00173  75       75       75      
 100      20       11.3     0.0937   100     
 0.00562  0.00463  77.5     77.5     77.5    
 6.96e-05 0.132    90.5     90.5     90.5    
 0.0145   0.00109  115      115      115     
 100      20       11.3     15       100     
 0.000316 0.117    75.7     75.7     75.7    
 100      20       11.3     2.9      100     
 0.0128   0.00289  75       75       75      
 0.000323 0.00454  78       78       78      
 0.000719 0.0382   75.3     75.3     75.3    
 100      20       11.3     15.2     100     
 100      20       11.3     0.00847  100     
 100      20       11.3     2.3      100     
 0.0139   0.00131  116      116      116     
 0.000138 0.0647   121      121      121     
 100      20       11.3     0.0529   100     
 0.000836 0.0132   75.2     75.2     75.2    
 0.00338  0.00542  75.5     75.5     75.5    
 0.000999 0.155    75       75       75      
 7.41e-05 0.0411   121      121      121     
 100      20       11.3     2.3      100     
 0.000302 0.119    75.7     75.7     75.7    
 0.00511  0.00263  77.5     77.5     77.5    
 0.000477 0.202    75       75       75      
 100      20       11.3     0.00274  100     
 100      20       11.3     2.71     100     
 100      20       11.3     2.24     100     
 0.0144   0.00175  75       75       75      
 0.0114   0.00431  75       75       75      
 0.000395 0.206    75       75       75      
 100      20       11.3     2.29     100     
 100      20       11.3     15.2     100     
 100      20       11.3     2.66     100     
 0.0156   0.00106  122      122      122     
 0.000843 0.187    75.1     75.1     75.1    
 0.000646 0.0104   76       76       76      
 100      20       11.3     2.9      100     
 0.00407  0.00676  75.2     75.2     75.2    
 0.00244  0.0031   77.7     77.7     77.7    
 100      20       11.3     15.2     100     
 100      20       11.3     0.0102   100     
 0.00287  0.00651  75.2     75.2     75.2    
 100      20       11.3     15.2     100     
 0.000146 0.137    84.8     84.8     84.8    
 0.000674 0.189    75.1     75.1     75.1    
 0.000295 0.117    75.7     75.7     75.7    
 0.000144 0.0409   121      121      121     
 0.000199 0.0405   83.5     83.5     83.5    
 0.000196 0.0344   121      121      121     
 7.26e-05 0.364    83.7     83.7     83.7    
 0.0148   0.00134  115      115      115     
 5.4e-05  0.0459   121      121      121     
 100      20       11.3     2.17     100     
 0.0201   0.000872 80.2     80.2     80.2    
 0.00745  0.0043   75.3     75.3     75.3    
 0.000606 0.0133   77.7     77.7     77.7    
 100      20       11.3     1.39     100     
 0.00916  0.00267  75.7     75.7     75.7    
 100      20       11.3     2.33     100     
 100      20       11.3     15       100     
 100      20       11.3     0.0858   100     
 6.47e-05 0.135    90.5     90.5     90.5    
 0.000209 0.537    75       75       75      
 100      20       11.3     15.2     100     
 100      20       11.3     2.31     100     
 0.000139 0.0643   121      121      121     
 100      20       11.3     2.92     100     
 0.00328  0.00544  75.6     75.6     75.6    
 100      20       11.3     1.37     100     
 0.00103  0.155    75       75       75      
 0.000128 0.0398   121      121      121     
 100      20       11.3     1.44     100     
 100      20       11.3     2.2      100     
 0.00572  0.00238  77.5     77.5     77.5    
 0.000125 0.0647   121      121      121     
 0.000153 0.136    84.8     84.8     84.8    
 0.00021  0.0369   83.5     83.5     83.5    
 0.382    0.000178 75       75       75      
 0.01     0.00348  75.6     75.6     75.6    
 7.07e-05 0.131    90.5     90.5     90.5    
 0.00676  0.00469  75.7     75.7     75.7    
 100      20       11.3     0.0623   100     
 0.00104  0.00684  75.3     75.3     75.3    
 100      20       11.3     15       100     
 0.00688  0.00291  75.7     75.7     75.7    
 0.0129   0.00243  75       75       75      
 0.0119   0.00337  75       75       75      
 100      20       11.3     2.32     100     
 100      20       11.3     0.0675   100     
 0.0429   0.000238 75       75       75      
 100      20       11.3     15       100     
 0.00242  0.00371  77.7     77.7     77.7    
 0.0146   0.000652 122      122      122     
 0.000434 0.0156   75.3     75.3     75.3    
 0.00642  0.00478  75       75       75      
 100      20       11.3     15       100     
 100      20       11.3     2.33     100     
 100      20       11.3     3.01     100     
 0.000758 0.00635  75.8     75.8     75.8    
 0.017    0.000326 80.2     80.2     80.2    
 100      20       11.3     2.29     100     
 100      20       11.3     2.66     100     
 0.00643  0.0039   75.9     75.9     75.9    
 0.000801 0.202    75       75       75      
 100      20       11.3     0.00389  100     
 0.0101   0.00471  75       75       75      
 100      20       11.3     2.91     100     
 0.000508 0.19     75.1     75.1     75.1    
 100      20       11.3     2.89     100     
 0.0167   0.000779 80.2     80.2     80.2    
 100      20       11.3     15.2     100     
 0.000663 0.0147   76       76       76      
 0.000173 0.039    121      121      121     
 0.000404 0.00367  78       78       78      
 0.000204 0.0362   121      121      121     
 0.0298   0.00135  75       75       75      
 0.0141   0.00134  116      116      116     
 100      20       11.3     2.28     100     
 0.00729  0.00401  75.6     75.6     75.6    
 0.00349  0.00554  75.5     75.5     75.5    
 100      20       11.3     0.0936   100     
 0.0145   0.00124  115      115      115     
 0.00048  0.00624  77.7     77.7     77.7    
 100      20       11.3     2.29     100     
 100      20       11.3     0.00944  100     
 100      20       11.3     1.38     100     
 0.000878 0.156    75       75       75      
 0.000165 0.0321   121      121      121     
 0.00516  0.00301  77.5     77.5     77.5    
 0.00106  0.00738  75       75       75      
 0.000449 0.205    75       75       75      
 0.0101   0.00406  75.5     75.5     75.5    
 100      20       11.3     15.2     100     
 0.00086  0.186    75.1     75.1     75.1    
 0.00245  0.00359  77.7     77.7     77.7    
 100      20       11.3     0.011    100     
 0.00276  0.00614  75.2     75.2     75.2    
 100      20       11.3     0.0726   100     
 0.000155 0.0403   83.5     83.5     83.5    
 7.72e-05 0.364    83.7     83.7     83.7    
 0.0148   0.00125  115      115      115     
 0.00976  0.00401  75.6     75.6     75.6    
 0.00026  0.00878  78       78       78      
 100      20       11.3     2.25     100     
 0.00578  0.00531  75.7     75.7     75.7    
 100      20       11.3     2.33     100     
 100      20       11.3     15       100     
 0.004    0.00318  77.5     77.5     77.5    
 100      20       11.3     15.2     100     
 100      20       11.3     15.2     100     
 0.00334  0.00534  75.9     75.9     75.9    
 100      20       11.3     1.37     100     
 100      20       11.3     1.44     100     
 7.02e-05 0.367    83.7     83.7     83.7    
 100      20       11.3     2.9      100     
 5.84e-05 3.03     75.5     75.5     75.5    
 0.00337  0.00733  75       75       75      
 0.0041   0.00729  75.1     75.1     75.1    
 100      20       11.3     15.2     100     
 100      20       11.3     15.2     100     
 0.00218  0.00489  77.9     77.9     77.9    
 100      20       11.3     2.2      100     
 7.37e-05 0.0438   121      121      121     
 0.01     0.00354  75.6     75.6     75.6    
 0.000684 0.00313  78       78       78      
 0.000676 0.00356  78       78       78      
 100      20       11.3     2.29     100     
 100      20       11.3     15       100     
 100      20       11.3     2.2      100     
 0.00356  0.00221  94.2     94.2     94.2    
 100      20       11.3     15       100     
 0.0102   0.00474  75       75       75      
 100      20       11.3     15.2     100     
 0.000682 0.00345  78       78       78      
 100      20       11.3     2.33     100     
 0.000208 0.033    121      121      121     
 0.000909 0.185    75.1     75.1     75.1    
 0.000293 0.0416   83.5     83.5     83.5    
 0.000449 0.0201   76       76       76      
 100      20       11.3     2.72     100     
 0.000948 0.185    75.1     75.1     75.1    
 0.000472 0.00413  78       78       78      
 0.000446 0.116    75.8     75.8     75.8    
 0.001    0.00948  76.1     76.1     76.1    
 100      20       11.3     2.29     100     
 0.0149   0.00132  115      115      115     
 0.134    0.000311 78.7     78.7     78.7    
 100      20       11.3     2.2      100     
 100      20       11.3     2.69     100     
 0.0204   0.000494 80.2     80.2     80.2    
 7.11e-05 0.135    90.5     90.5     90.5    
 0.00645  0.00516  75       75       75      
 100      20       11.3     2.2      100     
 0.369    0.000592 75       75       75      
 100      20       11.3     2.29     100     
 0.0151   0.00129  115      115      115     
 100      20       11.3     15       100     
 100      20       11.3     2.29     100     
 100      20       11.3     0.052    100     
 0.000286 0.0327   121      121      121     
 0.0124   0.00386  75       75       75      
 100      20       11.3     2.29     100     
 100      20       11.3     2.7      100     
 0.00838  0.00279  77.5     77.5     77.5    
 0.000295 0.032    121      121      121     
 100      20       11.3     2.83     100     
 0.00106  0.00741  75       75       75      
 100      20       11.3     0.063    100     
 0.0102   0.00426  75.5     75.5     75.5    
 0.0135   0.00261  75       75       75      
 100      20       11.3     2.32     100     
 100      20       11.3     2.2      100     
 100      20       11.3     0.0745   100     
 0.000984 0.184    75.1     75.1     75.1    
 100      20       11.3     2.25     100     
 0.372    0.000331 75       75       75      
 0.00655  0.00453  77.5     77.5     77.5    
 100      20       11.3     0.052    100     
 100      20       11.3     15.2     100     
 0.00837  0.00281  77.5     77.5     77.5    
 100      20       11.3     2.83     100     
 100      20       11.3     0.0629   100     
 100      20       11.3     15       100     
 0.00426  0.00647  75.3     75.3     75.3    
 0.000664 0.0106   76       76       76      
 0.000652 0.0107   76       76       76      
 100      20       11.3     15.2     100     
 0.000155 0.364    83.7     83.7     83.7    
 100      20       11.3     2.9      100     
 100      20       11.3     15.2     100     
 0.000296 0.035    121      121      121     
 100      20       11.3     15.2     100     
 0.000151 3.03     75.5     75.5     75.5    
 0.000266 0.0408   83.5     83.5     83.5    
 100      20       11.3     15.2     100     
 0.000132 0.363    83.7     83.7     83.7    
 100      20       11.3     0.0108   100     
 0.000211 0.0853   83.5     83.5     83.5    
 0.000212 3.03     75.5     75.5     75.5    
 0.0151   0.00143  115      115      115     
 5.42e-05 0.0462   121      121      121     
 0.0164   0.00154  115      115      115     
 0.0135   0.00154  115      115      115     
 100      20       11.3     0.00688  100     
 0.00132  0.00648  77.3     77.3     77.3    
 100      20       11.3     15.2     100     
 100      20       11.3     1.39     100     
 0.00396  0.00654  75.2     75.2     75.2    
 0.00251  0.00565  78       78       78      
 0.015    0.00154  115      115      115     
 0.00284  0.00549  77.3     77.3     77.3    
 100      20       11.3     2.33     100     
 100      20       11.3     2.2      100     
 100      20       11.3     2.24     100     
 8.82e-05 0.365    83.7     83.7     83.7    
 0.00421  0.00155  77.6     77.6     77.6    
 0.000372 0.537    75       75       75      
 100      20       11.3     15.2     100     
 100      20       11.3     0.00416  100     
 100      20       11.3     15.2     100     
 100      20       11.3     2.17     100     
 100      20       11.3     2.92     100     
 0.000878 0.183    75.1     75.1     75.1    
 100      20       11.3     0.0698   100     
 100      20       11.3     0.0704   100     
 100      20       11.3     15       100     
 100      20       11.3     0.0868   100     
 0.0002   3.03     75.5     75.5     75.5    
 100      20       11.3     1.38     100     
 100      20       11.3     1.44     100     
 100      20       11.3     2.2      100     
 0.0169   0.0013   80.3     80.3     80.3    
 100      20       11.3     15.2     100     
 100      20       11.3     0.0744   100     
 0.000144 0.0441   121      121      121     
 100      20       11.3     2.9      100     
 100      20       11.3     2.9      100     
 0.000292 0.0359   121      121      121     
 0.00519  0.00291  77.5     77.5     77.5    
 100      20       11.3     2.66     100     
 0.000384 0.0408   83.5     83.5     83.5    
 100      20       11.3     15       100     
 0.000154 0.137    84.8     84.8     84.8    
 0.00029  0.0485   76       76       76      
 9.37e-05 0.061    121      121      121     
 0.000229 0.0522   121      121      121     
 0.0147   0.00122  122      122      122     
 0.000375 0.0359   121      121      121     
 0.000154 0.0649   121      121      121     
 0.000193 0.0455   121      121      121     
 0.000421 0.0455   80.5     80.5     80.5    
 100      20       11.3     15       100     
 100      20       11.3     2.72     100     
 100      20       11.3     2.17     100     
 100      20       11.3     0.251    100     
 0.0168   0.00125  80.4     80.4     80.4    
 0.000296 0.0355   121      121      121     
 0.000303 0.0402   83.5     83.5     83.5    
 0.00592  0.00282  77.5     77.5     77.5    
 0.000315 0.0341   121      121      121     
 0.000437 0.0329   121      121      121     
 100      20       11.3     15       100     
 100      20       11.3     2.72     100     
 100      20       11.3     2.89     100     
 0.000424 0.527    75       75       75      
 0.00279  0.00593  77.5     77.5     77.5    
 0.009    0.00444  75.5     75.5     75.5    
 100      20       11.3     2.66     100     
 0.0135   0.00345  75       75       75      
 100      20       11.3     15       100     
 0.00024  0.2      75.3     75.3     75.3    
 0.000443 0.117    75.7     75.7     75.7    
 100      20       11.3     2.91     100     
 0.00453  0.0018   77.6     77.6     77.6    
 100      20       11.3     15       100     
 0.000488 0.00251  78       78       78      
 100      20       11.3     2.29     100     
 0.00232  0.00703  75.6     75.6     75.6    
 100      20       11.3     15       100     
 0.00193  0.00568  78       78       78      
 0.000686 0.0024   78       78       78      
 0.00126  0.00693  75.8     75.8     75.8    
 0.000179 0.162    79.5     79.5     79.5    
 0.00017  0.136    84.8     84.8     84.8    
 100      20       11.3     2.33     100     
 0.00093  0.185    75.1     75.1     75.1    
 100      20       11.3     2.32     100     
 0.00033  0.117    75.7     75.7     75.7    
 100      20       11.3     15.2     100     
 0.000558 0.0458   75.3     75.3     75.3    
 0.000447 0.116    75.8     75.8     75.8    
 100      20       11.3     0.0478   100     
 100      20       11.3     2.29     100     
 100      20       11.3     2.69     100     
 100      20       11.3     2.83     100     
 100      20       11.3     0.0244   100     
 100      20       11.3     2.72     100     
 100      20       11.3     2.17     100     
 0.0196   0.000754 80.2     80.2     80.2    
 0.00983  0.00435  75.6     75.6     75.6    
 0.0203   0.000509 80.2     80.2     80.2    
 0.000155 0.133    90.5     90.5     90.5    
 0.00645  0.00481  75       75       75      
 0.00634  0.00652  75       75       75      
 100      20       11.3     2.2      100     
 0.00914  0.00352  75.7     75.7     75.7    
 0.0124   0.00407  75       75       75      
 0.0447   0.000725 75       75       75      
 100      20       11.3     15       100     
 0.0135   0.00321  75       75       75      
 100      20       11.3     2.29     100     
 100      20       11.3     15       100     
 100      20       11.3     15.2     100     
 0.000977 0.183    75.1     75.1     75.1    
 100      20       11.3     1.38     100     
 0.00014  0.0651   121      121      121     
 0.0116   0.00271  77.5     77.5     77.5    
 100      20       11.3     2.2      100     
 0.000182 0.0637   121      121      121     
 100      20       11.3     15       100     
 0.000795 0.0102   76       76       76      
 0.000248 0.0367   121      121      121     
 100      20       11.3     0.0137   100     
 0.0151   0.00143  115      115      115     
 8.86e-05 0.0444   121      121      121     
 0.000976 0.0099   76       76       76      
 100      20       11.3     1.39     100     
 100      20       11.3     2.2      100     
 0.00292  0.00572  77.3     77.3     77.3    
 100      20       11.3     2.24     100     
 0.000199 3.03     75.5     75.5     75.5    
 100      20       11.3     1.38     100     
 0.000265 0.0359   121      121      121     
 0.000234 0.0403   83.5     83.5     83.5    
 100      20       11.3     15       100     
 0.000428 0.0445   76       76       76      
 0.000222 0.0526   121      121      121     
 0.000173 0.0453   121      121      121     
 0.000361 0.04     83.5     83.5     83.5    
 0.000327 0.0374   121      121      121     
 0.000199 0.0452   121      121      121     
 0.000175 0.0646   121      121      121     
 0.000245 0.0376   121      121      121     
 0.000162 0.137    84.8     84.8     84.8    
 0.000393 0.0296   121      121      121     
 0.0156   0.00179  75       75       75      
 0.00886  0.0029   75.9     75.9     75.9    
 100      20       11.3     2.69     100     
 0.00964  0.00378  75.6     75.6     75.6    
 100      20       11.3     15       100     
 100      20       11.3     2.91     100     
 0.000713 0.195    75.3     75.3     75.3    
 100      20       11.3     3.02     100     
 100      20       11.3     15       100     
 0.0167   0.00133  80.2     80.2     80.2    
 100      20       11.3     15.2     100     
 0.000255 0.0361   121      121      121     
 100      20       11.3     15.2     100     
 0.000154 3.03     75.5     75.5     75.5    
 0.000775 0.0401   75.3     75.3     75.3    
 100      20       11.3     2.31     100     
 100      20       11.3     2.69     100     
 100      20       11.3     0.029    100     
 0.0302   0.00125  75       75       75      
 0.015    0.00145  115      115      115     
 100      20       11.3     2.3      100     
 100      20       11.3     15.2     100     
 100      20       11.3     2.91     100     
 100      20       11.3     0.0529   100     
 100      20       11.3     0.0701   100     
 0.00298  0.00398  78       78       78      
 100      20       11.3     1.38     100     
 100      20       11.3     15.2     100     
 0.000232 0.0449   121      121      121     
 0.000421 0.0353   121      121      121     
 0.000409 0.0454   80.5     80.5     80.5    
 0.00886  0.00341  75.9     75.9     75.9    
 0.0103   0.00319  75.7     75.7     75.7    
 0.0108   0.00317  75.7     75.7     75.7    
 100      20       11.3     0.0461   100     
 0.000337 0.0307   121      121      121     
 100      20       11.3     0.00895  100     
 100      20       11.3     15       100     
 0.000167 0.0522   121      121      121     
 9.91e-05 0.0443   121      121      121     
 100      20       11.3     2.89     100     
 0.000506 0.202    75       75       75      
 0.000349 0.0297   121      121      121     
 0.000415 0.0385   121      121      121     
 100      20       11.3     2.9      100     
 0.000853 0.0169   76       76       76      
 0.0418   0.00116  75       75       75      
 100      20       11.3     2.89     100     
 100      20       11.3     2.71     100     
 0.0115   0.00468  75.2     75.2     75.2    
 100      20       11.3     0.291    100     
 0.0298   0.00144  75       75       75      
 0.00406  0.00628  77.3     77.3     77.3    
 0.00546  0.00588  77.3     77.3     77.3    
 100      20       11.3     2.71     100     
 100      20       11.3     15       100     
 0.00646  0.00492  75       75       75      
 0.00093  0.185    75.1     75.1     75.1    
 100      20       11.3     15       100     
 100      20       11.3     15       100     
 0.0505   0.00108  75       75       75      
 0.0456   0.0011   75       75       75      
 100      20       11.3     1.39     100     
 100      20       11.3     15       100     
 0.0101   0.0039   75.6     75.6     75.6    
 100      20       11.3     15       100     
 100      20       11.3     2.29     100     
 100      20       11.3     0.0762   100     
 0.000246 0.0561   121      121      121     
 0.000311 3.03     75.5     75.5     75.5    
 0.000279 3.03     75.5     75.5     75.5    
 0.00131  0.148    75       75       75      
 0.0138   0.00265  75       75       75      
 0.00168  0.124    75       75       75      
 0.00113  0.0127   75.2     75.2     75.2    
 0.000358 3.03     75.5     75.5     75.5    
 100      20       11.3     2.25     100     
 0.00132  0.0105   76       76       76      
 0.00174  0.124    75       75       75      
 0.000349 3.03     75.5     75.5     75.5    
 0.00336  0.00753  75       75       75      
 0.00412  0.00746  75.1     75.1     75.1    
 100      20       11.3     2.2      100     
 0.00146  0.0105   76       76       76      
 0.000339 3.03     75.5     75.5     75.5    
 0.00179  0.0157   75.2     75.2     75.2    
 0.00175  0.00917  75.3     75.3     75.3    
 100      20       11.3     2.29     100     
 0.00143  0.144    75       75       75      
 0.00157  0.134    75       75       75      
 0.00134  0.01     76.1     76.1     76.1    
 0.00164  0.00823  75.3     75.3     75.3    
 0.00233  0.00606  78       78       78      
 0.00146  0.0155   75.2     75.2     75.2    
 0.000431 0.204    75.3     75.3     75.3    
 0.000254 0.0435   83.5     83.5     83.5    
 0.000652 0.00451  78       78       78      
 0.000237 0.0425   121      121      121     
 0.00021  0.0343   121      121      121     
 0.000261 0.375    82       82       82      
 0.000193 0.0454   121      121      121     
 0.00045  0.0413   83.4     83.4     83.4    
 0.000263 0.0339   121      121      121     
 0.000368 3.03     76       76       76      
 0.000496 0.0484   76       76       76      
 100      20       11.3     15.2     100     
 100      20       11.3     2.3      100     
 0.000236 0.0442   121      121      121     
 100      20       11.3     0.0236   100     
 100      20       11.3     1.38     100     
 0.000266 0.0425   121      121      121     
 100      20       11.3     2.3      100     
 0.00101  0.111    75.6     75.6     75.6    
 100      20       11.3     2.31     100     
 0.00023  0.133    90.6     90.6     90.6    
 0.0132   0.00163  115      115      115     
 100      20       11.3     1.38     100     
 0.00571  0.00274  77.6     77.6     77.6    
 0.0138   0.00161  116      116      116     
 100      20       11.3     15       100     
 100      20       11.3     2.9      100     
 100      20       11.3     15.2     100     
 100      20       11.3     2.66     100     
 0.00091  0.11     75.6     75.6     75.6    
 0.000167 0.065    121      121      121     
 0.000793 0.116    75.6     75.6     75.6    
 100      20       11.3     15       100     
 100      20       11.3     15.2     100     
 0.00503  0.00196  78       78       78      
 0.000902 0.117    75.6     75.6     75.6    
 0.016    0.00192  75       75       75      
 100      20       11.4     0.00711  100     
 100      20       11.3     2.17     100     
 100      20       11.3     0.0535   100     
 0.00029  0.0408   83.5     83.5     83.5    
 0.000373 0.0409   83.5     83.5     83.5    
 100      20       11.3     2.9      100     
 0.000317 3.03     75.5     75.5     75.5    
 0.00166  0.00682  77.7     77.7     77.7    
 100      20       11.3     1.44     100     
 100      20       11.3     2.3      100     
 0.00464  0.00356  77.7     77.7     77.7    
 100      20       11.3     15.2     100     
 100      20       11.3     2.34     100     
 100      20       11.3     0.0116   100     
 0.000417 0.542    75.1     75.1     75.1    
 0.00399  0.00704  75.7     75.7     75.7    
 100      20       11.3     2.36     100     
 0.0014   0.00773  77.9     77.9     77.9    
 0.00487  0.00674  75.7     75.7     75.7    
 0.000224 0.134    90.6     90.6     90.6    
 0.00293  0.00697  77.4     77.4     77.4    
 100      20       11.3     0.0114   100     
 0.000133 0.045    121      121      121     
 0.000322 0.037    121      121      121     
 0.00016  0.0487   121      121      121     
 0.000152 0.0452   121      121      121     
 100      20       11.3     2.9      100     
 0.000139 0.047    121      121      121     
 0.000316 0.0353   121      121      121     
 0.000439 0.0405   121      121      121     
 0.000163 0.0483   121      121      121     
 0.000508 0.203    75       75       75      
 0.000688 0.203    75       75       75      
 0.00101  0.0412   76.1     76.1     76.1    
 0.000451 0.0354   121      121      121     
 0.000413 0.0317   121      121      121     
 0.000437 0.0325   121      121      121     
 0.000331 0.036    121      121      121     
 0.000426 0.036    121      121      121     
 0.000421 0.0382   121      121      121     
 0.0328   0.00155  75       75       75      
 0.0332   0.00146  77.2     77.2     77.2    
 100      20       11.3     2.66     100     
 0.000442 0.0306   121      121      121     
 100      20       11.3     2.9      100     
 0.00021  0.0444   121      121      121     
 0.000461 0.0393   121      121      121     
 0.000384 0.04     121      121      121     
 0.00047  0.0312   121      121      121     
 0.000291 0.0565   76       76       76      
 100      20       11.3     15       100     
 100      20       11.3     0.0261   100     
 100      20       11.3     2.2      100     
 0.000484 0.00962  78       78       78      
 0.000808 0.00261  78       78       78      
 100      20       11.3     0.0937   100     
 0.000214 0.134    90.5     90.5     90.5    
 100      20       11.3     15       100     
 100      20       11.3     2.69     100     
 0.000725 0.00264  78       78       78      
 100      20       11.3     2.72     100     
 100      20       11.3     15       100     
 0.00647  0.00485  75       75       75      
 0.000396 0.201    75.4     75.4     75.4    
 0.000295 0.0417   83.5     83.5     83.5    
 0.000981 0.184    75.1     75.1     75.1    
 0.00529  0.00315  77.7     77.7     77.7    
 100      20       11.3     15       100     
 100      20       11.3     15       100     
 100      20       11.3     2.3      100     
 100      20       11.3     0.0523   100     
 0.0138   0.00263  75       75       75      
 100      20       11.3     2.7      100     
 0.000171 0.0646   121      121      121     
 0.000366 0.0394   121      121      121     
 100      20       11.3     2.83     100     
 100      20       11.3     2.33     100     
 100      20       11.3     2.2      100     
 0.00168  0.00743  75.3     75.3     75.3    
 100      20       11.3     2.17     100     
 7.54e-05 0.137    90.6     90.6     90.6    
 100      20       11.3     0.0523   100     
 0.00111  0.153    75       75       75      
 100      20       11.3     0.066    100     
 0.00444  0.00682  75.3     75.3     75.3    
 100      20       11.3     0.0802   100     
 0.0013   0.0124   76.1     76.1     76.1    
 0.000296 3.03     75.5     75.5     75.5    
 0.000274 3.03     75.5     75.5     75.5    
 0.00132  0.148    75       75       75      
 100      20       11.3     15       100     
 0.00132  0.00846  77.3     77.3     77.3    
 0.00108  0.0169   75.2     75.2     75.2    
 100      20       11.3     15.2     100     
 0.000301 3.03     75.5     75.5     75.5    
 100      20       11.3     2.2      100     
 100      20       11.3     2.72     100     
 0.00126  0.0127   75.3     75.3     75.3    
 100      20       11.3     2.17     100     
 0.00135  0.00996  76.1     76.1     76.1    
 100      20       11.3     0.292    100     
 0.0169   0.00133  80.3     80.3     80.3    
 0.00029  0.0423   83.5     83.5     83.5    
 100      20       11.3     0.0761   100     
 100      20       11.3     2.9      100     
 0.000239 0.0424   121      121      121     
 0.000249 0.137    84.8     84.8     84.8    
 0.000244 0.0347   121      121      121     
 0.000198 0.0636   121      121      121     
 0.0011   0.182    75.1     75.1     75.1    
 0.000462 0.037    83.4     83.4     83.4    
 0.000271 0.0331   121      121      121     
 0.000248 0.0461   121      121      121     
 0.382    0.000666 75       75       75      
 0.378    0.000761 75       75       75      
 0.0591   0.000616 83.3     83.3     83.3    
 100      20       11.3     2.83     100     
 0.00488  0.00413  77.6     77.6     77.6    
 0.00186  0.00771  75       75       75      
 100      20       11.3     15.2     100     
 0.000472 0.116    75.8     75.8     75.8    
 0.00105  0.00981  76.1     76.1     76.1    
 0.000276 3.03     75.5     75.5     75.5    
 0.0133   0.00387  75       75       75      
 100      20       11.3     2.28     100     
 0.00135  0.0103   76       76       76      
 100      20       11.3     2.2      100     
 0.000327 3.03     75.5     75.5     75.5    
 0.015    0.00147  115      115      115     
 0.0118   0.00474  75       75       75      
 0.000573 0.00446  78       78       78      
 0.00133  0.0102   76.1     76.1     76.1    
 0.00157  0.127    75       75       75      
 0.00164  0.125    75       75       75      
 0.000244 0.0412   121      121      121     
 0.000283 0.0332   121      121      121     
 0.000348 3.03     75.5     75.5     75.5    
 100      20       11.3     0.0669   100     
 0.0347   0.00114  81.9     81.9     81.9    
 0.283    0.000989 80.2     80.2     80.2    
 0.301    0.00061  82.3     82.3     82.3    
 0.3      0.000371 82.3     82.3     82.3    
 0.00102  0.184    75.1     75.1     75.1    
 100      20       11.3     0.0262   100     
 9.38e-05 0.135    90.6     90.6     90.6    
 0.013    0.00452  75       75       75      
 0.000284 0.371    82       82       82      
 0.000188 0.0459   121      121      121     
 0.000133 0.135    90.6     90.6     90.6    
 100      20       11.3     2.29     100     
 0.302    0.000567 82.3     82.3     82.3    
 0.3      0.00051  82.4     82.4     82.4    
 0.0116   0.00374  75.7     75.7     75.7    
 0.0346   0.000894 81.9     81.9     81.9    
 100      20       11.3     2.17     100     
 0.025    0.00112  82       82       82      
 100      20       11.3     15.2     100     
 100      20       11.3     15.2     100     
 100      20       11.3     2.31     100     
 100      20       11.3     3.03     100     
 0.000707 0.0136   77.7     77.7     77.7    
 100      20       11.3     3.02     100     
 0.00104  0.00726  75       75       75      
 0.014    0.00151  75       75       75      
 100      20       11.3     0.00263  100     
 246      246      6.13     20       100     
 0.0146   3.52e-05 122      122      122     
 2.66e-05 0.137    84.8     84.8     84.8    
