1000 5
 1.68     3.31     8.33     15.6     0       
 0.609    0.427    8.4      20       0       
 1.73     1.72     8.37     15.9     0       
 1.86     0.121    8.28     14.7     0       
 1.72     2.87     8.31     15.6     0       
 0.786    0.258    8.3      20.4     0       
 1.66     3.22     8.33     15.6     0       
 1.71     2.74     8.43     15.7     0       
 1.71     2.72     8.43     15.7     0       
 0.784    0.264    8.29     20.4     0       
 1.71     2.84     8.43     15.6     0       
 1.67     3.21     8.39     15.8     0       
 0.688    0.186    8.32     20.4     0       
 1.75     1.41     8.45     15.8     0       
 1.67     3.05     8.32     15.8     0       
 1.86     0.122    8.28     14.8     0       
 1.84     0.181    8.25     14.8     0       
 1.73     1.78     8.35     15.7     0       
 1.72     2.86     8.41     15.8     0       
 0.785    0.259    8.29     20.4     0       
 1.71     2.72     8.44     15.7     0       
 1.7      2.69     8.44     15.8     0       
 1.86     0.122    8.28     14.8     0       
 1.86     0.121    8.29     14.8     0       
 0.786    0.258    8.29     20.4     0       
 1.71     2.71     8.43     15.9     0       
 1.71     2.73     8.44     15.8     0       
 1.71     2.79     8.43     15.6     0       
 0.689    0.136    8.32     20.4     0       
 1.73     1.82     8.34     15.9     0       
 1.72     2.79     8.43     15.6     0       
 1.67     3.19     8.39     15.8     0       
 1.68     3.31     8.33     15.6     0       
 1.73     1.71     8.47     15.9     0       
 1.71     2.72     8.43     15.8     0       
 1.67     3.21     8.39     15.8     0       
 1.71     2.7      8.44     15.8     0       
 1.84     0.192    8.11     14.8     0       
 1.84     0.204    8.11     15       0       
 1.86     0.124    8.29     14.9     0       
 1.66     3.22     8.45     15.6     0       
 1.86     0.116    8.24     14.7     0       
 1.84     0.193    8.1      14.9     0       
 1.67     3.22     8.39     15.6     0       
 0.69     0.159    8.32     20.4     0       
 1.86     0.12     8.29     14.7     0       
 1.86     0.13     8.29     14.7     0       
 1.72     2.87     8.31     15.6     0       
 0.785    0.254    8.29     20.4     0       
 1.66     3.21     8.45     15.7     0       
 1.73     1.93     8.35     15.8     0       
 1.71     2.72     8.44     15.7     0       
 1.75     1.24     8.44     15.9     0       
 1.71     2.72     8.43     15.8     0       
 1.75     1.41     8.45     15.9     0       
 1.71     2.72     8.42     15.6     0       
 1.84     0.18     8.26     14.8     0       
 1.71     2.72     8.44     15.8     0       
 1.66     3.22     8.33     15.7     0       
 0.689    0.195    8.32     20.4     0       
 1.7      2.72     8.44     15.7     0       
 1.86     0.122    8.29     14.8     0       
 0.689    0.135    8.32     20.4     0       
 1.73     1.92     8.36     15.7     0       
 1.71     2.72     8.43     15.8     0       
 1.71     2.69     8.44     15.7     0       
 1.86     0.13     8.24     14.7     0       
 1.86     0.125    8.29     15       0       
 1.66     3.22     8.44     15.6     0       
 1.71     2.71     8.43     15.9     0       
 1.73     1.8      8.35     15.8     0       
 1.68     3.36     8.33     15.6     0       
 1.86     0.12     8.28     14.8     0       
 1.75     1.42     8.45     15.8     0       
 1.67     3.05     8.32     15.7     0       
 1.86     0.121    8.28     14.8     0       
 1.72     2.86     8.41     15.6     0       
 1.73     1.93     8.35     15.9     0       
 0.785    0.264    8.29     20.4     0       
 1.71     2.72     8.43     15.8     0       
 1.67     3.05     8.32     15.8     0       
 1.73     1.78     8.36     15.9     0       
 0.785    0.259    8.29     20.4     0       
 1.84     0.204    8.11     14.9     0       
 1.86     0.123    8.28     14.8     0       
 0.786    0.258    8.29     20.4     0       
 1.86     0.121    8.28     14.8     0       
 1.86     0.115    8.29     14.7     0       
 1.84     0.192    8.1      14.8     0       
 1.86     0.119    8.28     14.8     0       
 1.71     2.72     8.43     15.9     0       
 1.84     0.2      8.1      14.6     0       
 1.67     3.19     8.39     15.6     0       
 1.73     1.92     8.35     16       0       
 1.71     2.72     8.43     15.8     0       
 1.73     1.79     8.36     15.8     0       
 1.71     2.7      8.44     15.8     0       
 1.84     0.192    8.1      14.8     0       
 1.84     0.204    8.11     15       0       
 1.66     3.22     8.45     15.7     0       
 1.84     0.193    8.1      14.9     0       
 1.86     0.122    8.29     14.7     0       
 0.785    0.254    8.29     20.4     0       
 1.73     1.93     8.35     15.8     0       
 1.71     2.72     8.43     15.8     0       
 1.84     0.18     8.25     14.9     0       
 1.66     3.22     8.33     15.7     0       
 0.687    0.136    8.32     20.4     0       
 1.71     2.72     8.43     15.9     0       
 1.71     2.71     8.43     15.6     0       
 1.71     2.69     8.44     15.7     0       
 1.86     0.13     8.24     14.8     0       
 1.86     0.124    8.29     14.8     0       
 1.71     2.71     8.42     15.7     0       
 1.71     2.72     8.44     15.7     0       
 1.71     2.72     8.43     15.6     0       
 1.84     0.194    8.11     14.6     0       
 1.73     1.81     8.36     15.9     0       
 1.71     2.84     8.43     15.6     0       
 1.72     2.8      8.43     15.6     0       
 1.72     2.78     8.43     15.6     0       
 1.73     1.71     8.37     15.7     0       
 0.785    0.258    8.3      20.4     0       
 1.71     2.74     8.43     15.9     0       
 0.784    0.264    8.29     20.4     0       
 1.66     3.21     8.39     15.9     0       
 0.688    0.186    8.32     20.4     0       
 1.67     3.05     8.32     15.7     0       
 1.71     2.72     8.42     15.7     0       
 1.84     0.181    8.25     14.8     0       
 1.71     2.71     8.44     15.9     0       
 1.71     2.71     8.43     15.8     0       
 1.86     0.12     8.28     15       0       
 1.73     1.79     8.35     15.7     0       
 1.71     2.79     8.43     15.6     0       
 1.68     3.32     8.33     15.6     0       
 1.73     1.72     8.36     15.7     0       
 1.67     3.2      8.39     15.7     0       
 1.84     0.204    8.11     15       0       
 1.71     2.71     8.43     15.9     0       
 1.84     0.194    8.1      14.6     0       
 1.67     3.06     8.32     15.7     0       
 1.86     0.12     8.29     14.7     0       
 0.785    0.254    8.29     20.4     0       
 1.66     3.22     8.45     15.6     0       
 1.71     2.72     8.42     15.7     0       
 1.84     0.18     8.26     14.7     0       
 0.689    0.192    8.32     20.4     0       
 1.7      2.72     8.44     15.8     0       
 1.71     2.72     8.43     15.9     0       
 1.71     2.69     8.44     15.7     0       
 1.84     0.207    8.11     14.9     0       
 1.86     0.125    8.29     14.8     0       
 1.66     3.22     8.44     15.7     0       
 1.71     2.71     8.43     15.8     0       
 1.67     3.07     8.32     15.8     0       
 1.75     1.41     8.45     15.8     0       
 1.67     3.06     8.32     15.8     0       
 1.73     1.93     8.35     15.7     0       
 0.785    0.264    8.29     20.4     0       
 1.71     2.72     8.43     15.8     0       
 1.73     1.76     8.36     15.9     0       
 1.84     0.204    8.11     14.8     0       
 1.86     0.115    8.29     14.7     0       
 1.84     0.192    8.1      14.8     0       
 1.86     0.119    8.28     14.9     0       
 1.71     2.72     8.43     15.9     0       
 1.71     2.79     8.43     15.6     0       
 1.71     2.69     8.44     15.8     0       
 1.84     0.191    8.1      14.8     0       
 1.84     0.204    8.11     15       0       
 1.84     0.194    8.1      14.9     0       
 1.73     1.93     8.35     15.9     0       
 1.84     0.197    8.1      14.7     0       
 1.71     2.72     8.43     15.8     0       
 1.66     3.22     8.33     15.7     0       
 1.71     2.71     8.43     15.9     0       
 1.71     2.71     8.43     15.6     0       
 1.71     2.71     8.42     15.8     0       
 1.84     0.193    8.1      14.8     0       
 1.71     2.72     8.43     15.8     0       
 1.67     3.06     8.32     15.9     0       
 1.71     2.71     8.43     15.6     0       
 1.71     2.72     8.43     15.7     0       
 1.71     2.72     8.42     15.6     0       
 1.71     2.72     8.43     15.6     0       
 1.84     0.193    8.1      14.7     0       
 1.86     0.123    8.28     14.7     0       
 1.73     1.8      8.35     16       0       
 0.689    0.156    8.32     20.4     0       
 1.71     2.7      8.43     15.7     0       
 1.73     1.81     8.35     15.9     0       
 1.86     0.122    8.29     14.7     0       
 1.72     2.87     8.31     15.6     0       
 0.688    0.153    8.32     20.4     0       
 1.86     0.122    8.29     15       0       
 1.7      3.28     8.32     15.6     0       
 1.73     1.79     8.38     15.7     0       
 1.86     0.121    8.29     14.8     0       
 1.69     3.29     8.32     15.5     0       
 1.68     3.35     8.33     15.6     0       
 1.67     3.07     8.32     15.7     0       
 1.72     2.79     8.43     15.6     0       
 1.73     1.82     8.4      15.6     0       
 1.86     0.124    8.28     14.7     0       
 1.86     0.131    8.29     14.7     0       
 1.86     0.132    8.29     14.8     0       
 1.84     0.205    8.11     14.6     0       
 0.786    0.25     8.29     20.3     0       
 1.73     1.92     8.35     15.9     0       
 1.71     2.73     8.43     15.8     0       
 0.784    0.264    8.29     20.4     0       
 1.71     2.84     8.43     15.6     0       
 1.67     3.21     8.39     15.6     0       
 1.67     3.2      8.33     15.7     0       
 1.75     1.41     8.45     15.8     0       
 1.67     3.05     8.32     15.9     0       
 1.72     2.86     8.41     15.8     0       
 0.785    0.26     8.29     20.4     0       
 1.71     2.72     8.44     15.7     0       
 1.7      2.69     8.44     15.7     0       
 1.86     0.122    8.28     14.8     0       
 0.786    0.259    8.29     20.4     0       
 1.71     2.73     8.44     15.6     0       
 1.71     2.78     8.43     15.6     0       
 0.689    0.136    8.32     20.4     0       
 1.73     1.82     8.35     15.6     0       
 1.72     2.79     8.43     15.6     0       
 1.67     3.19     8.39     15.9     0       
 1.73     1.93     8.35     15.7     0       
 1.71     2.7      8.44     15.9     0       
 1.84     0.192    8.11     14.9     0       
 1.84     0.204    8.11     15       0       
 1.86     0.124    8.29     14.9     0       
 1.71     2.71     8.43     15.9     0       
 1.84     0.193    8.1      14.9     0       
 1.67     3.06     8.32     15.7     0       
 1.86     0.13     8.29     14.7     0       
 0.785    0.255    8.29     20.4     0       
 1.75     1.24     8.44     16       0       
 1.71     2.72     8.42     15.6     0       
 1.84     0.18     8.26     14.7     0       
 1.71     2.72     8.44     15.9     0       
 1.66     3.22     8.33     15.9     0       
 0.689    0.195    8.32     20.4     0       
 1.7      2.72     8.44     15.8     0       
 0.689    0.135    8.32     20.4     0       
 1.71     2.72     8.43     15.9     0       
 1.71     2.69     8.44     15.7     0       
 1.84     0.206    8.11     14.9     0       
 1.71     2.7      8.43     15.8     0       
 1.86     0.12     8.28     14.9     0       
 1.75     1.41     8.45     15.8     0       
 1.72     2.86     8.41     15.6     0       
 1.73     1.93     8.35     15.9     0       
 0.785    0.264    8.29     20.4     0       
 1.67     3.05     8.32     15.8     0       
 1.73     1.77     8.36     15.8     0       
 0.785    0.26     8.29     20.4     0       
 1.86     0.121    8.29     14.8     0       
 1.86     0.115    8.24     14.7     0       
 1.71     2.71     8.43     15.9     0       
 1.86     0.119    8.28     14.9     0       
 1.73     1.92     8.35     16       0       
 1.71     2.72     8.43     15.8     0       
 1.71     2.69     8.44     15.8     0       
 1.84     0.193    8.1      14.7     0       
 1.84     0.204    8.11     15       0       
 1.84     0.195    8.1      14.9     0       
 0.786    0.252    8.29     20.4     0       
 1.71     2.72     8.43     15.8     0       
 1.84     0.181    8.25     14.9     0       
 1.71     2.72     8.43     15.9     0       
 1.71     2.71     8.43     15.6     0       
 1.71     2.69     8.44     15.7     0       
 1.71     2.71     8.42     15.7     0       
 1.71     2.72     8.44     15.7     0       
 1.86     0.118    8.28     14.9     0       
 1.73     1.81     8.36     15.9     0       
 1.72     2.79     8.43     15.6     0       
 1.73     1.71     8.37     15.7     0       
 0.785    0.258    8.3      20.4     0       
 1.84     0.181    8.25     14.8     0       
 1.71     1.37     8.48     15.6     0       
 1.71     2.72     8.44     15.9     0       
 1.71     2.72     8.43     15.8     0       
 1.86     0.12     8.28     15       0       
 1.67     3.2      8.39     15.7     0       
 1.84     0.204    8.11     14.8     0       
 1.71     2.71     8.43     15.9     0       
 1.84     0.194    8.1      14.9     0       
 1.67     3.06     8.32     15.7     0       
 0.786    0.254    8.29     20.4     0       
 1.73     1.92     8.35     15.8     0       
 1.71     2.72     8.42     15.7     0       
 1.84     0.181    8.26     15       0       
 1.7      2.72     8.44     15.8     0       
 1.66     3.22     8.33     15.8     0       
 1.7      2.72     8.44     15.9     0       
 1.71     2.71     8.43     15.8     0       
 1.7      2.69     8.44     15.9     0       
 1.84     0.207    8.11     14.9     0       
 1.86     0.125    8.29     14.7     0       
 1.71     2.71     8.43     15.8     0       
 1.67     3.07     8.32     15.9     0       
 1.75     1.41     8.45     15.8     0       
 1.67     3.05     8.32     15.9     0       
 1.73     1.93     8.35     15.8     0       
 0.785    0.264    8.29     20.4     0       
 1.73     1.76     8.36     15.9     0       
 1.84     0.205    8.11     15       0       
 1.86     0.122    8.28     14.9     0       
 1.86     0.115    8.29     14.8     0       
 1.71     2.72     8.43     15.9     0       
 1.71     2.69     8.44     15.8     0       
 1.84     0.191    8.1      14.8     0       
 1.84     0.204    8.11     15       0       
 1.73     1.94     8.35     15.8     0       
 1.84     0.197    8.1      14.7     0       
 1.71     2.71     8.43     15.8     0       
 1.66     3.22     8.33     15.9     0       
 1.71     2.71     8.43     15.9     0       
 1.71     2.71     8.43     15.6     0       
 1.71     2.71     8.42     15.8     0       
 1.86     0.12     8.28     14.9     0       
 1.84     0.193    8.1      14.9     0       
 1.84     0.203    8.11     14.9     0       
 1.71     2.72     8.43     15.7     0       
 1.71     2.72     8.43     15.6     0       
 0.688    0.157    8.32     20.4     0       
 0.687    0.153    8.32     20.4     0       
 1.7      3.28     8.32     15.6     0       
 1.86     0.122    8.29     14.8     0       
 1.69     3.29     8.32     15.6     0       
 1.71     2.79     8.43     15.6     0       
 1.71     2.7      8.42     15.8     0       
 1.67     3.07     8.32     15.8     0       
 1.86     0.124    8.29     14.8     0       
 1.86     0.115    8.29     14.7     0       
 1.86     0.13     8.29     14.8     0       
 1.86     0.121    8.28     14.8     0       
 1.84     0.192    8.11     14.7     0       
 1.66     3.22     8.33     15.8     0       
 1.75     1.3      8.44     16       0       
 1.86     0.122    8.28     14.7     0       
 1.73     1.8      8.35     16       0       
 1.84     0.194    8.1      14.7     0       
 1.86     0.121    8.28     14.8     0       
 1.84     0.182    8.25     14.6     0       
 1.72     2.86     8.41     15.9     0       
 1.71     2.87     8.31     15.6     0       
 1.84     0.213    8.25     14.8     0       
 0.689    0.161    8.32     20.4     0       
 1.86     0.121    8.28     14.8     0       
 1.71     2.73     8.44     15.7     0       
 1.71     2.7      8.43     15.9     0       
 1.86     0.124    8.29     14.8     0       
 1.71     2.72     8.43     15.8     0       
 1.71     2.84     8.43     15.6     0       
 1.66     3.22     8.45     15.6     0       
 1.86     0.115    8.24     15       0       
 1.86     0.12     8.28     15       0       
 1.86     0.122    8.29     14.7     0       
 1.68     3.36     8.33     15.6     0       
 0.689    0.158    8.32     20.4     0       
 1.86     0.123    8.29     14.7     0       
 1.86     0.126    8.29     14.8     0       
 1.86     0.128    8.24     14.9     0       
 1.67     3.06     8.32     15.6     0       
 1.71     2.71     8.43     15.7     0       
 1.73     1.83     8.34     15.9     0       
 1.73     1.81     8.35     15.7     0       
 1.86     0.125    8.28     14.8     0       
 1.86     0.124    8.29     14.8     0       
 0.689    0.16     8.32     20.4     0       
 1.73     1.93     8.35     15.7     0       
 1.67     3.2      8.33     15.9     0       
 0.688    0.2      8.32     20.4     0       
 1.68     3.36     8.33     15.7     0       
 1.86     0.119    8.28     14.9     0       
 0.688    0.165    8.32     20.4     0       
 1.73     1.93     8.35     15.9     0       
 1.71     2.71     8.43     15.9     0       
 0.688    0.2      8.32     20.4     0       
 1.67     3.06     8.32     15.7     0       
 0.688    0.161    8.32     20.4     0       
 1.84     0.205    8.11     14.9     0       
 1.67     3.21     8.35     15.8     0       
 0.785    0.258    8.29     20.4     0       
 0.688    0.16     8.32     20.4     0       
 1.71     2.71     8.43     15.9     0       
 1.69     3.29     8.33     15.7     0       
 1.86     0.119    8.28     15       0       
 1.86     0.122    8.28     15       0       
 1.71     1.37     8.49     15.6     0       
 0.688    0.165    8.32     20.4     0       
 0.688    0.2      8.32     20.4     0       
 1.73     1.93     8.35     16       0       
 1.71     2.72     8.44     15.9     0       
 1.66     3.22     8.33     15.8     0       
 1.86     0.122    8.28     15       0       
 1.71     2.71     8.43     15.9     0       
 1.71     2.71     8.42     15.8     0       
 1.86     0.119    8.28     15       0       
 1.86     0.122    8.28     15       0       
 1.84     0.204    8.11     14.9     0       
 1.67     3.07     8.47     15.7     0       
 1.84     0.193    8.25     14.7     0       
 1.73     1.75     8.45     15.9     0       
 1.71     2.72     8.42     15.9     0       
 1.84     0.195    8.1      14.8     0       
 1.73     1.78     8.4      15.9     0       
 1.73     1.77     8.4      15.9     0       
 1.71     2.72     8.42     15.8     0       
 1.84     0.199    8.1      14.9     0       
 1.67     3.08     8.32     15.8     0       
 1.73     1.73     8.46     15.9     0       
 1.71     2.84     8.43     15.6     0       
 1.71     2.71     8.42     15.8     0       
 1.73     1.79     8.4      15.8     0       
 1.71     2.79     8.43     15.6     0       
 1.84     0.198    8.1      14.9     0       
 1.73     1.95     8.4      15.9     0       
 1.67     3.07     8.32     15.9     0       
 1.73     1.84     8.4      15.9     0       
 0.69     0.16     8.32     20.4     0       
 1.84     0.195    8.1      14.8     0       
 1.84     0.195    8.25     14.8     0       
 1.71     2.72     8.43     15.8     0       
 1.84     0.206    8.11     14.7     0       
 1.67     3.2      8.39     15.7     0       
 1.84     0.204    8.11     14.9     0       
 1.86     0.115    8.29     14.7     0       
 1.7      3.29     8.33     15.7     0       
 1.71     2.72     8.43     15.7     0       
 1.84     0.2      8.1      14.9     0       
 1.84     0.196    8.17     14.7     0       
 1.86     0.123    8.28     14.8     0       
 1.68     3.36     8.33     15.7     0       
 1.67     3.2      8.44     15.7     0       
 1.84     0.192    8.11     14.8     0       
 1.71     2.72     8.42     15.8     0       
 1.75     1.32     8.44     16       0       
 1.71     2.72     8.44     15.7     0       
 1.75     1.3      8.44     16       0       
 1.71     2.72     8.42     15.7     0       
 1.86     0.122    8.28     15       0       
 1.71     2.71     8.44     15.7     0       
 1.86     0.125    8.29     14.9     0       
 1.84     0.192    8.11     14.8     0       
 1.84     0.193    8.1      14.9     0       
 1.86     0.122    8.29     14.8     0       
 1.67     3.24     8.37     15.6     0       
 1.86     0.132    8.29     15       0       
 1.73     1.77     8.4      15.9     0       
 1.73     1.79     8.4      15.8     0       
 1.67     3.22     8.4      15.7     0       
 1.86     0.122    8.29     14.9     0       
 1.86     0.121    8.29     14.9     0       
 1.86     0.12     8.29     14.8     0       
 1.68     3.36     8.33     15.6     0       
 1.86     0.122    8.29     14.8     0       
 1.86     0.135    8.29     14.9     0       
 1.84     0.199    8.11     14.7     0       
 1.66     3.22     8.33     15.7     0       
 1.84     0.182    8.25     14.9     0       
 1.72     2.86     8.41     15.8     0       
 1.71     2.73     8.44     15.8     0       
 1.68     3.36     8.33     15.7     0       
 1.71     2.73     8.42     15.7     0       
 1.86     0.125    8.29     15       0       
 1.67     3.06     8.32     15.7     0       
 1.72     2.87     8.31     15.6     0       
 1.75     1.4      8.45     15.9     0       
 1.84     0.213    8.25     15       0       
 1.86     0.122    8.29     15       0       
 1.71     2.71     8.44     15.7     0       
 1.86     0.122    8.28     14.9     0       
 1.84     0.205    8.11     14.6     0       
 1.73     1.79     8.4      15.8     0       
 1.67     3.22     8.4      15.7     0       
 1.86     0.12     8.29     14.8     0       
 1.68     3.37     8.33     15.6     0       
 1.84     0.198    8.11     14.7     0       
 1.69     3.29     8.36     15.7     0       
 1.86     0.123    8.29     14.8     0       
 1.84     0.205    8.11     14.7     0       
 1.84     0.2      8.11     14.7     0       
 1.84     0.206    8.11     14.6     0       
 1.84     0.195    8.1      15       0       
 1.68     3.36     8.33     15.7     0       
 1.71     2.73     8.44     15.9     0       
 1.71     2.72     8.43     15.9     0       
 1.73     1.77     8.4      15.8     0       
 1.84     0.192    8.11     14.8     0       
 1.86     0.124    8.29     14.9     0       
 1.84     0.199    8.1      14.9     0       
 1.71     2.72     8.43     15.8     0       
 1.71     2.84     8.43     15.6     0       
 1.71     2.72     8.43     15.9     0       
 1.66     3.22     8.45     15.7     0       
 1.67     3.07     8.32     15.8     0       
 1.71     2.73     8.43     15.7     0       
 1.84     0.195    8.25     14.9     0       
 1.67     3.2      8.39     15.7     0       
 1.86     0.115    8.29     14.7     0       
 1.7      3.29     8.33     15.7     0       
 1.71     2.72     8.42     15.8     0       
 1.86     0.125    8.29     14.8     0       
 1.71     2.75     8.42     15.7     0       
 1.71     2.72     8.42     15.8     0       
 1.86     0.122    8.29     14.9     0       
 1.86     0.123    8.28     15       0       
 1.84     0.192    8.11     14.9     0       
 1.71     2.74     8.44     15.7     0       
 1.73     1.78     8.4      15.7     0       
 1.68     3.36     8.33     15.6     0       
 1.86     0.122    8.29     14.9     0       
 1.86     0.12     8.29     14.8     0       
 1.86     0.124    8.29     14.9     0       
 1.84     0.194    8.1      14.9     0       
 1.86     0.138    8.28     14.9     0       
 1.71     2.73     8.42     15.7     0       
 1.86     0.125    8.29     15       0       
 1.84     0.213    8.25     14.9     0       
 1.86     0.131    8.29     15       0       
 1.71     2.71     8.43     15.9     0       
 1.68     3.36     8.33     15.6     0       
 1.84     0.194    8.25     14.7     0       
 1.86     0.121    8.29     14.8     0       
 1.84     0.194    8.25     14.9     0       
 1.84     0.206    8.11     14.6     0       
 1.71     2.81     8.43     15.7     0       
 1.86     0.122    8.29     14.8     0       
 1.86     0.128    8.29     14.7     0       
 1.71     2.8      8.44     15.6     0       
 1.86     0.126    8.29     14.8     0       
 0.69     0.158    8.32     20.4     0       
 1.86     0.125    8.29     14.7     0       
 1.68     3.31     8.33     15.7     0       
 1.86     0.122    8.28     14.8     0       
 0.786    0.258    8.3      20.3     0       
 0.688    0.159    8.32     20.4     0       
 1.68     3.36     8.33     15.7     0       
 1.86     0.122    8.28     15       0       
 1.84     0.181    8.25     14.8     0       
 1.73     1.77     8.38     15.8     0       
 1.71     2.71     8.43     15.9     0       
 1.86     0.119    8.28     14.9     0       
 1.67     3.21     8.39     15.8     0       
 1.86     0.12     8.29     14.9     0       
 1.73     1.93     8.35     15.8     0       
 1.71     2.72     8.43     15.9     0       
 0.688    0.161    8.32     20.4     0       
 1.73     1.93     8.4      15.9     0       
 1.86     0.126    8.29     14.9     0       
 1.68     3.36     8.33     15.7     0       
 1.67     3.06     8.32     15.8     0       
 1.86     0.121    8.28     14.9     0       
 0.786    0.258    8.29     20.3     0       
 1.69     3.29     8.33     15.7     0       
 1.73     1.79     8.36     16       0       
 1.73     1.93     8.35     16       0       
 1.66     3.22     8.33     15.9     0       
 0.687    0.136    8.32     20.4     0       
 1.71     2.71     8.43     15.8     0       
 1.84     0.195    8.11     14.9     0       
 0.786    0.251    8.3      20.4     0       
 1.73     1.79     8.35     15.7     0       
 1.68     3.31     8.33     15.7     0       
 0.688    0.165    8.32     20.4     0       
 1.66     3.22     8.45     15.8     0       
 1.71     2.72     8.43     15.8     0       
 1.71     2.71     8.43     15.9     0       
 1.71     2.72     8.43     15.8     0       
 1.71     2.71     8.43     15.6     0       
 1.73     1.78     8.4      15.8     0       
 1.86     0.122    8.29     14.9     0       
 1.73     1.78     8.4      15.9     0       
 1.67     3.07     8.32     15.7     0       
 1.86     0.133    8.29     14.8     0       
 1.71     2.72     8.42     15.9     0       
 1.84     0.195    8.1      14.9     0       
 1.73     1.77     8.4      15.9     0       
 1.73     1.79     8.38     15.8     0       
 1.67     3.08     8.32     15.8     0       
 1.71     2.71     8.42     15.8     0       
 1.73     1.95     8.4      15.9     0       
 1.73     1.84     8.4      15.9     0       
 0.69     0.159    8.32     20.4     0       
 1.84     0.195    8.1      14.9     0       
 1.84     0.196    8.17     14.7     0       
 1.84     0.206    8.11     14.7     0       
 1.67     3.2      8.39     15.7     0       
 1.84     0.205    8.11     14.9     0       
 1.71     2.72     8.43     15.6     0       
 1.71     2.72     8.42     15.8     0       
 1.86     0.123    8.28     14.8     0       
 1.71     2.75     8.42     15.7     0       
 1.71     2.72     8.42     15.8     0       
 1.75     1.32     8.44     16       0       
 1.86     0.12     8.28     14.9     0       
 1.71     2.72     8.44     15.7     0       
 1.71     2.72     8.42     15.7     0       
 1.86     0.123    8.28     14.9     0       
 1.71     2.71     8.44     15.7     0       
 1.86     0.125    8.29     14.9     0       
 1.84     0.193    8.1      14.8     0       
 1.86     0.132    8.29     15       0       
 1.73     1.77     8.4      16       0       
 1.67     3.22     8.4      15.7     0       
 1.86     0.122    8.29     14.9     0       
 1.86     0.12     8.29     14.8     0       
 1.86     0.123    8.29     14.8     0       
 1.86     0.136    8.29     14.9     0       
 1.71     2.73     8.44     15.8     0       
 1.67     3.06     8.32     15.8     0       
 1.86     0.125    8.29     15       0       
 1.86     0.122    8.29     14.8     0       
 1.73     1.79     8.4      15.7     0       
 1.86     0.12     8.29     14.8     0       
 1.73     1.75     8.45     15.8     0       
 1.84     0.195    8.1      14.8     0       
 1.73     1.77     8.4      15.9     0       
 1.84     0.193    8.11     14.9     0       
 1.66     3.22     8.45     15.7     0       
 1.84     0.199    8.1      14.8     0       
 1.67     3.07     8.32     15.9     0       
 1.71     2.73     8.43     15.7     0       
 1.84     0.195    8.25     14.9     0       
 1.67     3.2      8.39     15.8     0       
 1.71     2.75     8.42     15.7     0       
 1.71     2.72     8.42     15.8     0       
 1.86     0.122    8.29     14.9     0       
 1.71     2.74     8.44     15.7     0       
 1.86     0.122    8.29     14.9     0       
 1.86     0.122    8.29     14.8     0       
 1.86     0.124    8.29     14.9     0       
 1.86     0.122    8.28     14.9     0       
 1.86     0.139    8.28     15       0       
 1.71     2.73     8.42     15.7     0       
 1.86     0.125    8.29     15       0       
 1.67     3.06     8.32     15.8     0       
 1.84     0.213    8.25     14.9     0       
 1.86     0.133    8.29     14.8     0       
 1.67     3.06     8.32     15.7     0       
 1.71     2.71     8.43     15.8     0       
 1.84     0.193    8.25     14.7     0       
 1.84     0.195    8.25     14.7     0       
 1.84     0.204    8.11     14.7     0       
 1.71     2.81     8.43     15.7     0       
 1.86     0.122    8.29     14.8     0       
 0.69     0.159    8.32     20.4     0       
 1.84     0.199    8.11     14.7     0       
 1.68     3.36     8.33     15.7     0       
 1.86     0.123    8.28     14.9     0       
 1.73     1.81     8.35     15.7     0       
 1.71     2.72     8.42     15.9     0       
 1.73     1.81     8.35     16       0       
 1.73     1.81     8.4      15.8     0       
 1.71     2.71     8.42     15.8     0       
 1.73     1.8      8.36     15.9     0       
 1.73     1.79     8.35     15.7     0       
 1.67     3.21     8.36     15.8     0       
 1.84     0.193    8.1      14.9     0       
 1.84     0.215    8.1      14.8     0       
 1.67     3.06     8.32     15.9     0       
 1.86     0.124    8.29     14.9     0       
 1.86     0.122    8.29     14.9     0       
 1.86     0.131    8.29     14.9     0       
 1.71     2.72     8.42     15.8     0       
 1.71     2.72     8.43     15.7     0       
 0.69     0.149    8.32     20.4     0       
 1.84     0.216    8.1      14.8     0       
 1.86     0.122    8.28     14.8     0       
 1.71     2.75     8.42     15.8     0       
 1.71     2.72     8.43     15.8     0       
 0.688    0.162    8.32     20.4     0       
 1.86     0.122    8.29     14.9     0       
 1.66     3.22     8.45     15.9     0       
 1.67     3.07     8.32     15.8     0       
 1.71     2.74     8.44     15.8     0       
 1.86     0.123    8.29     14.9     0       
 1.86     0.122    8.28     15       0       
 1.86     0.123    8.28     15       0       
 1.84     0.193    8.1      14.9     0       
 1.86     0.122    8.28     14.9     0       
 1.68     3.37     8.33     15.7     0       
 1.86     0.122    8.29     15       0       
 1.67     3.06     8.32     15.9     0       
 1.71     2.72     8.43     15.8     0       
 0.69     0.149    8.32     20.4     0       
 1.71     2.72     8.42     15.8     0       
 0.688    0.154    8.32     20.4     0       
 0.687    0.161    8.32     20.4     0       
 1.86     0.132    8.29     15       0       
 1.86     0.122    8.29     14.9     0       
 1.67     3.06     8.32     15.9     0       
 1.71     2.71     8.43     15.9     0       
 1.86     0.122    8.28     14.9     0       
 0.689    0.162    8.32     20.4     0       
 1.86     0.122    8.28     14.9     0       
 1.73     1.75     8.45     15.9     0       
 1.66     3.22     8.45     15.8     0       
 1.73     1.81     8.35     16       0       
 0.689    0.161    8.32     20.4     0       
 1.73     1.8      8.36     16       0       
 1.67     3.07     8.32     15.8     0       
 1.86     0.122    8.29     14.9     0       
 1.71     2.72     8.43     15.7     0       
 0.69     0.149    8.32     20.4     0       
 1.71     2.73     8.43     15.7     0       
 0.688    0.161    8.32     20.4     0       
 1.7      3.29     8.35     15.7     0       
 1.67     3.06     8.32     15.9     0       
 0.688    0.149    8.32     20.4     0       
 1.67     3.07     8.32     15.7     0       
 0.687    0.162    8.32     20.4     0       
 1.67     3.07     8.32     15.9     0       
 0.689    0.158    8.32     20.4     0       
 0.689    0.161    8.32     20.4     0       
 1.69     3.29     8.35     15.7     0       
 1.84     0.203    8.11     14.7     0       
 1.86     0.124    8.29     14.9     0       
 1.84     0.212    8.1      14.8     0       
 1.84     0.199    8.11     14.8     0       
 1.67     3.22     8.39     15.7     0       
 1.7      3.29     8.35     15.7     0       
 1.71     2.73     8.43     15.9     0       
 1.71     2.79     8.44     15.7     0       
 1.71     2.73     8.43     15.9     0       
 1.67     3.21     8.39     15.7     0       
 1.71     2.74     8.44     15.7     0       
 1.84     0.202    8.11     14.7     0       
 1.68     3.37     8.33     15.7     0       
 1.84     0.205    8.11     14.8     0       
 1.86     0.129    8.29     15       0       
 1.86     0.122    8.29     14.9     0       
 1.67     3.22     8.39     15.7     0       
 1.73     1.75     8.47     15.9     0       
 1.67     3.21     8.4      15.9     0       
 1.71     2.71     8.43     15.9     0       
 1.67     3.22     8.39     15.8     0       
 0.69     0.16     8.32     20.4     0       
 1.66     3.22     8.44     15.9     0       
 1.71     2.72     8.43     15.9     0       
 0.688    0.199    8.32     20.4     0       
 1.86     0.12     8.28     14.9     0       
 1.73     1.81     8.35     15.8     0       
 1.84     0.206    8.11     14.7     0       
 1.86     0.131    8.29     15       0       
 1.84     0.193    8.25     14.8     0       
 1.73     1.75     8.45     15.9     0       
 1.71     2.72     8.42     15.9     0       
 1.84     0.199    8.1      14.9     0       
 1.73     1.81     8.4      15.8     0       
 1.73     1.8      8.36     15.9     0       
 1.67     3.21     8.36     15.9     0       
 1.84     0.195    8.1      14.8     0       
 1.84     0.215    8.1      14.8     0       
 1.84     0.199    8.1      14.9     0       
 1.84     0.196    8.17     14.9     0       
 1.71     2.72     8.43     15.6     0       
 1.71     2.72     8.43     15.7     0       
 0.688    0.164    8.32     20.4     0       
 1.67     3.07     8.32     15.7     0       
 1.84     0.194    8.11     14.9     0       
 1.86     0.124    8.29     14.8     0       
 1.67     3.23     8.37     15.8     0       
 1.71     2.73     8.44     15.8     0       
 1.86     0.123    8.29     14.9     0       
 1.84     0.199    8.11     14.8     0       
 0.69     0.141    8.32     20.4     0       
 0.69     0.149    8.32     20.4     0       
 1.67     3.06     8.32     15.9     0       
 0.688    0.154    8.32     20.4     0       
 0.687    0.162    8.32     20.4     0       
 1.67     3.22     8.39     15.8     0       
 1.67     3.07     8.32     15.9     0       
 1.71     2.71     8.43     15.9     0       
 1.86     0.122    8.28     14.9     0       
 1.86     0.123    8.29     14.8     0       
 1.86     0.123    8.29     14.8     0       
 1.71     2.72     8.42     15.9     0       
 1.71     2.72     8.43     15.8     0       
 0.69     0.149    8.32     20.4     0       
 1.71     2.73     8.43     15.8     0       
 0.688    0.167    8.32     20.4     0       
 1.86     0.124    8.29     14.9     0       
 1.73     1.81     8.35     15.7     0       
 1.7      3.29     8.35     15.7     0       
 1.67     3.06     8.32     15.9     0       
 0.688    0.149    8.32     20.4     0       
 1.73     1.81     8.35     15.7     0       
 1.67     3.06     8.32     15.9     0       
 1.69     3.29     8.35     15.7     0       
 1.84     0.206    8.1      14.8     0       
 1.67     3.22     8.39     15.7     0       
 1.73     1.82     8.35     15.7     0       
 0.688    0.162    8.32     20.4     0       
 1.7      3.29     8.35     15.7     0       
 1.68     3.36     8.33     15.7     0       
 1.71     2.79     8.44     15.7     0       
 1.71     2.73     8.43     15.9     0       
 1.67     3.21     8.39     15.8     0       
 0.689    0.158    8.32     20.4     0       
 1.86     0.129    8.29     15       0       
 1.67     3.21     8.39     15.9     0       
 1.67     3.21     8.4      15.9     0       
 1.86     0.121    8.29     14.9     0       
 1.75     1.64     8.45     16       0       
 1.75     1.63     8.45     16       0       
 1.71     2.72     8.44     15.7     0       
 1.71     2.74     8.44     15.7     0       
 1.84     0.193    8.25     14.9     0       
 1.71     2.74     8.44     15.8     0       
 1.67     3.22     8.44     15.9     0       
 1.67     3.2      8.44     15.8     0       
 1.86     0.123    8.28     14.9     0       
 1.86     0.123    8.29     14.9     0       
 1.86     0.13     8.29     15       0       
 1.67     3.21     8.4      15.9     0       
 1.86     0.127    8.29     14.8     0       
 1.86     0.125    8.29     14.8     0       
 1.86     0.13     8.29     15       0       
 1.71     2.74     8.43     15.8     0       
 1.71     2.74     8.44     15.7     0       
 1.86     0.125    8.29     14.8     0       
 1.66     3.22     8.33     15.8     0       
 1.73     1.79     8.4      15.9     0       
 1.73     1.79     8.47     15.9     0       
 1.84     0.194    8.1      15       0       
 1.86     0.124    8.29     14.9     0       
 1.71     2.73     8.43     15.9     0       
 1.86     0.123    8.29     14.8     0       
 1.71     2.73     8.43     15.9     0       
 1.67     3.22     8.39     15.8     0       
 1.69     3.29     8.36     15.7     0       
 1.84     0.206    8.11     14.7     0       
 1.84     0.2      8.11     14.8     0       
 1.86     0.129    8.29     15       0       
 1.75     1.62     8.45     16       0       
 1.86     0.122    8.29     14.9     0       
 1.67     3.2      8.44     16       0       
 1.68     3.38     8.33     15.7     0       
 1.86     0.127    8.29     14.8     0       
 1.84     0.208    8.11     14.8     0       
 1.86     0.13     8.29     15       0       
 1.84     0.204    8.11     14.7     0       
 1.71     2.73     8.44     15.9     0       
 1.86     0.128    8.29     14.8     0       
 1.84     0.204    8.11     14.7     0       
 1.84     0.201    8.11     14.8     0       
 1.84     0.197    8.25     14.8     0       
 1.71     2.8      8.44     15.6     0       
 1.86     0.126    8.29     14.8     0       
 1.84     0.208    8.11     14.6     0       
 1.84     0.205    8.25     14.7     0       
 1.86     0.124    8.28     15       0       
 0.691    0.158    8.32     20.4     0       
 1.86     0.121    8.28     14.9     0       
 1.73     1.8      8.38     16       0       
 1.86     0.121    8.28     14.9     0       
 0.69     0.141    8.32     20.4     0       
 1.86     0.121    8.28     14.9     0       
 1.73     1.82     8.35     15.8     0       
 1.73     1.82     8.35     15.9     0       
 1.73     1.81     8.35     15.9     0       
 0.69     0.161    8.32     20.4     0       
 1.86     0.122    8.28     15       0       
 1.86     0.121    8.29     14.9     0       
 1.86     0.122    8.28     14.9     0       
 1.86     0.121    8.28     14.9     0       
 1.73     1.81     8.35     15.9     0       
 1.67     3.06     8.32     15.9     0       
 1.84     0.206    8.1      14.9     0       
 1.86     0.122    8.28     14.9     0       
 1.67     3.07     8.32     15.9     0       
 1.84     0.206    8.1      14.8     0       
 1.71     2.71     8.43     15.9     0       
 0.688    0.153    8.32     20.4     0       
 1.71     2.71     8.43     15.9     0       
 1.7      3.29     8.32     15.7     0       
 0.689    0.165    8.32     20.4     0       
 0.689    0.164    8.32     20.4     0       
 1.67     3.07     8.42     15.7     0       
 1.68     3.36     8.33     15.7     0       
 0.69     0.161    8.32     20.4     0       
 0.689    0.156    8.32     20.4     0       
 1.71     2.72     8.43     15.9     0       
 0.689    0.164    8.32     20.4     0       
 1.73     1.82     8.35     15.8     0       
 1.7      3.29     8.32     15.7     0       
 0.689    0.157    8.32     20.4     0       
 1.73     1.82     8.35     15.8     0       
 0.689    0.158    8.32     20.4     0       
 0.688    0.163    8.32     20.4     0       
 1.69     3.29     8.32     15.8     0       
 1.72     2.79     8.43     15.8     0       
 1.84     0.198    8.11     14.9     0       
 1.86     0.124    8.29     15       0       
 1.68     3.36     8.33     15.8     0       
 1.71     2.84     8.43     15.9     0       
 1.86     0.124    8.28     14.9     0       
 1.68     3.36     8.33     15.7     0       
 1.67     3.23     8.4      15.9     0       
 1.67     3.2      8.44     15.9     0       
 1.68     3.31     8.33     15.8     0       
 0.688    0.166    8.32     20.4     0       
 1.86     0.122    8.29     15       0       
 1.71     2.84     8.43     15.9     0       
 1.86     0.12     8.29     15       0       
 1.71     2.79     8.43     15.9     0       
 1.73     1.82     8.4      15.8     0       
 1.86     0.124    8.28     14.9     0       
 1.71     2.72     8.43     15.9     0       
 1.68     3.36     8.33     15.8     0       
 1.86     0.122    8.28     15       0       
 1.68     3.37     8.33     15.7     0       
 1.86     0.123    8.29     15       0       
 1.68     3.36     8.33     15.7     0       
 1.71     2.73     8.42     15.8     0       
 1.71     2.72     8.43     15.9     0       
 1.71     2.72     8.42     15.8     0       
 1.86     0.124    8.29     14.9     0       
 1.86     0.122    8.29     14.9     0       
 1.84     0.206    8.11     14.8     0       
 0.688    0.161    8.32     20.4     0       
 1.73     1.82     8.35     15.9     0       
 1.69     3.29     8.35     15.8     0       
 0.688    0.159    8.32     20.4     0       
 1.84     0.206    8.1      14.9     0       
 1.86     0.123    8.28     14.9     0       
 1.71     2.71     8.43     15.9     0       
 0.688    0.153    8.32     20.4     0       
 1.7      3.28     8.32     15.8     0       
 0.689    0.165    8.32     20.4     0       
 1.73     1.81     8.35     16       0       
 1.67     3.07     8.42     15.8     0       
 0.69     0.161    8.32     20.4     0       
 1.71     2.72     8.43     15.9     0       
 1.71     2.74     8.44     15.8     0       
 1.84     0.202    8.11     14.8     0       
 0.689    0.158    8.32     20.4     0       
 1.69     3.29     8.33     15.7     0       
 1.68     3.35     8.33     15.8     0       
 1.72     2.79     8.43     15.7     0       
 1.71     2.82     8.43     15.9     0       
 1.68     3.37     8.33     15.7     0       
 1.68     3.25     8.35     15.8     0       
 1.68     3.36     8.33     15.8     0       
 1.71     2.84     8.43     15.9     0       
 1.67     3.07     8.32     15.9     0       
 1.84     0.206    8.1      15       0       
 1.72     2.79     8.43     15.7     0       
 1.69     3.29     8.35     15.7     0       
 1.84     0.194    8.25     14.9     0       
 1.86     0.121    8.29     14.9     0       
 1.68     3.36     8.33     15.7     0       
 1.84     0.197    8.11     14.9     0       
 1.84     0.198    8.11     14.9     0       
 1.69     3.29     8.32     15.9     0       
 1.68     3.37     8.45     15.7     0       
 1.84     0.206    8.11     14.8     0       
 1.68     3.35     8.33     15.8     0       
 1.71     2.78     8.43     15.7     0       
 1.68     3.31     8.33     15.8     0       
 1.84     0.203    8.11     14.8     0       
 1.68     3.36     8.33     15.8     0       
 1.86     0.122    8.29     15       0       
 1.68     3.31     8.33     15.9     0       
 0.688    0.165    8.32     20.4     0       
 1.71     2.72     8.43     15.8     0       
 1.73     1.82     8.4      15.8     0       
 1.7      3.29     8.33     15.8     0       
 1.71     2.82     8.43     15.9     0       
 0.688    0.164    8.32     20.4     0       
 1.72     2.79     8.43     15.8     0       
 1.84     0.198    8.11     14.8     0       
 1.7      3.29     8.32     15.7     0       
 1.7      3.29     8.32     15.8     0       
 1.71     2.78     8.43     15.8     0       
 1.84     0.208    8.11     14.8     0       
 1.68     3.36     8.33     15.8     0       
 1.86     0.122    8.29     15       0       
 0.691    0.158    8.32     20.4     0       
 1.73     1.81     8.35     15.8     0       
 0.689    0.159    8.32     20.4     0       
 1.69     3.29     8.33     15.8     0       
 1.73     1.81     8.35     16       0       
 1.71     2.84     8.44     15.8     0       
 1.72     2.77     8.43     15.7     0       
 1.84     0.196    8.17     14.8     0       
 1.86     0.13     8.29     15       0       
 1.84     0.205    8.11     14.6     0       
 1.68     3.31     8.33     15.6     0       
 100      20       11.4     0.00395  100     
 247      247      0.972    20       100     
 0.419    0.00245  75       75       75      
 0.000174 0.15     75       75       75      
