base_seed=34567 

 parameters for this run were: 
NaTa_t.soma.gNaTa_tbar 
Nap_Et2.soma.gNap_Et2bar 
K_Pst.soma.gK_Pstbar 
K_Tst.soma.gK_Tstbar 
SK_E2.soma.gSK_E2bar 
SKv3_1.soma.gSKv3_1bar 
Ca_HVA.soma.gCa_HVAbar 
Ca_LVAst.soma.gCa_LVAstbar 
CaDynamics_E2.soma.gamma 
CaDynamics_E2.soma.decay 
none.soma.g_pas 
none.axon.g_pas 
none.dend.g_pas 
none.apic.g_pas 
Im.apic.gImbar 
NaTa_t.apic.gNaTa_tbar 
SKv3_1.apic.gSKv3_1bar 
Ca_HVA.apic.gCa_HVAbar 
Ca_LVAst.apic.gCa_LVAstbar 
SK_E2.apic.gSK_E2bar 
CaDynamics_E2.apic.gamma 
CaDynamics_E2.apic.decay 

 at generation 498 error matrix was: 
1000 5
 8.97     20       10.8     6.95     100     
 100      20       11.3     0.00753  100     
 100      20       11.2     0.371    100     
 0.00156  0.000384 78.3     78.3     78.3    
 100      20       11.3     0.00164  100     
 100      20       11.2     0.484    100     
 100      20       11.2     0.468    100     
 0.000688 0.00117  76.8     76.8     76.8    
 0.00154  0.00186  76.3     76.3     76.3    
 8.97     20       10.8     6.94     100     
 100      20       11.3     0.0252   100     
 8.44e-05 0.0049   76.4     76.4     76.4    
 0.0012   0.000885 76.8     76.8     76.8    
 100      20       11.3     0.00306  100     
 100      20       11.2     0.417    100     
 0.000127 0.00195  77.1     77.1     77.1    
 100      20       11.3     0.00641  100     
 100      20       11.2     0.324    100     
 0.00158  0.00122  76.3     76.3     76.3    
 100      20       11.3     0.00241  100     
 100      20       11.2     0.373    100     
 0.00158  0.00145  76.2     76.2     76.2    
 0.000715 0.0017   76.3     76.3     76.3    
 3.17e-05 0.00765  76.7     76.7     76.7    
 100      20       11.2     0.454    100     
 100      20       11.2     0.455    100     
 0.00286  0.000142 75       75       75      
 0.000294 0.00215  75.6     75.6     75.6    
 100      20       11.3     0.0509   100     
 100      20       11.2     0.384    100     
 0.00163  0.00146  75       75       75      
 100      20       11.3     0.0945   100     
 0.000121 0.0013   77.1     77.1     77.1    
 100      20       11.3     0.0936   100     
 100      20       11.2     0.383    100     
 0.00202  0.000236 75       75       75      
 0.000254 0.00443  76.2     76.2     76.2    
 100      20       11.2     0.381    100     
 0.00142  0.00186  75       75       75      
 0.000102 0.00982  75       75       75      
 3.21e-05 0.00681  76.3     76.3     76.3    
 0.000652 0.00126  76.8     76.8     76.8    
 8.97     20       10.8     6.83     100     
 100      20       11.2     0.468    100     
 100      20       11.3     0.0928   100     
 0.000151 0.0077   75       75       75      
 100      20       11.2     0.468    100     
 0.00158  0.00125  76.3     76.3     76.3    
 100      20       11.2     0.478    100     
 100      20       11.2     0.466    100     
 0.000704 0.00193  76.3     76.3     76.3    
 100      20       11.2     0.382    100     
 8.98     20       10.8     4.49     100     
 100      20       11.3     0.0946   100     
 100      20       11.2     0.468    100     
 100      20       11.2     0.393    100     
 100      20       11.2     0.383    100     
 100      20       11.2     0.473    100     
 3e-05    0.0117   75       75       75      
 100      20       11.3     0.0872   100     
 7.66e-05 0.00689  76.3     76.3     76.3    
 100      20       11.2     0.405    100     
 0.000147 0.00496  76.2     76.2     76.2    
 0.000574 0.00108  76.9     76.9     76.9    
 100      20       11.2     0.421    100     
 0.001    0.00103  76.7     76.7     76.7    
 0.0015   0.00168  76.3     76.3     76.3    
 100      20       11.2     0.486    100     
 0.000892 0.000701 76.9     76.9     76.9    
 0.000596 0.00111  76.8     76.8     76.8    
 5.37e-05 0.00141  77.2     77.2     77.2    
 100      20       11.2     0.466    100     
 0.00157  0.00157  76.2     76.2     76.2    
 100      20       11.3     0.094    100     
 0.000334 0.00138  77.1     77.1     77.1    
 100      20       11.2     0.315    100     
 100      20       11.2     0.383    100     
 0.00155  0.00177  75       75       75      
 0.000105 0.00974  75       75       75      
 8.11e-05 0.00506  76.4     76.4     76.4    
 0.000176 0.00259  76.3     76.3     76.3    
 8.97     20       10.8     6.94     100     
 0.00035  0.00487  75       75       75      
 0.00025  0.00631  75       75       75      
 100      20       11.2     0.468    100     
 100      20       11.2     0.466    100     
 100      20       11.2     0.382    100     
 100      20       11.2     0.455    100     
 100      20       11.2     0.473    100     
 0.00059  0.00115  76.9     76.9     76.9    
 100      20       11.2     0.464    100     
 100      20       11.2     0.486    100     
 0.000507 0.00222  75       75       75      
 100      20       11.2     0.474    100     
 100      20       11.2     0.484    100     
 0.000272 0.00235  76.2     76.2     76.2    
 100      20       11.2     0.372    100     
 0.0014   0.00201  75       75       75      
 0.000133 0.0036   76.2     76.2     76.2    
 100      20       11.2     0.477    100     
 100      20       11.3     0.246    100     
 0.00106  0.00205  76.2     76.2     76.2    
 8.98     20       10.8     4.15     100     
 100      20       11.3     0.000921 100     
 8.97     20       10.8     6.94     100     
 100      20       11.3     0.306    100     
 100      20       11.2     0.47     100     
 0.00085  0.00102  76.8     76.8     76.8    
 100      20       11.3     0.00764  100     
 0.000128 0.00197  77.1     77.1     77.1    
 0.00158  0.0014   76.2     76.2     76.2    
 0.000675 0.00178  76.3     76.3     76.3    
 100      20       11.3     0.0945   100     
 0.000308 0.000964 77.2     77.2     77.2    
 100      20       11.2     0.381    100     
 0.00141  0.00193  75       75       75      
 4.28e-05 0.00674  76.3     76.3     76.3    
 100      20       11.2     0.468    100     
 100      20       11.3     0.093    100     
 0.00155  0.00122  76.3     76.3     76.3    
 100      20       11.2     0.478    100     
 100      20       11.2     0.382    100     
 100      20       11.2     0.455    100     
 8.98     20       10.8     4.51     100     
 100      20       11.2     0.313    100     
 100      20       11.2     0.393    100     
 100      20       11.2     0.473    100     
 100      20       11.2     0.394    100     
 0.000759 0.000987 76.8     76.8     76.8    
 9.27e-05 0.000723 77.2     77.2     77.2    
 0.000187 0.0026   76.3     76.3     76.3    
 100      20       11.2     0.373    100     
 0.000546 0.00141  77       77       77      
 100      20       11.2     0.464    100     
 0.000422 0.00263  75       75       75      
 100      20       11.2     0.467    100     
 0.000176 0.0031   76.3     76.3     76.3    
 100      20       11.2     0.335    100     
 9.82e-05 0.00308  76.4     76.4     76.4    
 0.000695 0.000858 76.9     76.9     76.9    
 100      20       11.2     0.385    100     
 0.000509 0.00158  76.7     76.7     76.7    
 100      20       11.2     0.478    100     
 100      20       11.2     0.489    100     
 100      20       11.2     0.466    100     
 0.00026  0.00484  76.2     76.2     76.2    
 0.000818 0.000839 76.9     76.9     76.9    
 100      20       11.3     0.0134   100     
 0.000519 0.00114  77       77       77      
 100      20       11.2     0.372    100     
 0.00037  0.00334  75       75       75      
 100      20       11.2     0.313    100     
 100      20       11.2     0.473    100     
 100      20       11.2     0.484    100     
 0.000395 0.00156  76.7     76.7     76.7    
 0.000215 0.00684  75       75       75      
 0.000598 0.00102  76.9     76.9     76.9    
 8.98     20       10.8     4.15     100     
 100      20       11.4     0.000804 100     
 0.00352  1.42e-05 75       75       75      
 2.52e-05 0.0527   75       75       75      
 100      20       11.3     0.0246   100     
 3.99e-05 0.00498  76.4     76.4     76.4    
 100      20       11.2     0.425    100     
 0.0012   0.000891 76.8     76.8     76.8    
 100      20       11.2     0.467    100     
 100      20       11.2     0.465    100     
 0.00328  6.77e-05 75       75       75      
 0.0007   0.00136  76.3     76.3     76.3    
 100      20       11.2     0.454    100     
 100      20       11.2     0.455    100     
 0.000284 0.00228  75.6     75.6     75.6    
 0.000166 0.001    77.2     77.2     77.2    
 100      20       11.3     0.0937   100     
 0.000251 0.00432  76.2     76.2     76.2    
 8.97     20       10.8     6.91     100     
 0.000223 0.0017   76.7     76.7     76.7    
 0.000711 0.00192  76.3     76.3     76.3    
 100      20       11.2     0.455    100     
 0.00352  6.09e-05 75       75       75      
 100      20       11.3     0.0946   100     
 100      20       11.2     0.333    100     
 8.12e-05 0.0069   76.3     76.3     76.3    
 100      20       11.2     0.324    100     
 0.000243 0.00343  76.3     76.3     76.3    
 0.000525 0.00222  75       75       75      
 100      20       11.2     0.37     100     
 100      20       11.2     0.466    100     
 100      20       11.2     0.384    100     
 0.00033  0.00144  77.1     77.1     77.1    
 0.00164  0.000548 75       75       75      
 0.00162  0.00177  75       75       75      
 0.000168 0.00294  76.3     76.3     76.3    
 8.97     20       10.8     6.92     100     
 0.000341 0.00488  75       75       75      
 100      20       11.2     0.382    100     
 100      20       11.2     0.407    100     
 0.000565 0.00082  76.9     76.9     76.9    
 100      20       11.2     0.37     100     
 100      20       11.2     0.489    100     
 0.000525 0.00216  75       75       75      
 100      20       11.2     0.484    100     
 0.00015  0.00184  77.1     77.1     77.1    
 0.00157  0.00135  76.2     76.2     76.2    
 100      20       11.2     0.481    100     
 100      20       11.3     0.093    100     
 100      20       11.2     0.455    100     
 8.98     20       10.8     4.51     100     
 100      20       11.2     0.393    100     
 100      20       11.2     0.472    100     
 100      20       11.2     0.324    100     
 100      20       11.2     0.464    100     
 100      20       11.2     0.393    100     
 0.00156  0.00146  76.2     76.2     76.2    
 5.7e-05  0.00992  75       75       75      
 0.000184 0.00261  76.3     76.3     76.3    
 100      20       11.2     0.373    100     
 100      20       11.2     0.464    100     
 100      20       11.2     0.395    100     
 0.000171 0.0032   76.3     76.3     76.3    
 9.18e-05 0.0031   76.4     76.4     76.4    
 0.000504 0.00159  76.7     76.7     76.7    
 100      20       11.2     0.315    100     
 0.000409 0.00153  76.7     76.7     76.7    
 0.000217 0.00684  75       75       75      
 0.000592 0.00102  76.9     76.9     76.9    
 100      20       11.2     0.387    100     
 100      20       11.2     0.467    100     
 100      20       11.2     0.395    100     
 100      20       11.2     0.315    100     
 100      20       11.2     0.47     100     
 100      20       11.4     0.000487 100     
 0.000264 0.00272  76.2     76.2     76.2    
 2.18e-05 0.0138   76.2     76.2     76.2    
 0.000257 0.00338  76.2     76.2     76.2    
 100      20       11.2     0.48     100     
 100      20       11.2     0.479    100     
 0.00167  0.00132  76.3     76.3     76.3    
 0.00176  0.000719 76.8     76.8     76.8    
 0.00193  0.000699 77.4     77.4     77.4    
 100      20       11.2     0.37     100     
 0.000707 0.00168  76.7     76.7     76.7    
 100      20       11.2     0.425    100     
 100      20       11.2     0.466    100     
 100      20       11.2     0.465    100     
 0.000788 0.00147  76.7     76.7     76.7    
 100      20       11.2     0.455    100     
 0.00352  6.14e-05 75       75       75      
 100      20       11.2     0.334    100     
 100      20       11.2     0.324    100     
 0.000247 0.00346  76.3     76.3     76.3    
 0.000541 0.00218  75       75       75      
 100      20       11.2     0.37     100     
 0.00154  0.00151  76.3     76.3     76.3    
 100      20       11.2     0.384    100     
 0.00172  0.0012   76.2     76.2     76.2    
 0.00179  0.00107  75       75       75      
 0.00191  0.000758 75       75       75      
 100      20       11.2     0.407    100     
 100      20       11.2     0.371    100     
 100      20       11.2     0.489    100     
 0.000257 0.00232  76.8     76.8     76.8    
 0.0034   0.000141 75       75       75      
 0.00168  0.00131  76.3     76.3     76.3    
 100      20       11.2     0.455    100     
 0.00172  0.00119  76.2     76.2     76.2    
 100      20       11.2     0.481    100     
 100      20       11.2     0.466    100     
 0.00352  9.12e-05 75       75       75      
 100      20       11.2     0.324    100     
 100      20       11.2     0.464    100     
 100      20       11.2     0.37     100     
 100      20       11.2     0.393    100     
 0.00154  0.00149  76.3     76.3     76.3    
 0.00156  0.00146  76.2     76.2     76.2    
 6.44e-05 0.0103   75       75       75      
 0.000274 0.00174  76.8     76.8     76.8    
 100      20       11.2     0.395    100     
 6.2e-05  0.005    76.4     76.4     76.4    
 0.000124 0.00416  76.9     76.9     76.9    
 100      20       11.3     0.00838  100     
 100      20       11.3     0.0931   100     
 100      20       11.2     0.478    100     
 100      20       11.2     0.471    100     
 100      20       11.2     0.386    100     
 100      20       11.2     0.481    100     
 0.000197 0.0032   76.3     76.3     76.3    
 100      20       11.2     0.467    100     
 100      20       11.2     0.314    100     
 100      20       11.2     0.373    100     
 100      20       11.2     0.335    100     
 0.000752 0.000988 76.9     76.9     76.9    
 100      20       11.2     0.386    100     
 100      20       11.2     0.373    100     
 0.000139 0.0036   77       77       77      
 100      20       11.2     0.387    100     
 100      20       11.2     0.467    100     
 100      20       11.2     0.471    100     
 100      20       11.3     0.0943   100     
 0.000139 0.00466  76.4     76.4     76.4    
 0.000248 0.00264  76.9     76.9     76.9    
 0.000157 0.00467  76.4     76.4     76.4    
 0.000358 0.00496  75       75       75      
 0.00117  0.0015   76.7     76.7     76.7    
 0.000168 0.00795  75       75       75      
 100      20       11.2     0.47     100     
 100      20       11.2     0.466    100     
 100      20       11.3     0.0878   100     
 100      20       11.2     0.486    100     
 100      20       11.3     0.00107  100     
 0.00311  0.000233 75       75       75      
 0.000322 0.00236  76.2     76.2     76.2    
 100      20       11.2     0.324    100     
 0.000772 0.00123  76.8     76.8     76.8    
 100      20       11.3     0.00242  100     
 100      20       11.3     0.0425   100     
 100      20       11.2     0.371    100     
 100      20       11.4     0.000934 100     
 0.0012   0.000942 76.9     76.9     76.9    
 0.00132  0.00137  76.7     76.7     76.7    
 100      20       11.2     0.484    100     
 0.000698 0.0013   76.8     76.8     76.8    
 2.72e-05 0.0532   75       75       75      
 0.00032  0.00237  76.2     76.2     76.2    
 100      20       11.2     0.372    100     
 0.000181 0.00791  76.3     76.3     76.3    
 100      20       11.3     0.0452   100     
 0.000346 0.00428  76.1     76.1     76.1    
 100      20       11.2     0.468    100     
 0.000734 0.00179  76.3     76.3     76.3    
 3.31e-05 0.00764  76.7     76.7     76.7    
 100      20       11.3     0.0904   100     
 0.000149 0.00537  76.4     76.4     76.4    
 100      20       11.2     0.405    100     
 0.00106  0.000835 76.9     76.9     76.9    
 0.00033  0.00234  76.2     76.2     76.2    
 0.000412 0.00297  75.9     75.9     75.9    
 0.363    3.46e-05 88.6     88.6     88.6    
 100      20       11.2     0.484    100     
 100      20       11.2     0.421    100     
 0.000319 0.00222  76.4     76.4     76.4    
 0.000277 0.00276  76.2     76.2     76.2    
 100      20       11.3     0.00642  100     
 100      20       11.2     0.372    100     
 100      20       11.2     0.371    100     
 9.88e-05 0.0049   76.4     76.4     76.4    
 100      20       11.2     0.373    100     
 0.000656 0.00133  76.8     76.8     76.8    
 0.000211 0.00279  76.3     76.3     76.3    
 100      20       11.2     0.468    100     
 100      20       11.3     0.0946   100     
 100      20       11.2     0.467    100     
 100      20       11.2     0.405    100     
 0.00123  0.00127  76.7     76.7     76.7    
 0.00099  0.000871 76.9     76.9     76.9    
 100      20       11.2     0.385    100     
 100      20       11.2     0.384    100     
 100      20       11.2     0.477    100     
 0.00103  0.00217  76.2     76.2     76.2    
 6.21e-05 0.0136   76.2     76.2     76.2    
 0.00117  0.0014   76.7     76.7     76.7    
 0.000196 0.00787  75       75       75      
 0.00137  0.0012   76.8     76.8     76.8    
 100      20       11.2     0.486    100     
 0.00161  0.00141  76.3     76.3     76.3    
 0.00119  0.00147  76.7     76.7     76.7    
 100      20       11.2     0.487    100     
 0.000387 0.00242  76.2     76.2     76.2    
 100      20       11.3     0.0383   100     
 0.000326 0.00413  76.1     76.1     76.1    
 0.000729 0.00183  76.3     76.3     76.3    
 100      20       11.2     0.48     100     
 0.000195 0.00343  76.9     76.9     76.9    
 0.000323 0.00467  76.1     76.1     76.1    
 0.00349  0.000102 75       75       75      
 0.00154  0.0019   76.3     76.3     76.3    
 100      20       11.2     0.417    100     
 0.00156  0.00138  76.3     76.3     76.3    
 0.00171  0.00121  76.2     76.2     76.2    
 100      20       11.2     0.384    100     
 0.00206  0.000242 75       75       75      
 0.00145  0.00191  75       75       75      
 0.000216 0.00769  75       75       75      
 0.00155  0.0014   76.3     76.3     76.3    
 100      20       11.2     0.477    100     
 100      20       11.2     0.382    100     
 100      20       11.2     0.393    100     
 0.000617 0.00111  76.9     76.9     76.9    
 0.000534 0.00165  76.8     76.8     76.8    
 0.000208 0.00111  77.2     77.2     77.2    
 0.00165  0.00158  76.2     76.2     76.2    
 100      20       11.2     0.315    100     
 0.00176  0.00108  76.2     76.2     76.2    
 0.000145 0.00974  75       75       75      
 0.000156 0.00413  76.4     76.4     76.4    
 100      20       11.2     0.473    100     
 100      20       11.2     0.334    100     
 100      20       11.2     0.464    100     
 0.000289 0.00237  76.2     76.2     76.2    
 100      20       11.2     0.372    100     
 0.000237 0.00313  76.3     76.3     76.3    
 100      20       11.3     0.246    100     
 3.23e-05 0.053    75       75       75      
 100      20       11.3     0.306    100     
 100      20       11.2     0.455    100     
 0.0017   0.000956 76.2     76.2     76.2    
 100      20       11.2     0.381    100     
 4.51e-05 0.00688  76.3     76.3     76.3    
 100      20       11.2     0.468    100     
 100      20       11.2     0.466    100     
 100      20       11.2     0.313    100     
 100      20       11.2     0.394    100     
 0.000124 0.000877 77.2     77.2     77.2    
 0.000422 0.00266  75       75       75      
 0.00027  0.00177  76.8     76.8     76.8    
 100      20       11.2     0.335    100     
 0.000801 0.000876 76.9     76.9     76.9    
 100      20       11.3     0.018    100     
 100      20       11.3     0.0931   100     
 100      20       11.2     0.393    100     
 100      20       11.2     0.386    100     
 100      20       11.2     0.373    100     
 100      20       11.2     0.386    100     
 100      20       11.2     0.37     100     
 100      20       11.2     0.466    100     
 0.000388 0.00238  76.2     76.2     76.2    
 100      20       11.2     0.467    100     
 5.19e-05 0.0137   76.2     76.2     76.2    
 0.000174 0.00789  76.3     76.3     76.3    
 0.0107   3.98e-05 75       75       75      
 100      20       11.2     0.521    100     
 0.0008   0.00155  76.3     76.3     76.3    
 0.000396 0.00432  75       75       75      
 100      20       11.2     0.393    100     
 0.000182 0.00535  76.4     76.4     76.4    
 0.000184 0.00395  76.3     76.3     76.3    
 0.000466 0.0022   76.4     76.4     76.4    
 100      20       11.2     0.488    100     
 0.0001   0.00489  76.4     76.4     76.4    
 100      20       11.2     0.373    100     
 0.000233 0.00273  76.3     76.3     76.3    
 100      20       11.2     0.468    100     
 0.00107  0.000804 76.9     76.9     76.9    
 100      20       11.2     0.315    100     
 0.00167  0.000925 76.8     76.8     76.8    
 100      20       11.2     0.487    100     
 0.000278 0.00327  76.2     76.2     76.2    
 0.000204 0.00282  76.9     76.9     76.9    
 0.000363 0.00461  76.1     76.1     76.1    
 100      20       11.2     0.388    100     
 100      20       11.2     0.371    100     
 0.00172  0.00127  76.2     76.2     76.2    
 0.00172  0.00107  76.3     76.3     76.3    
 100      20       11.2     0.334    100     
 100      20       11.2     0.371    100     
 0.00172  0.00132  76.2     76.2     76.2    
 100      20       11.3     0.307    100     
 100      20       11.3     0.0184   100     
 100      20       11.3     0.307    100     
 100      20       11.2     0.386    100     
 100      20       11.2     0.395    100     
 0.00176  0.00121  76.3     76.3     76.3    
 100      20       11.2     0.466    100     
 100      20       11.2     0.316    100     
 0.00189  0.00111  75       75       75      
 0.000292 0.00235  76.9     76.9     76.9    
 100      20       11.2     0.371    100     
 7.39e-05 0.0133   76.2     76.2     76.2    
 0.00144  0.00159  76.7     76.7     76.7    
 0.00175  0.000804 77.1     77.1     77.1    
 0.000793 0.00152  76.7     76.7     76.7    
 100      20       11.2     0.489    100     
 8.24e-05 0.0145   75       75       75      
 0.000229 0.00736  76.3     76.3     76.3    
 100      20       11.2     0.489    100     
 100      20       11.2     0.383    100     
 0.000647 0.00119  77.3     77.3     77.3    
 0.00119  0.000886 76.9     76.9     76.9    
 0.000243 0.00649  76.3     76.3     76.3    
 0.000651 0.00203  77       77       77      
 7.38e-05 0.0101   76.7     76.7     76.7    
 0.000115 0.0411   75       75       75      
 0.000622 0.00154  77.3     77.3     77.3    
 8.01e-05 0.0101   76.7     76.7     76.7    
 100      20       11.2     0.382    100     
 0.000298 0.0051   76.2     76.2     76.2    
 0.000296 0.00504  76.2     76.2     76.2    
 100      20       11.2     0.466    100     
 0.00694  0.000125 85.9     85.9     85.9    
 0.00141  0.000902 76.9     76.9     76.9    
 0.363    4.64e-05 88.6     88.6     88.6    
 0.0016   0.00148  76.3     76.3     76.3    
 100      20       11.2     0.466    100     
 0.00834  0.000103 75       75       75      
 0.00168  0.00176  76.3     76.3     76.3    
 0.00146  0.00199  76.3     76.3     76.3    
 3.63     5.03e-05 75       75       75      
 0.000162 0.0157   75       75       75      
 0.000944 0.00168  76.7     76.7     76.7    
 0.00167  0.00161  76.3     76.3     76.3    
 0.000305 0.00275  76.2     76.2     76.2    
 7.52e-05 0.0131   76.2     76.2     76.2    
 0.000647 0.00186  77       77       77      
 100      20       11.2     0.487    100     
 0.000107 0.0129   76.3     76.3     76.3    
 0.363    5.61e-05 88.6     88.6     88.6    
 100      20       11.2     0.466    100     
 8.92e-05 0.0064   76.5     76.5     76.5    
 6.55e-05 0.0135   76.2     76.2     76.2    
 8.48e-05 0.0516   75       75       75      
 0.0109   5.75e-05 75       75       75      
 100      20       11.2     0.525    100     
 0.00046  0.00195  77.3     77.3     77.3    
 100      20       11.2     0.324    100     
 100      20       11.2     0.47     100     
 100      20       11.2     0.393    100     
 0.000251 0.00383  76.3     76.3     76.3    
 8.22e-05 0.0156   75       75       75      
 100      20       11.2     0.473    100     
 0.000128 0.0107   76.4     76.4     76.4    
 0.000611 0.00156  77.3     77.3     77.3    
 0.00166  0.00161  76.3     76.3     76.3    
 0.00152  0.00203  76.3     76.3     76.3    
 0.000102 0.0131   76.2     76.2     76.2    
 0.000185 0.0079   76.3     76.3     76.3    
 100      20       11.2     0.488    100     
 0.000296 0.00354  76.2     76.2     76.2    
 0.00194  0.000754 77.4     77.4     77.4    
 0.00157  0.00148  76.3     76.3     76.3    
 4.8e-05  0.00764  76.7     76.7     76.7    
 100      20       11.3     0.309    100     
 100      20       11.2     0.455    100     
 0.00213  0.000733 75       75       75      
 0.00102  0.0015   76.7     76.7     76.7    
 100      20       11.2     0.335    100     
 0.000274 0.00354  76.3     76.3     76.3    
 0.000676 0.00221  75       75       75      
 100      20       11.2     0.335    100     
 100      20       11.2     0.315    100     
 100      20       11.2     0.383    100     
 100      20       11.2     0.407    100     
 100      20       11.2     0.371    100     
 100      20       11.2     0.371    100     
 100      20       11.3     0.246    100     
 0.000249 0.00722  76.3     76.3     76.3    
 100      20       11.2     0.47     100     
 0.000607 0.00127  77.3     77.3     77.3    
 6.03e-05 0.0129   76.7     76.7     76.7    
 100      20       11.2     0.382    100     
 5.95e-05 0.0531   75       75       75      
 100      20       11.2     0.465    100     
 100      20       11.2     0.466    100     
 0.000611 0.00146  77.3     77.3     77.3    
 0.00165  0.00171  76.3     76.3     76.3    
 0.000186 0.00506  76.4     76.4     76.4    
 6.1e-05  0.0114   76.4     76.4     76.4    
 100      20       11.2     0.464    100     
 100      20       11.2     0.426    100     
 0.000299 0.00339  76.2     76.2     76.2    
 0.00161  0.00171  76.3     76.3     76.3    
 100      20       11.2     0.383    100     
 100      20       11.2     0.467    100     
 100      20       11.2     0.335    100     
 100      20       11.2     0.388    100     
 0.000758 0.00102  76.9     76.9     76.9    
 100      20       11.2     0.478    100     
 100      20       11.2     0.473    100     
 100      20       11.3     0.0949   100     
 0.000251 0.00448  76.7     76.7     76.7    
 0.000247 0.00327  77.6     77.6     77.6    
 100      20       11.3     0.0942   100     
 100      20       11.2     0.479    100     
 100      20       11.3     0.00867  100     
 100      20       11.2     0.371    100     
 100      20       11.3     0.0935   100     
 100      20       11.2     0.373    100     
 100      20       11.2     0.479    100     
 0.00024  0.00359  76.9     76.9     76.9    
 100      20       11.2     0.473    100     
 100      20       11.3     0.0949   100     
 0.000249 0.00457  76.7     76.7     76.7    
 100      20       11.2     0.478    100     
 100      20       11.2     0.371    100     
 0.000827 0.00181  76.3     76.3     76.3    
 100      20       11.3     0.00643  100     
 100      20       11.4     0.0015   100     
 0.000371 0.00517  75       75       75      
 100      20       11.2     0.466    100     
 100      20       11.4     0.00358  100     
 100      20       11.2     0.37     100     
 0.000762 0.00188  76.7     76.7     76.7    
 100      20       11.2     0.324    100     
 0.00172  0.00106  76.3     76.3     76.3    
 0.0002   0.00661  76.3     76.3     76.3    
 0.000703 0.00147  76.8     76.8     76.8    
 100      20       11.3     0.0919   100     
 100      20       11.3     0.0881   100     
 100      20       11.2     0.384    100     
 0.00198  0.000851 75       75       75      
 0.000186 0.0045   76.7     76.7     76.7    
 0.00153  0.00196  75       75       75      
 0.00359  0.000169 75       75       75      
 0.00168  0.00133  76.3     76.3     76.3    
 0.00159  0.00143  76.3     76.3     76.3    
 0.000535 0.00171  77       77       77      
 100      20       11.3     0.0187   100     
 100      20       11.3     0.307    100     
 100      20       11.2     0.471    100     
 100      20       11.2     0.481    100     
 100      20       11.3     0.307    100     
 100      20       11.2     0.467    100     
 100      20       11.2     0.464    100     
 100      20       11.2     0.394    100     
 100      20       11.2     0.393    100     
 100      20       11.2     0.386    100     
 100      20       11.2     0.373    100     
 0.00176  0.00122  76.3     76.3     76.3    
 100      20       11.3     0.0935   100     
 0.000134 0.00501  76.4     76.4     76.4    
 0.000113 0.0144   75.1     75.1     75.1    
 0.000252 0.00787  75       75       75      
 0.000236 0.00639  76.3     76.3     76.3    
 0.000608 0.0021   77       77       77      
 0.000334 0.00643  76.2     76.2     76.2    
 0.000925 0.00169  76.7     76.7     76.7    
 0.000482 0.00178  77.3     77.3     77.3    
 0.00124  0.000935 76.9     76.9     76.9    
 100      20       11.2     0.484    100     
 0.000657 0.00136  76.8     76.8     76.8    
 100      20       11.2     0.487    100     
 7.38e-05 0.0124   76.3     76.3     76.3    
 0.000465 0.00111  77.4     77.4     77.4    
 100      20       11.2     0.405    100     
 7.09e-05 0.0156   75       75       75      
 100      20       11.2     0.473    100     
 9.83e-05 0.00934  76.4     76.4     76.4    
 0.000324 0.00296  76.2     76.2     76.2    
 100      20       11.2     0.421    100     
 100      20       11.2     0.372    100     
 0.000543 0.00222  75       75       75      
 0.00157  0.00144  76.3     76.3     76.3    
 5.74e-05 0.00778  76.7     76.7     76.7    
 0.000727 0.00171  76.8     76.8     76.8    
 0.00102  0.00148  76.7     76.7     76.7    
 100      20       11.2     0.335    100     
 0.00128  0.00131  76.7     76.7     76.7    
 0.000256 0.00355  76.3     76.3     76.3    
 0.000465 0.00289  75       75       75      
 100      20       11.2     0.335    100     
 100      20       11.3     0.246    100     
 0.000222 0.00809  76.3     76.3     76.3    
 3.16e-05 0.0534   75       75       75      
 0.00216  0.000244 75       75       75      
 0.00163  0.00148  76.3     76.3     76.3    
 100      20       11.2     0.466    100     
 0.0011   0.00163  76.7     76.7     76.7    
 0.00117  0.00107  76.9     76.9     76.9    
 0.000812 0.00175  76.7     76.7     76.7    
 0.000366 0.00246  76.2     76.2     76.2    
 0.000435 0.00397  76.1     76.1     76.1    
 100      20       11.2     0.426    100     
 100      20       11.2     0.383    100     
 100      20       11.3     0.0952   100     
 100      20       11.3     0.0942   100     
 100      20       11.2     0.48     100     
 100      20       11.2     0.314    100     
 100      20       11.2     0.472    100     
 100      20       11.3     0.0949   100     
 0.000249 0.00462  76.7     76.7     76.7    
 100      20       11.2     0.466    100     
 100      20       11.2     0.385    100     
 0.00107  0.000853 77.3     77.3     77.3    
 0.00109  0.000845 76.9     76.9     76.9    
 100      20       11.2     0.406    100     
 0.00044  0.0023   76.7     76.7     76.7    
 0.000796 0.00181  76.7     76.7     76.7    
 100      20       11.3     0.0944   100     
 100      20       11.2     0.484    100     
 0.000759 0.00183  76.8     76.8     76.8    
 0.000422 0.0023   76.7     76.7     76.7    
 0.0015   0.0018   76.3     76.3     76.3    
 100      20       11.2     0.421    100     
 0.000232 0.0049   76.4     76.4     76.4    
 0.00149  0.00181  76.3     76.3     76.3    
 0.00109  0.000862 76.9     76.9     76.9    
 0.000228 0.00803  75       75       75      
 0.000178 0.00969  75       75       75      
 100      20       11.3     0.0711   100     
 100      20       11.3     0.0528   100     
 0.000228 0.00852  76.2     76.2     76.2    
 0.000423 0.00483  76.2     76.2     76.2    
 100      20       11.4     0.00186  100     
 5.52e-05 0.0533   75       75       75      
 0.0012   0.00107  76.9     76.9     76.9    
 100      20       11.2     0.385    100     
 100      20       11.2     0.468    100     
 100      20       11.2     0.374    100     
 0.00128  0.00199  76.3     76.3     76.3    
 0.000336 0.00335  76.2     76.2     76.2    
 100      20       11.3     0.0948   100     
 100      20       11.2     0.324    100     
 100      20       11.4     0.000938 100     
 0.000236 0.00543  76.4     76.4     76.4    
 100      20       11.2     0.373    100     
 0.000222 0.00415  76.9     76.9     76.9    
 0.000279 0.00283  76.3     76.3     76.3    
 0.00106  0.000887 76.9     76.9     76.9    
 100      20       11.2     0.478    100     
 0.000277 0.00288  76.2     76.2     76.2    
 100      20       11.2     0.385    100     
 100      20       11.2     0.468    100     
 0.000807 0.00189  76.3     76.3     76.3    
 0.000129 0.00501  77.5     77.5     77.5    
 0.000153 0.00499  76.4     76.4     76.4    
 100      20       11.3     0.00423  100     
 100      20       11.3     0.00369  100     
 0.00343  0.000241 75       75       75      
 100      20       11.3     0.0922   100     
 100      20       11.2     0.466    100     
 0.000164 0.00489  76.6     76.6     76.6    
 100      20       11.2     0.324    100     
 0.000753 0.00134  76.8     76.8     76.8    
 100      20       11.3     0.0944   100     
 0.000201 0.00841  76.2     76.2     76.2    
 100      20       11.3     0.00382  100     
 100      20       11.2     0.371    100     
 0.000332 0.00246  76.8     76.8     76.8    
 100      20       11.2     0.394    100     
 100      20       11.2     0.394    100     
 100      20       11.3     0.307    100     
 100      20       11.2     0.464    100     
 100      20       11.2     0.395    100     
 100      20       11.2     0.394    100     
 100      20       11.2     0.37     100     
 0.00174  0.00127  76.7     76.7     76.7    
 0.00446  0.000212 75       75       75      
 0.00164  0.00213  76.3     76.3     76.3    
 0.000589 0.00174  77.3     77.3     77.3    
 0.00181  0.00114  76.7     76.7     76.7    
 0.00184  0.00119  76.3     76.3     76.3    
 0.000538 0.00325  75       75       75      
 100      20       11.3     0.0382   100     
 0.0017   0.00135  76.7     76.7     76.7    
 0.00185  0.00188  76.3     76.3     76.3    
 0.000548 0.00223  75       75       75      
 100      20       11.2     0.37     100     
 100      20       11.2     0.393    100     
 100      20       11.2     0.334    100     
 0.00175  0.00129  76.3     76.3     76.3    
 0.000484 0.00364  75       75       75      
 0.00219  0.000245 75       75       75      
 0.00175  0.00176  76.3     76.3     76.3    
 0.000937 0.0017   76.7     76.7     76.7    
 0.00117  0.00108  76.9     76.9     76.9    
 100      20       11.2     0.466    100     
 100      20       11.2     0.335    100     
 100      20       11.2     0.395    100     
 100      20       11.3     0.3      100     
 100      20       11.3     0.274    100     
 100      20       11.3     0.276    100     
 100      20       11.3     0.3      100     
 100      20       11.2     0.407    100     
 100      20       11.3     0.273    100     
 0.00217  0.00102  76.8     76.8     76.8    
 100      20       11.2     0.472    100     
 6.37e-05 0.013    76.7     76.7     76.7    
 6.02e-05 0.0532   75       75       75      
 100      20       11.2     0.456    100     
 0.00164  0.00174  76.3     76.3     76.3    
 9.33e-05 0.0119   76.4     76.4     76.4    
 100      20       11.3     0.307    100     
 0.00163  0.00198  76.3     76.3     76.3    
 100      20       11.3     0.0216   100     
 100      20       11.2     0.48     100     
 100      20       11.2     0.314    100     
 100      20       11.3     0.273    100     
 100      20       11.2     0.405    100     
 100      20       11.2     0.455    100     
 100      20       11.2     0.466    100     
 100      20       11.2     0.481    100     
 100      20       11.2     0.426    100     
 100      20       11.2     0.466    100     
 0.000205 0.00654  76.4     76.4     76.4    
 100      20       11.3     0.3      100     
 7.21e-05 0.0077   76.7     76.7     76.7    
 100      20       11.2     0.476    100     
 100      20       11.2     0.473    100     
 100      20       11.2     0.471    100     
 0.0011   0.00152  76.8     76.8     76.8    
 100      20       11.2     0.476    100     
 0.000272 0.00418  76.3     76.3     76.3    
 0.000237 0.0055   76.4     76.4     76.4    
 0.00029  0.0029   76.9     76.9     76.9    
 0.000299 0.00846  75       75       75      
 0.00138  0.000992 76.9     76.9     76.9    
 0.000186 0.0157   75       75       75      
 100      20       11.2     0.371    100     
 100      20       11.2     0.406    100     
 0.000929 0.00217  76.6     76.6     76.6    
 0.00154  0.00222  76.3     76.3     76.3    
 100      20       11.2     0.337    100     
 100      20       11.2     0.374    100     
 100      20       11.3     0.0135   100     
 0.000466 0.00522  75       75       75      
 100      20       11.2     0.468    100     
 100      20       11.2     0.469    100     
 0.00111  0.00108  76.9     76.9     76.9    
 0.00085  0.00102  76.9     76.9     76.9    
 100      20       11.3     0.0187   100     
 100      20       11.3     0.0174   100     
 100      20       11.3     0.0158   100     
 100      20       11.3     0.0103   100     
 0.000417 0.0054   76.2     76.2     76.2    
 0.00018  0.00499  77.5     77.5     77.5    
 0.00127  0.000883 76.9     76.9     76.9    
 0.00111  0.000932 77       77       77      
 0.000217 0.00902  76.2     76.2     76.2    
 0.00121  0.000947 76.9     76.9     76.9    
 100      20       11.2     0.466    100     
 100      20       11.2     0.466    100     
 0.000925 0.00222  76.7     76.7     76.7    
 0.000232 0.005    76.4     76.4     76.4    
 0.000253 0.00493  76.7     76.7     76.7    
 0.00164  0.00186  76.3     76.3     76.3    
 0.00158  0.00194  76.3     76.3     76.3    
 100      20       11.3     0.0041   100     
 100      20       11.4     0.00365  100     
 0.000776 0.00193  76.8     76.8     76.8    
 100      20       11.2     0.324    100     
 100      20       11.2     0.486    100     
 0.000921 0.0014   76.9     76.9     76.9    
 0.000465 0.00244  76.9     76.9     76.9    
 0.00151  0.00201  76.3     76.3     76.3    
 0.0003   0.00812  75       75       75      
 100      20       11.4     0.00191  100     
 0.000237 0.00518  76.4     76.4     76.4    
 0.00127  0.00089  76.9     76.9     76.9    
 100      20       11.3     0.0577   100     
 100      20       11.2     0.466    100     
 0.000251 0.00496  76.7     76.7     76.7    
 100      20       11.2     0.486    100     
 100      20       11.2     0.466    100     
 0.000838 0.00216  76.7     76.7     76.7    
 100      20       11.2     0.371    100     
 0.000272 0.00828  76.1     76.1     76.1    
 100      20       11.2     0.373    100     
 6.09e-05 0.0079   76.7     76.7     76.7    
 100      20       11.3     0.0944   100     
 0.00112  0.0017   76.7     76.7     76.7    
 0.00163  0.00195  76.3     76.3     76.3    
 100      20       11.3     0.0929   100     
 100      20       11.3     0.00391  100     
 0.000764 0.00172  76.9     76.9     76.9    
 0.000147 0.00589  76.4     76.4     76.4    
 0.000679 0.00149  77.1     77.1     77.1    
 0.000261 0.00389  76.9     76.9     76.9    
 100      20       11.3     0.309    100     
 100      20       11.2     0.314    100     
 100      20       11.2     0.335    100     
 0.00193  0.00116  75       75       75      
 0.000143 0.00538  76.4     76.4     76.4    
 0.000299 0.0024   76.9     76.9     76.9    
 0.000158 0.0134   76.2     76.2     76.2    
 100      20       11.2     0.486    100     
 0.000649 0.00154  77.3     77.3     77.3    
 100      20       11.2     0.382    100     
 100      20       11.2     0.324    100     
 0.00168  0.00207  76.3     76.3     76.3    
 0.00181  0.00115  76.7     76.7     76.7    
 0.00172  0.00134  76.3     76.3     76.3    
 0.000286 0.00307  76.2     76.2     76.2    
 0.00183  0.00117  76.3     76.3     76.3    
 8.91e-05 0.0516   75       75       75      
 100      20       11.2     0.468    100     
 100      20       11.2     0.324    100     
 100      20       11.2     0.47     100     
 0.000771 0.00137  77.3     77.3     77.3    
 0.00165  0.00197  76.3     76.3     76.3    
 0.00154  0.00194  76.3     76.3     76.3    
 100      20       11.2     0.456    100     
 100      20       11.2     0.371    100     
 0.00176  0.0014   76.3     76.3     76.3    
 0.00041  0.0057   75       75       75      
 6.23e-05 0.013    76.7     76.7     76.7    
 100      20       11.2     0.382    100     
 0.00175  0.00177  76.3     76.3     76.3    
 0.000123 0.0116   76.4     76.4     76.4    
 100      20       11.2     0.466    100     
 0.00157  0.00206  76.3     76.3     76.3    
 100      20       11.2     0.467    100     
 100      20       11.2     0.335    100     
 100      20       11.3     0.274    100     
 0.00088  0.00112  76.9     76.9     76.9    
 100      20       11.2     0.386    100     
 9.4e-05  0.0119   76.4     76.4     76.4    
 100      20       11.3     0.0387   100     
 100      20       11.3     0.307    100     
 0.00162  0.00202  76.3     76.3     76.3    
 100      20       11.2     0.455    100     
 0.000298 0.00286  77       77       77      
 100      20       11.3     0.307    100     
 100      20       11.3     0.273    100     
 100      20       11.2     0.316    100     
 100      20       11.2     0.383    100     
 100      20       11.2     0.476    100     
 100      20       11.2     0.473    100     
 0.000129 0.0107   76.4     76.4     76.4    
 0.000776 0.00209  76.7     76.7     76.7    
 100      20       11.2     0.371    100     
 0.000257 0.00418  76.9     76.9     76.9    
 0.00182  0.00122  76.7     76.7     76.7    
 0.000152 0.00505  77.5     77.5     77.5    
 0.000214 0.00517  76.4     76.4     76.4    
 0.00018  0.00508  76.4     76.4     76.4    
 0.00014  0.00509  77.5     77.5     77.5    
 100      20       11.2     0.406    100     
 0.000165 0.0132   76.3     76.3     76.3    
 100      20       11.3     0.0887   100     
 0.000731 0.00143  76.9     76.9     76.9    
 0.000108 0.0135   76.2     76.2     76.2    
 0.102    9.64e-05 75       75       75      
 100      20       11.2     0.471    100     
 8.94e-05 0.00642  76.5     76.5     76.5    
 3.53e-05 0.0538   75       75       75      
 100      20       11.3     0.0896   100     
 0.000115 0.0148   76.2     76.2     76.2    
 100      20       11.2     0.383    100     
 0.000426 0.0027   76.2     76.2     76.2    
 3.63     8.37e-05 75       75       75      
 0.0332   0.000144 76.9     76.9     76.9    
 0.00149  0.00144  76.7     76.7     76.7    
 0.000706 0.00148  76.9     76.9     76.9    
 0.00219  0.000947 75       75       75      
 100      20       11.2     0.49     100     
 100      20       11.3     0.3      100     
 100      20       11.2     0.467    100     
 100      20       11.2     0.316    100     
 100      20       11.2     0.456    100     
 0.00162  0.00206  76.3     76.3     76.3    
 4.25e-05 0.0537   75       75       75      
 100      20       11.3     0.307    100     
 100      20       11.3     0.0918   100     
 100      20       11.3     0.273    100     
 100      20       11.2     0.405    100     
 100      20       11.2     0.455    100     
 100      20       11.2     0.421    100     
 100      20       11.2     0.481    100     
 100      20       11.2     0.488    100     
 100      20       11.3     0.276    100     
 100      20       11.2     0.396    100     
 100      20       11.3     0.275    100     
 100      20       11.3     0.3      100     
 8.68e-05 0.0148   76.2     76.2     76.2    
 100      20       11.3     0.0206   100     
 0.0009   0.00159  76.7     76.7     76.7    
 0.000272 0.00783  76.3     76.3     76.3    
 0.000311 0.00798  75       75       75      
 0.000432 0.00463  76.2     76.2     76.2    
 0.000405 0.00255  76.2     76.2     76.2    
 0.0361   0.000108 75.6     75.6     75.6    
 0.0334   0.000141 76.9     76.9     76.9    
 0.0362   0.000151 75.6     75.6     75.6    
 0.0331   0.000146 76.9     76.9     76.9    
 0.0108   0.000153 75       75       75      
 0.000379 0.00249  76.8     76.8     76.8    
 0.000116 0.0411   75       75       75      
 100      20       11.2     0.384    100     
 100      20       11.2     0.466    100     
 0.00168  0.00149  76.3     76.3     76.3    
 100      20       11.2     0.382    100     
 0.00164  0.00188  76.3     76.3     76.3    
 0.000264 0.00424  76.9     76.9     76.9    
 0.000796 0.0018   76.8     76.8     76.8    
 0.0362   6.75e-05 75.6     75.6     75.6    
 0.000381 0.00248  76.8     76.8     76.8    
 100      20       11.3     0.0887   100     
 0.00128  0.00165  76.7     76.7     76.7    
 100      20       11.2     0.467    100     
 0.00024  0.00647  76.3     76.3     76.3    
 100      20       11.2     0.374    100     
 100      20       11.2     0.374    100     
 0.000465 0.00523  75       75       75      
 100      20       11.2     0.468    100     
 100      20       11.2     0.478    100     
 100      20       11.2     0.473    100     
 0.000933 0.00108  76.9     76.9     76.9    
 100      20       11.2     0.469    100     
 100      20       11.2     0.388    100     
 0.0003   0.00349  76.2     76.2     76.2    
 100      20       11.2     0.469    100     
 100      20       11.2     0.337    100     
 100      20       11.2     0.385    100     
 100      20       11.2     0.385    100     
 100      20       11.3     0.0936   100     
 8.98     20       10.8     4.15     100     
 0.00349  0.000102 75       75       75      
 100      20       11.4     0.000487 100     
 246      246      1.75     20       100     
 0.00352  1.42e-05 75       75       75      
 2.18e-05 0.0138   76.2     76.2     76.2    
mat_end
 --------------------------- 
