1000 5
 2.01     2.15     0.943    6.42     0       
 2.07     2.37     0.767    7.77     0       
 2.11     2.22     0.788    7.35     0       
 1.94     2.49     0.952    4.8      0       
 2.11     2.37     0.785    6.72     0       
 2.03     2.47     0.742    7.58     0       
 2.02     2.03     1.08     5.92     0       
 2.06     2.12     0.862    7.12     0       
 2.98     2.87     3.44     2.34     0       
 2.08     1.87     1.72     7.38     0       
 2.04     2.46     0.742    7.97     0       
 2.27     1.49     3.61     7.5      0       
 2.02     2.33     0.847    6.63     0       
 2.1      1.75     2.61     7.07     0       
 1.95     2.19     0.996    5.04     0       
 1.97     2.39     0.933    7.59     0       
 2.11     2.12     0.822    7.79     0       
 1.92     1.86     4.07     6.92     0       
 2.03     1.86     3.94     6.8      0       
 2.02     2.44     0.806    5.62     0       
 3.02     2.89     1.49     2.04     0       
 2.11     2.75     0.691    7.61     0       
 1.96     2.07     1.32     5.93     0       
 2.05     2.52     0.786    4.41     0       
 1.94     1.88     3.96     6.97     0       
 2.17     3.09     0.757    4.01     0       
 2.06     2.23     0.811    6.98     0       
 2.01     2.51     0.812    4.74     0       
 2.1      1.56     3.65     6.45     0       
 1.93     2.41     1.01     5.44     0       
 1.94     2.48     1        5.26     0       
 2.08     1.64     2.6      7.91     0       
 2.11     3.12     0.721    5.47     0       
 1.94     2.37     0.954    5.02     0       
 2.05     1.78     2.54     6.53     0       
 1.93     2.28     1.22     6.84     0       
 2.05     2.37     0.818    5.88     0       
 2.01     2.53     0.811    4.37     0       
 2.24     3.1      0.787    3.92     0       
 2.05     2.41     0.768    7.15     0       
 1.94     2.42     0.932    7.68     0       
 2.09     2.4      0.775    6.3      0       
 1.98     2.34     1        3.76     0       
 1.92     1.89     3.94     7.09     0       
 2.93     2.89     1.42     2.3      0       
 2.09     2.54     0.723    7.67     0       
 2.04     2.41     0.771    7.24     0       
 2.08     2.43     0.755    7.82     0       
 2.24     1.53     2.56     7.86     0       
 2.01     2.44     0.83     7.46     0       
 2.17     2.19     0.852    6.28     0       
 1.99     2.6      0.803    4        0       
 2.07     1.53     3.43     6.54     0       
 2.06     1.69     3.76     7.64     0       
 1.86     3.15     1.23     6.47     0       
 2.12     1.76     2.49     6.55     0       
 2.05     1.89     4.04     6.53     0       
 2.07     1.98     1.47     5.73     0       
 2.02     2.69     0.745    6.69     0       
 2.05     2.35     0.855    4.69     0       
 2        2.31     0.946    4.09     0       
 2.03     2.56     0.728    7.42     0       
 1.98     2.36     0.939    5.77     0       
 2.14     3.08     0.724    4.49     0       
 2.03     2.13     0.932    6.44     0       
 2.14     2.25     0.789    7.33     0       
 2.03     2.18     0.846    6.6      0       
 2.13     2.52     0.718    7.61     0       
 1.99     3.11     1.28     2.84     0       
 1.96     2.56     0.918    6.4      0       
 2.07     2.47     0.738    7.66     0       
 2.14     2.26     0.915    4.37     0       
 1.91     3.05     1.12     6.54     0       
 2.02     2.25     0.943    6.41     0       
 2.12     2.27     0.907    4.85     0       
 1.97     2.43     1        3.78     0       
 1.89     3.03     1.21     6.65     0       
 2.08     2.57     0.712    7.65     0       
 2.1      2.37     0.804    5.61     0       
 2.04     2.53     0.734    7.35     0       
 2.05     2.77     0.792    3.72     0       
 2.06     2.12     0.858    7.13     0       
 1.96     2.13     1.17     6.83     0       
 2.08     1.87     2.18     7.13     0       
 1.89     3.19     1.27     4.54     0       
 2.05     1.75     2.01     7.66     0       
 2.15     2.72     0.701    6.97     0       
 2.24     1.56     3.09     7.74     0       
 1.99     2.06     1.18     6.46     0       
 2.81     2.99     2.18     1.33     0       
 1.94     2.41     0.937    7.54     0       
 2.08     1.8      3.43     6.38     0       
 1.99     2.19     1.03     4.14     0       
 2.03     2.37     0.787    7.09     0       
 2.24     1.68     2.39     7.7      0       
 2.18     3.31     4.15     1.97     0       
 2.07     1.12     3.89     7.68     0       
 2.05     2.72     0.722    7.05     0       
 1.99     2.39     0.846    4.82     0       
 2.03     2.46     0.823    3.9      0       
 1.98     2.02     1.56     6.59     0       
 2.08     2.4      0.757    7.85     0       
 2.03     2.48     0.76     7.59     0       
 2.12     2.63     0.69     7.93     0       
 2.08     2.3      0.819    6.03     0       
 2.11     3.11     0.739    5.66     0       
 2.14     2.26     0.909    4.4      0       
 2.04     2.43     0.764    7.25     0       
 2.14     3.07     0.726    4.55     0       
 2.11     2.21     0.913    5.62     0       
 2.05     2.2      0.837    6.54     0       
 1.87     3.01     1.33     7.19     0       
 2.78     2.98     2.06     1.45     0       
 1.98     2.54     0.807    4.07     0       
 2.08     2.48     0.734    7.63     0       
 2.11     2.38     0.744    7.77     0       
 2.81     2.97     1.21     1.5      0       
 1.93     2.32     1.02     4.18     0       
 2.13     2.2      0.803    7.25     0       
 2.05     2.43     0.84     4.68     0       
 2.09     2.36     0.794    6.73     0       
 2.02     2.52     0.814    4.69     0       
 1.94     2.97     1.29     3.37     0       
 2.12     2.65     0.691    7.86     0       
 2.11     3.11     0.738    5.68     0       
 1.94     2.35     1.02     3.63     0       
 2.75     2.98     1.19     1.47     0       
 2.01     2.14     1.04     7.94     0       
 1.88     3.1      1.27     5.77     0       
 2.81     2.99     3.54     1.35     0       
 1.98     2.51     0.812    4.75     0       
 1.95     2.11     1.17     6.87     0       
 2.25     2.08     1.06     6.39     0       
 2.07     2.3      0.821    6.35     0       
 1.95     2.14     1.15     7.1      0       
 2.07     2.42     0.774    7.06     0       
 2.11     2.06     0.868    7.03     0       
 2.09     2.62     0.706    7.96     0       
 2.01     2.17     0.958    6.34     0       
 2.02     2.04     1.04     7.69     0       
 2.17     2.15     0.955    4.92     0       
 2.01     2.35     0.951    3.92     0       
 1.97     3.08     1.23     3.06     0       
 2        2.3      0.902    7.66     0       
 1.99     3.11     1.28     2.87     0       
 2.07     2.71     0.749    6.44     0       
 2.03     2.13     0.981    5.94     0       
 1.96     3.19     0.887    4.99     0       
 2.01     1.9      1.41     6.64     0       
 1.93     2.27     1.22     6.85     0       
 2.08     2.32     0.807    5.66     0       
 1.97     2.39     0.933    5.68     0       
 2.1      2.4      0.723    7.99     0       
 1.98     2.56     0.804    4.35     0       
 2.03     2.35     0.788    7.13     0       
 2.06     1.66     3.93     6.4      0       
 2.02     2.52     0.763    5.16     0       
 2.06     2.2      0.831    6.98     0       
 2.11     2.73     0.675    7.85     0       
 1.97     2.34     0.959    4.63     0       
 2.93     2.89     1.43     2.3      0       
 1.89     3.12     1.15     6.16     0       
 1.92     2.21     4.16     6.63     0       
 2.24     1.6      2.73     7.73     0       
 3.03     2.87     3.79     2.04     0       
 1.89     3.09     1.12     6.69     0       
 2.06     2.74     0.739    6.41     0       
 2.05     2.46     0.738    7.98     0       
 2.13     2.25     0.817    6.15     0       
 1.99     2.48     0.817    7.49     0       
 1.98     3.09     1.43     2.74     0       
 2.05     2.42     0.787    7.07     0       
 1.97     2.58     0.879    5.38     0       
 1.86     3.14     1.26     5.14     0       
 2.02     2.33     0.926    4.29     0       
 2.06     2.37     0.857    4.62     0       
 2.12     2.25     0.912    4.95     0       
 2.17     3.08     0.758    4.03     0       
 1.95     2.15     1.17     6.79     0       
 2.14     2.19     0.8      7.11     0       
 2.01     2.45     0.825    7.47     0       
 2.07     2.02     1.64     5.42     0       
 2.04     1.8      2.43     8        0       
 1.99     2.06     1.14     7.13     0       
 2.06     2.61     0.797    4.01     0       
 2.01     2.26     0.954    6.36     0       
 2        2.31     0.908    7.32     0       
 1.86     3.13     1.28     5.95     0       
 2        2.52     0.817    4.35     0       
 2.02     2.1      1.07     5.96     0       
 2.09     2.21     0.925    5.49     0       
 2.2      3.3      3.84     2.2      0       
 2.09     2.6      0.711    7.51     0       
 2.03     2.15     0.938    6.43     0       
 2.01     2.13     1.04     7.98     0       
 1.86     3.15     1.23     6.45     0       
 2.06     2.08     1.73     5.36     0       
 1.89     3.1      1.12     6.59     0       
 2.02     2.52     0.803    4.95     0       
 2.08     1.85     1.62     7.42     0       
 2.32     2.87     5.86     2.31     0       
 2.12     1.71     3        6.56     0       
 2.03     2.45     0.819    3.71     0       
 1.94     2.52     0.984    4.61     0       
 2.03     2.54     0.765    5.14     0       
 1.89     3.12     1.13     6.23     0       
 2.03     1.39     3.87     7.24     0       
 2.91     2.89     2.14     2.3      0       
 2.17     3.06     0.752    4.01     0       
 2.12     2.36     0.883    4.47     0       
 2.03     2.51     0.863    3.31     0       
 2.04     2.2      0.844    6.57     0       
 2.18     2.15     1.08     4.94     0       
 1.99     1.72     3.83     7.1      0       
 1.99     2.49     0.82     7.41     0       
 2.19     3.3      4.37     1.79     0       
 1.95     2.11     1.18     6.85     0       
 1.96     2.25     0.992    4.25     0       
 2.21     3.3      3.74     2.17     0       
 2.12     2.66     0.683    7.72     0       
 1.96     2.06     1.19     6.72     0       
 2.34     2.86     5.86     2.31     0       
 1.93     3.02     1.3      3.15     0       
 2.11     2.35     0.892    4.47     0       
 1.96     3.11     1.28     2.86     0       
 2.04     2.42     0.818    6.46     0       
 2.03     2.27     0.82     7.17     0       
 1.97     2.79     0.923    4.12     0       
 1.89     3.13     1.2      5.96     0       
 2.92     2.88     2.21     2.3      0       
 2.24     1.62     3.18     7.74     0       
 2.09     2.62     0.709    7.89     0       
 2        2.49     0.91     3.62     0       
 1.91     1.92     3.99     7.15     0       
 2.11     2.39     0.782    6.71     0       
 2.09     2.5      0.762    5.17     0       
 2.05     2.24     0.83     7.02     0       
 2.05     2.2      0.839    6.54     0       
 1.98     2.34     0.924    5.85     0       
 2.07     2.59     0.771    5.12     0       
 2.05     1.84     3.75     6.41     0       
 2.1      2.74     0.693    7.78     0       
 2.08     1.76     2.28     7.26     0       
 2.05     2.21     0.841    6.51     0       
 1.97     3.07     1.22     3.1      0       
 2.09     3.07     1.22     2.33     0       
 2.98     2.87     2.63     2.36     0       
 2.14     2.25     0.914    4.4      0       
 2.05     2.31     0.902    4.36     0       
 1.99     1.74     3.88     7.15     0       
 1.99     2.5      0.824    7.34     0       
 1.87     3.13     1.29     5.95     0       
 2.21     3.3      3.74     2.17     0       
 2.02     2.6      0.822    3.4      0       
 1.96     2.1      1.18     6.81     0       
 2.81     2.99     4.61     1.36     0       
 2.01     2.28     0.948    3.96     0       
 1.96     3.04     1.28     3.28     0       
 2.02     2.5      0.816    4.88     0       
 1.98     2.36     0.93     5.81     0       
 1.96     2.05     1.22     6.66     0       
 2.01     2.27     0.941    7.43     0       
 2.03     2.28     0.824    7.14     0       
 2        2.35     0.97     3.97     0       
 2        2.36     0.957    3.91     0       
 2.17     3.31     3.96     2.21     0       
 1.9      3.19     1.25     4.59     0       
 2.06     1.59     4.35     6.36     0       
 2.04     2.39     0.858    4.62     0       
 2.19     3.31     4.52     1.76     0       
 2.19     3.3      4.45     1.79     0       
 2.24     3.31     3.75     2.06     0       
 2.16     2.47     0.933    3.47     0       
 2.05     2.31     0.901    4.36     0       
 2.06     2.32     0.861    5.49     0       
 1.95     3.19     0.898    4.97     0       
 1.93     3.08     1.42     2.8      0       
 2.07     2.02     1.95     5.01     0       
 2.03     2.47     0.815    3.65     0       
 1.86     3.13     1.29     5.95     0       
 2.11     3.11     0.735    5.67     0       
 1.97     2.26     1.01     4.16     0       
 2.33     2.86     5.86     2.31     0       
 1.95     3.09     1.26     2.99     0       
 2.02     2.48     0.818    4.9      0       
 1.98     1.91     3.78     7.08     0       
 2.02     2.58     0.822    3.37     0       
 1.93     2.15     1.22     6.6      0       
 1.91     3.05     1.13     6.52     0       
 2.02     2.02     1.05     7.72     0       
 2.01     1.93     1.82     6.1      0       
 2.1      2.31     0.825    5.58     0       
 1.89     3.1      1.12     6.36     0       
 1.97     2.65     0.785    3.97     0       
 1.97     3.08     1.24     3.01     0       
 2.12     2.37     0.889    4.43     0       
 2.78     2.98     2.03     1.45     0       
 1.96     3.09     1.41     2.78     0       
 1.89     3.12     1.14     6.22     0       
 2.17     3.06     0.753    3.99     0       
 1.95     2.1      1.18     6.87     0       
 2.16     3.09     0.745    4.17     0       
 2.11     2.35     0.893    4.33     0       
 1.95     2.54     0.926    6.32     0       
 2.11     3.11     0.739    5.67     0       
 1.97     2.34     0.967    4.54     0       
 2.01     2.44     0.829    7.46     0       
 2.07     1.52     3.5      6.54     0       
 2.09     2.36     0.772    7.72     0       
 2.08     2.5      0.739    7.41     0       
 2.05     2.42     0.842    4.75     0       
 2.74     2.99     1.14     1.38     0       
 2        2.37     0.954    3.91     0       
 2.1      2.72     0.677    7.86     0       
 2.93     2.88     1.44     2.32     0       
 2.06     2.14     1.97     5.3      0       
 1.93     2.11     1.21     7.07     0       
 1.89     3.16     1.23     6.04     0       
 2.21     3.3      3.77     2.15     0       
 2.05     2.3      0.901    4.36     0       
 1.93     3.1      2.58     2.57     0       
 1.94     1.47     3.92     7.21     0       
 2.1      2.37     0.798    6.61     0       
 2.02     2.45     0.807    5.59     0       
 2.09     2.38     0.788    6.47     0       
 2.06     2.13     0.854    7.12     0       
 1.97     3.11     1.64     2.7      0       
 2.1      2.35     0.817    5.26     0       
 1.99     2.52     0.821    4.35     0       
 2.08     1.85     1.65     7.42     0       
 1.99     2.32     0.922    5.89     0       
 2.12     2.25     0.91     5.13     0       
 2.01     2.18     0.963    6.27     0       
 1.86     3.14     1.32     6.52     0       
 2.34     2.93     4.91     2.23     0       
 1.96     2.03     1.22     6.65     0       
 2.02     2.58     0.822    3.37     0       
 2.08     2.13     0.821    6.75     0       
 1.99     3.12     1.4      2.66     0       
 2.08     1.83     3.44     6.38     0       
 1.91     3.1      1.28     5.69     0       
 1.89     3.08     1.17     6.86     0       
 2.09     2.37     0.79     6.73     0       
 2.91     2.89     2.8      2.27     0       
 1.86     3.17     1.35     4.59     0       
 1.96     2.05     1.32     6.51     0       
 2.36     2.87     5.85     2.27     0       
 1.94     3.04     1.26     3.29     0       
 1.9      3.13     1.22     5.93     0       
 2.09     2.54     0.767    4.97     0       
 1.97     3.07     1.22     3.11     0       
 1.89     3.1      1.12     6.37     0       
 2.07     2.55     0.722    7.6      0       
 1.96     3.08     1.39     2.81     0       
 2.05     2.52     0.798    4.35     0       
 2.14     2.26     0.933    4.35     0       
 1.95     2.97     1.29     3.48     0       
 1.95     2.14     1.15     7.09     0       
 2.11     2.05     0.87     7.04     0       
 1.95     3.03     1.23     3.41     0       
 2.15     2.41     0.796    5.88     0       
 2.03     2.53     0.804    4.94     0       
 2.36     2.88     5.83     2.28     0       
 2.02     2.48     0.818    3.5      0       
 2.03     2.04     1.05     7.64     0       
 2.08     2.34     0.798    6.7      0       
 1.93     2.28     1.23     6.68     0       
 1.96     3.05     1.25     3.3      0       
 2.07     2.02     1.5      5.72     0       
 1.93     3.12     1.33     2.74     0       
 1.89     3.03     1.21     6.65     0       
 1.87     3.01     1.33     7.19     0       
 2.15     2.39     0.772    6.32     0       
 2.13     2.22     0.796    7.25     0       
 1.96     3.04     1.24     3.36     0       
 2.02     2.61     0.823    2.78     0       
 2.04     2.46     0.755    7.52     0       
 2.06     2.11     0.859    7.11     0       
 2.01     2.25     0.976    6.09     0       
 2.02     2.59     0.826    3.38     0       
 1.99     3.12     1.6      2.64     0       
 1.89     3.03     1.22     6.62     0       
 2.15     2.73     0.698    6.91     0       
 2.02     2.04     1.05     7.64     0       
 2        2.31     0.906    7.52     0       
 1.99     3.12     1.66     2.66     0       
 1.96     3.19     0.892    4.93     0       
 1.93     2.27     1.22     6.85     0       
 1.97     2.38     0.937    5.88     0       
 2.06     2.61     0.793    4.02     0       
 1.96     2.16     1.04     5.66     0       
 2.06     2.38     0.882    4.47     0       
 2.34     2.86     5.87     2.31     0       
 1.97     3.12     1.3      2.81     0       
 2.03     2.47     0.817    3.65     0       
 2.21     3.3      3.78     2.15     0       
 2.24     1.62     2.86     7.71     0       
 1.89     3.1      1.12     6.36     0       
 1.99     2.48     0.819    7.46     0       
 2.02     2.33     0.923    4.29     0       
 2.19     3.3      4.41     1.79     0       
 2.03     2.27     0.821    7.17     0       
 2.09     3.07     1.23     2.32     0       
 1.96     1.43     3.93     6.89     0       
 2.02     2.04     1.05     7.64     0       
 2.02     2.03     1.05     7.71     0       
 1.87     3.01     1.33     7.19     0       
 1.94     2.97     1.29     3.34     0       
 2.12     2.66     0.679    7.91     0       
 2.02     2.51     0.765    5.14     0       
 2.06     2.19     0.825    6.96     0       
 1.89     3.12     1.16     6.13     0       
 2.03     2.16     0.939    6.43     0       
 1.89     3.1      1.14     6.58     0       
 2.02     2.04     1.05     7.71     0       
 2.08     2.4      0.757    7.85     0       
 2.04     2.44     0.765    7.24     0       
 2.04     2.57     0.796    4.38     0       
 2.13     2.66     0.693    7.64     0       
 2.75     2.98     1.19     1.47     0       
 1.88     3.11     1.29     5.72     0       
 2.04     2.48     0.764    7.06     0       
 2.03     1.27     3.85     7.4      0       
 1.96     2.26     0.987    4.25     0       
 2.07     2.59     0.769    5.11     0       
 1.97     3.07     1.22     3.11     0       
 1.96     2.1      1.18     6.82     0       
 2.06     1.46     4.8      6.38     0       
 2.05     2.31     0.911    4.35     0       
 2.02     2.04     1.06     7.61     0       
 1.89     3.1      1.11     6.4      0       
 1.93     2.11     1.21     7.01     0       
 1.89     3.17     1.23     6.02     0       
 1.95     2.12     1.18     6.86     0       
 2.01     2.17     0.954    6.34     0       
 2.08     2.6      0.714    7.45     0       
 1.98     2.36     0.928    6.01     0       
 2.03     2.48     0.815    3.64     0       
 2.11     3.11     0.739    5.67     0       
 2.06     2.16     2.16     5.24     0       
 1.93     2.11     1.21     7.08     0       
 2.1      2.36     0.815    5.17     0       
 2.05     2.37     0.822    5.83     0       
 2.07     1.98     1.47     5.73     0       
 2.02     2.7      0.752    6.89     0       
 2.14     2.25     0.786    7.34     0       
 2.03     2.18     0.848    6.57     0       
 1.86     3.15     1.23     5.71     0       
 2.11     2.07     0.871    6.96     0       
 2.02     2.04     1.04     7.7      0       
 2.1      2.73     0.679    7.85     0       
 2.1      2.25     0.815    6.15     0       
 2.02     2.57     0.832    3.38     0       
 2.14     3.06     0.74     5.29     0       
 2.08     1.82     2.04     7.32     0       
 2.06     2.05     1.73     5.37     0       
 2.24     1.62     3.31     7.74     0       
 1.91     1.95     3.99     7.12     0       
 2.09     2.07     0.88     6.98     0       
 2.05     1.82     3.85     6.41     0       
 2.81     2.98     3.8      1.38     0       
 2.01     2.3      0.952    7.37     0       
 2.05     1.59     4.41     6.36     0       
 1.87     3.13     1.29     5.95     0       
 1.99     2.51     0.823    4.36     0       
 2.01     2.35     0.957    3.92     0       
 2.1      2.42     0.73     7.94     0       
 1.89     3.12     1.15     6.16     0       
 1.97     2.58     0.884    5.91     0       
 1.86     3.15     1.24     6.45     0       
 2.06     2.07     1.71     5.37     0       
 2.11     2.39     0.783    6.66     0       
 2.06     1.59     4.36     6.36     0       
 2.16     2.48     0.936    3.47     0       
 1.99     2.52     0.823    4.35     0       
 1.86     3.14     1.32     6.51     0       
 2.11     3.12     0.718    5.47     0       
 1.94     2.35     1.02     3.62     0       
 2.07     2.42     0.778    7.06     0       
 1.98     2.57     0.801    4.34     0       
 2        2.31     0.907    7.32     0       
 2.01     2.13     1.04     7.98     0       
 2.03     2.45     0.82     3.71     0       
 1.98     2.84     0.951    3.67     0       
 2.05     1.87     4.06     6.39     0       
 2.98     2.87     2.78     2.36     0       
 2.01     2.28     0.953    3.98     0       
 2        2.35     0.972    3.96     0       
 1.86     3.15     1.23     6.46     0       
 2.24     1.68     2.42     7.7      0       
 2.14     3.07     0.726    4.76     0       
 1.94     3.02     1.44     3.24     0       
 1.93     2.27     1.22     6.85     0       
 2.06     2.61     0.797    4.01     0       
 2.03     2.15     0.937    6.43     0       
 2.04     2.19     0.842    6.57     0       
 1.96     2.26     0.987    4.24     0       
 1.92     3.02     1.3      3.15     0       
 2.92     2.88     2.2      2.3      0       
 2.24     1.62     3.22     7.74     0       
 2.05     2.2      0.851    6.52     0       
 2.07     2.59     0.769    5.12     0       
 2.17     3.31     3.98     2.2      0       
 2.16     2.47     0.933    3.47     0       
 2.03     2.47     0.817    3.64     0       
 2.13     2.19     0.809    6.67     0       
 2.33     2.86     5.86     2.31     0       
 1.98     1.89     3.76     7.1      0       
 1.91     3.05     1.13     6.49     0       
 2.09     2.28     0.856    5.82     0       
 1.94     2.35     0.966    4        0       
 1.93     3.1      2.64     2.57     0       
 1.86     3.14     1.32     6.46     0       
 1.87     3.12     1.23     7.25     0       
 2.03     2.47     0.742    7.58     0       
 2.98     2.87     3.77     2.34     0       
 2.08     1.87     1.72     7.38     0       
 2.11     2.12     0.823    7.79     0       
 2.11     3.12     0.721    5.46     0       
 1.94     2.42     0.931    7.68     0       
 2.04     2.42     0.772    7.24     0       
 2.08     2.44     0.758    7.81     0       
 2.07     1.54     3.47     6.53     0       
 2.05     2.35     0.854    4.69     0       
 1.99     3.11     1.29     2.84     0       
 2.07     2.47     0.738    7.66     0       
 2.12     2.27     0.914    4.94     0       
 1.89     3.03     1.21     6.65     0       
 1.99     2.39     0.847    4.82     0       
 2.03     2.46     0.818    3.9      0       
 1.98     2.02     1.56     6.59     0       
 2.08     2.41     0.76     7.84     0       
 2.03     2.48     0.763    7.58     0       
 2.12     2.63     0.69     7.93     0       
 2.08     2.3      0.823    6.01     0       
 2.11     3.11     0.749    5.63     0       
 2.14     2.26     0.914    4.39     0       
 2.1      2.48     0.77     6.96     0       
 2.14     3.07     0.724    4.58     0       
 2.11     2.21     0.912    5.62     0       
 2.05     2.21     0.839    6.53     0       
 2.78     2.98     2.12     1.45     0       
 1.98     2.55     0.807    4.07     0       
 2.08     2.48     0.732    7.63     0       
 2.11     2.38     0.749    7.77     0       
 2.81     2.97     1.21     1.5      0       
 1.93     2.32     1.02     4.18     0       
 2.13     2.2      0.8      7.25     0       
 2.09     2.36     0.79     6.73     0       
 2.02     2.52     0.815    4.69     0       
 1.94     2.97     1.29     3.42     0       
 2.12     2.65     0.691    7.86     0       
 2.11     3.11     0.738    5.68     0       
 1.88     3.1      1.27     5.77     0       
 1.95     2.11     1.17     6.87     0       
 2.25     2.08     1.07     6.39     0       
 2.07     2.32     0.822    6.25     0       
 1.95     2.14     1.16     7.1      0       
 2.09     2.63     0.704    7.95     0       
 2.01     2.18     0.957    6.3      0       
 2.02     2.04     1.05     7.7      0       
 2.17     2.15     0.958    4.92     0       
 2.01     2.35     0.953    3.92     0       
 2        2.3      0.896    7.66     0       
 1.99     3.11     1.28     2.87     0       
 2.07     2.7      0.748    6.44     0       
 2.03     2.13     0.994    5.94     0       
 1.96     3.19     0.893    4.98     0       
 2.01     1.89     1.45     6.64     0       
 1.93     2.27     1.22     6.85     0       
 2.08     2.32     0.801    5.64     0       
 1.97     2.39     0.934    5.77     0       
 2.1      2.4      0.725    7.99     0       
 2.03     2.36     0.789    7.11     0       
 2.06     1.66     3.94     6.4      0       
 2.02     2.52     0.762    5.16     0       
 2.06     2.2      0.834    6.97     0       
 2.11     2.73     0.675    7.84     0       
 1.97     2.34     0.96     4.63     0       
 1.89     3.12     1.15     6.15     0       
 1.92     2.21     4.15     6.68     0       
 2.24     1.6      2.74     7.73     0       
 3.03     2.87     3.8      2.04     0       
 1.89     3.09     1.12     6.7      0       
 2.06     2.74     0.741    6.41     0       
 2.13     2.25     0.812    6.15     0       
 2.05     2.43     0.792    7.06     0       
 1.97     2.58     0.879    5.46     0       
 2.06     2.37     0.86     4.62     0       
 2.12     2.25     0.91     5.12     0       
 2.17     3.08     0.759    4.03     0       
 1.95     2.15     1.18     6.79     0       
 2.01     2.45     0.827    7.47     0       
 2.07     2.02     1.65     5.42     0       
 2.04     1.81     2.49     7.94     0       
 1.99     2.06     1.14     7.13     0       
 2.01     2.42     0.849    3.59     0       
 2.01     2.26     0.956    6.36     0       
 2        2.31     0.909    7.32     0       
 2.05     1.85     4.08     6.39     0       
 2.09     2.21     0.927    5.49     0       
 2.2      3.3      3.86     2.2      0       
 2.01     2.14     1.04     7.98     0       
 1.86     3.15     1.24     6.45     0       
 2.06     2.08     1.72     5.36     0       
 1.89     3.1      1.13     6.59     0       
 2.02     2.52     0.803    4.95     0       
 2.08     1.85     1.62     7.42     0       
 2.12     1.71     3.02     6.56     0       
 2.08     2.24     0.8      6.83     0       
 2.12     2.36     0.888    4.47     0       
 2.03     2.51     0.863    3.31     0       
 2.04     2.2      0.845    6.57     0       
 1.99     1.71     3.83     7.11     0       
 2.19     3.3      4.37     1.79     0       
 1.95     2.11     1.18     6.8      0       
 2.02     2.05     1.05     7.74     0       
 1.96     2.25     0.986    4.25     0       
 1.96     2.06     1.19     6.72     0       
 1.93     3.02     1.31     3.15     0       
 2.11     2.35     0.896    4.43     0       
 1.96     3.11     1.29     2.84     0       
 2.04     2.42     0.821    6.46     0       
 2.03     2.28     0.822    7.16     0       
 1.96     2.79     0.932    4.11     0       
 1.89     3.13     1.21     5.95     0       
 2.92     2.88     2.22     2.3      0       
 2.24     1.62     3.17     7.74     0       
 2        2.49     0.912    3.62     0       
 1.91     1.92     4        7.05     0       
 2.09     2.06     0.871    6.98     0       
 1.86     3.15     1.24     6.45     0       
 2.09     2.5      0.77     5.18     0       
 2.05     2.24     0.835    7.02     0       
 2.05     2.2      0.839    6.54     0       
 2.07     2.59     0.77     5.11     0       
 2.05     1.84     3.76     6.41     0       
 2.1      2.74     0.696    7.78     0       
 2.08     1.76     2.31     7.25     0       
 2.05     2.2      0.84     6.51     0       
 2.09     3.07     1.22     2.33     0       
 2.98     2.87     2.66     2.36     0       
 2.14     2.26     0.919    4.38     0       
 2.05     2.31     0.904    4.36     0       
 1.99     1.75     3.88     7.15     0       
 1.99     2.5      0.823    7.33     0       
 1.87     3.13     1.28     5.95     0       
 2.21     3.3      3.76     2.16     0       
 2.02     2.6      0.824    3.4      0       
 1.96     2.1      1.18     6.8      0       
 2.01     2.28     0.959    3.96     0       
 2.02     2.5      0.814    4.87     0       
 1.98     2.36     0.93     5.84     0       
 1.96     2.05     1.21     6.66     0       
 2.01     2.27     0.942    7.43     0       
 2.03     2.28     0.823    7.14     0       
 2        2.35     0.971    3.96     0       
 2        2.36     0.963    3.91     0       
 2.17     3.31     3.98     2.21     0       
 1.9      3.19     1.25     4.59     0       
 2.06     1.59     4.37     6.36     0       
 2.04     2.39     0.861    4.62     0       
 2.19     3.31     4.51     1.76     0       
 2.24     3.31     3.73     2.06     0       
 2.16     2.47     0.932    3.47     0       
 2.05     2.31     0.905    4.35     0       
 2.06     2.33     0.86     5.48     0       
 1.95     3.19     0.896    4.97     0       
 1.93     3.08     1.43     2.79     0       
 2.07     2.03     1.96     5.01     0       
 2.03     2.47     0.816    3.65     0       
 2.13     2.2      0.806    6.78     0       
 1.86     3.13     1.29     5.96     0       
 2.19     3.21     0.741    4.32     0       
 2.33     2.86     5.86     2.31     0       
 2.02     2.48     0.816    4.9      0       
 1.98     1.91     3.78     7.1      0       
 1.93     2.15     1.23     6.6      0       
 1.91     3.05     1.13     6.51     0       
 2.02     2.03     1.05     7.64     0       
 2.01     1.93     1.88     6.1      0       
 2.1      2.31     0.823    5.58     0       
 1.94     2.36     0.967    4        0       
 1.89     3.1      1.12     6.36     0       
 1.97     2.65     0.785    3.98     0       
 1.97     3.08     1.23     3.01     0       
 2.78     2.98     2.07     1.44     0       
 1.96     3.09     1.41     2.78     0       
 2.17     3.06     0.752    3.99     0       
 1.95     2.1      1.17     6.87     0       
 2.11     2.35     0.898    4.33     0       
 1.97     2.34     0.968    4.54     0       
 2.01     2.44     0.833    7.46     0       
 2.09     2.36     0.774    7.72     0       
 2.08     2.5      0.739    7.39     0       
 2.74     2.99     1.14     1.37     0       
 2.1      2.72     0.682    7.85     0       
 2.06     2.14     1.98     5.3      0       
 1.89     3.15     1.21     6.18     0       
 1.93     2.11     1.21     7.07     0       
 1.89     3.15     1.21     6.1      0       
 2.21     3.3      3.79     2.15     0       
 2.05     2.3      0.9      4.36     0       
 1.94     1.47     3.93     7.21     0       
 2.1      2.36     0.798    6.61     0       
 2.09     2.38     0.788    6.46     0       
 1.97     3.11     1.73     2.69     0       
 2.1      2.35     0.817    5.26     0       
 1.99     2.52     0.82     4.35     0       
 2.08     1.85     1.66     7.42     0       
 1.99     2.32     0.922    6.22     0       
 2.12     2.25     0.911    5.17     0       
 2.7      3.02     1.09     0.817    0       
 2.11     2.7      0.669    8        0       
 2.01     2.15     0.95     6.42     0       
 2.07     2.37     0.769    7.77     0       
 2.11     2.22     0.79     7.35     0       
 1.94     2.49     0.955    4.8      0       
 2.11     2.37     0.782    6.72     0       
 2.03     2.47     0.744    7.58     0       
 2.98     2.87     3.5      2.34     0       
 2.08     1.87     1.75     7.38     0       
 2.04     2.46     0.742    7.97     0       
 2.28     1.49     3.63     7.49     0       
 2.02     2.34     0.845    6.62     0       
 1.95     2.19     0.996    5.04     0       
 1.97     2.39     0.931    7.59     0       
 2.11     2.12     0.825    7.75     0       
 2.03     2.57     0.753    7.39     0       
 1.92     1.86     4.07     6.99     0       
 2.03     1.87     3.94     6.84     0       
 3.02     2.89     1.48     2.04     0       
 2.11     2.75     0.694    7.6      0       
 1.96     2.07     1.35     5.93     0       
 2.05     2.52     0.788    4.41     0       
 1.94     1.88     3.99     6.98     0       
 2.17     3.09     0.759    4.01     0       
 2.1      1.55     3.68     6.45     0       
 1.93     2.41     1.01     5.44     0       
 1.94     2.48     1.01     5.26     0       
 2.1      1.72     3.36     7.69     0       
 2.11     3.12     0.724    5.46     0       
 1.94     2.37     0.956    4.98     0       
 2.05     1.78     2.54     6.53     0       
 1.93     2.28     1.22     6.84     0       
 2.05     2.37     0.818    5.88     0       
 2.01     2.53     0.814    4.37     0       
 2.24     3.1      0.782    3.92     0       
 2.05     2.41     0.769    7.15     0       
 1.94     2.42     0.934    7.68     0       
 1.98     2.34     1        3.76     0       
 2.93     2.89     1.42     2.31     0       
 2.09     2.54     0.72     7.67     0       
 2.04     2.42     0.77     7.24     0       
 2.08     2.43     0.757    7.81     0       
 2.24     1.53     2.56     7.87     0       
 2.01     2.44     0.83     7.46     0       
 2.17     2.19     0.842    6.28     0       
 1.99     2.6      0.802    4        0       
 2.07     1.53     3.42     6.54     0       
 2.06     1.7      3.76     7.67     0       
 1.86     3.15     1.23     6.47     0       
 2.12     1.76     2.49     6.55     0       
 2.05     1.89     4.04     6.57     0       
 2.07     1.98     1.48     5.73     0       
 2.02     2.68     0.745    6.69     0       
 2.05     2.35     0.856    4.69     0       
 2        2.31     0.948    4.09     0       
 2.03     2.56     0.728    7.42     0       
 1.98     2.36     0.939    5.77     0       
 2.14     3.08     0.724    4.48     0       
 2.03     2.13     0.936    6.44     0       
 2.14     2.25     0.787    7.33     0       
 2.03     2.18     0.843    6.6      0       
 2.13     2.52     0.719    7.61     0       
 1.98     3.12     1.27     2.79     0       
 1.96     2.56     0.921    6.4      0       
 2.14     2.26     0.923    4.36     0       
 1.91     3.05     1.12     6.53     0       
 2.02     2.25     0.947    6.4      0       
 1.89     3.03     1.21     6.63     0       
 2.08     2.57     0.71     7.66     0       
 2.02     2.41     0.835    5.4      0       
 2.04     2.53     0.736    7.35     0       
 2.05     2.77     0.796    3.71     0       
 2.06     2.12     0.861    7.13     0       
 1.96     2.13     1.17     6.83     0       
 2.08     1.87     2.19     7.13     0       
 1.89     3.19     1.28     4.53     0       
 2.05     1.75     2        7.66     0       
 2.15     2.72     0.698    6.97     0       
 2.24     1.56     3.12     7.74     0       
 1.99     2.06     1.18     6.46     0       
 2.81     2.99     2.21     1.38     0       
 1.94     2.41     0.938    7.54     0       
 2.08     1.8      3.42     6.38     0       
 1.99     2.19     1.03     4.14     0       
 2.03     2.37     0.785    7.09     0       
 2.24     1.68     2.42     7.66     0       
 2.17     3.31     4.15     1.97     0       
 2.07     1.12     3.9      7.81     0       
 2.05     2.72     0.72     7.01     0       
 1.99     2.39     0.843    4.82     0       
 2.03     2.46     0.82     3.9      0       
 2.06     2.24     0.811    6.97     0       
 1.98     2.02     1.58     6.59     0       
 2.08     2.4      0.758    7.85     0       
 2.03     2.49     0.763    7.55     0       
 2.12     2.63     0.694    7.93     0       
 2.11     3.11     0.747    5.64     0       
 2.14     2.27     0.912    4.39     0       
 2.04     2.43     0.766    7.25     0       
 2.14     3.07     0.724    4.56     0       
 2.11     2.21     0.914    5.62     0       
 1.87     3.01     1.33     7.18     0       
 1.98     2.54     0.807    4.07     0       
 2.08     2.48     0.731    7.63     0       
 2.11     2.38     0.748    7.77     0       
 2.81     2.97     1.21     1.5      0       
 1.93     2.32     1.02     4.18     0       
 2.13     2.2      0.8      7.25     0       
 2.09     2.37     0.789    6.73     0       
 2.02     2.52     0.815    4.69     0       
 2.12     2.65     0.692    7.84     0       
 2.11     3.11     0.734    5.68     0       
 2.75     2.99     1.19     1.46     0       
 2.01     2.14     1.04     7.94     0       
 2.81     2.99     3.61     1.35     0       
 1.98     2.51     0.813    4.97     0       
 1.95     2.11     1.17     6.87     0       
 2.25     2.08     1.06     6.39     0       
 2.07     2.3      0.82     6.35     0       
 1.95     2.14     1.15     7.08     0       
 2.07     2.42     0.773    7.06     0       
 2.01     2.18     0.956    6.33     0       
 2.02     2.04     1.05     7.69     0       
 2.17     2.15     0.948    4.92     0       
 2        2.3      0.902    7.66     0       
 1.99     3.11     1.28     2.87     0       
 2.07     2.71     0.748    6.44     0       
 1.96     3.19     0.886    4.99     0       
 2.01     1.9      1.45     6.63     0       
 2.08     2.32     0.81     5.66     0       
 2.03     2.35     0.788    7.13     0       
 2.06     1.66     3.95     6.4      0       
 2.02     2.52     0.763    5.16     0       
 2.06     2.2      0.836    6.97     0       
 1.97     2.34     0.958    4.63     0       
 2.93     2.89     1.43     2.3      0       
 1.89     3.12     1.15     6.16     0       
 2.24     1.6      2.71     7.73     0       
 3.03     2.87     3.71     2.04     0       
 1.89     3.1      1.12     6.35     0       
 1.89     3.09     1.12     6.69     0       
 2.06     2.74     0.738    6.61     0       
 2.13     2.25     0.807    6.15     0       
 1.98     3.09     1.43     2.74     0       
 2.05     2.43     0.79     7.07     0       
 1.97     2.58     0.88     5.45     0       
 1.86     3.14     1.27     5.13     0       
 2.02     2.33     0.924    4.29     0       
 2.12     2.25     0.909    5.17     0       
 2.17     3.08     0.76     4.02     0       
 1.95     2.15     1.17     6.78     0       
 2.01     2.45     0.823    7.46     0       
 2.07     2.02     1.63     5.42     0       
 2.04     1.8      2.42     7.98     0       
 1.99     2.06     1.13     7.13     0       
 2.01     2.26     0.957    6.36     0       
 2        2.31     0.906    7.33     0       
 1.86     3.13     1.28     5.95     0       
 2        2.52     0.818    4.35     0       
 2.02     2.1      1.07     5.96     0       
 2.09     2.21     0.922    5.49     0       
 2.2      3.3      3.89     2.19     0       
 2.09     2.6      0.715    7.51     0       
 2.03     2.15     0.94     6.43     0       
 2.01     2.13     1.04     7.98     0       
 1.86     3.15     1.23     6.44     0       
 2.06     2.08     1.73     5.36     0       
 1.89     3.1      1.12     6.59     0       
 2.02     2.52     0.803    4.95     0       
 2.03     2.45     0.82     3.71     0       
 1.94     2.52     0.992    4.61     0       
 2.03     2.54     0.768    5.14     0       
 1.89     3.12     1.13     6.23     0       
 2.03     1.39     3.87     7.41     0       
 2.91     2.89     2.19     2.3      0       
 2.17     3.06     0.753    4.01     0       
 2.03     2.51     0.863    3.31     0       
 2.04     2.2      0.845    6.57     0       
 2.18     2.15     1.08     5.04     0       
 1.99     1.72     3.83     7.09     0       
 1.99     2.49     0.821    7.4      0       
 2.19     3.3      4.37     1.79     0       
 1.95     2.11     1.17     6.85     0       
 1.96     2.25     0.99     4.25     0       
 2.21     3.3      3.75     2.17     0       
 2.12     2.66     0.69     7.72     0       
 1.96     2.06     1.19     6.72     0       
 2.34     2.86     5.86     2.31     0       
 1.93     3.02     1.3      3.15     0       
 2.11     2.35     0.895    4.46     0       
 1.96     3.11     1.28     2.86     0       
 2.03     2.28     0.823    7.16     0       
 1.97     2.79     0.926    4.13     0       
 1.89     3.13     1.2      5.96     0       
 2.92     2.88     2.23     2.3      0       
 2.24     1.62     3.2      7.74     0       
 2.09     2.61     0.71     7.89     0       
 2        2.49     0.915    3.62     0       
 1.91     1.92     4        7.13     0       
 2.09     2.06     0.874    6.98     0       
 2.11     2.39     0.782    6.71     0       
 2.05     2.24     0.836    7.02     0       
 2.05     2.21     0.842    6.54     0       
 1.98     2.34     0.92     5.96     0       
 2.07     2.59     0.769    5.12     0       
 2.05     1.85     3.74     6.41     0       
 2.1      2.74     0.696    7.78     0       
 2.08     1.76     2.29     7.26     0       
 1.97     3.07     1.22     3.1      0       
 2.98     2.87     2.68     2.36     0       
 2.14     2.26     0.914    4.4      0       
 2.05     2.31     0.904    4.36     0       
 1.97     1.97     3.78     7.31     0       
 1.86     3.13     1.29     5.95     0       
 2.21     3.3      3.76     2.16     0       
 1.96     2.1      1.18     6.79     0       
 2.81     2.99     4.58     1.36     0       
 2.01     2.29     0.949    3.96     0       
 1.96     3.04     1.29     3.27     0       
 2.02     2.5      0.816    4.88     0       
 1.98     2.36     0.931    5.8      0       
 1.96     2.05     1.22     6.65     0       
 2.01     2.27     0.941    7.43     0       
 2.03     2.28     0.823    7.14     0       
 2        2.35     0.968    3.97     0       
 2        2.36     0.959    3.91     0       
 2.17     3.31     3.98     2.21     0       
 1.92     3.19     1.3      4.54     0       
 2.06     1.58     4.42     6.36     0       
 2.04     2.39     0.859    4.62     0       
 1.96     1.45     3.91     6.89     0       
 2.19     3.3      4.45     1.79     0       
 2.24     3.31     3.74     2.06     0       
 2.16     2.47     0.929    3.47     0       
 2.05     2.31     0.906    4.36     0       
 2.06     2.32     0.863    5.49     0       
 1.95     3.19     0.899    4.98     0       
 1.93     3.09     1.42     2.8      0       
 2.07     2.02     1.96     5.01     0       
 2.03     2.47     0.82     3.65     0       
 2.13     2.19     0.808    6.57     0       
 1.86     3.13     1.29     5.95     0       
 2.33     2.86     5.86     2.31     0       
 1.95     3.09     1.26     2.99     0       
 2.02     2.48     0.817    4.9      0       
 1.98     1.91     3.79     7.11     0       
 2.02     2.59     0.825    3.37     0       
 1.93     2.15     1.23     6.6      0       
 1.91     3.05     1.13     6.51     0       
 2.02     2.03     1.05     7.72     0       
 2.1      2.31     0.824    5.57     0       
 1.89     3.1      1.12     6.36     0       
 1.97     3.08     1.24     3.01     0       
 2.78     2.98     2.11     1.44     0       
 1.96     3.09     1.4      2.78     0       
 1.89     3.12     1.14     6.22     0       
 2.17     3.06     0.752    3.99     0       
 1.95     2.1      1.18     6.87     0       
 2.16     3.09     0.748    4.33     0       
 2.11     2.36     0.892    4.33     0       
 1.95     2.54     0.923    6.32     0       
 2.11     3.11     0.736    5.67     0       
 1.97     2.34     0.973    4.54     0       
 2.01     2.44     0.831    7.46     0       
 2.07     1.53     3.5      6.54     0       
 2.09     2.36     0.771    7.72     0       
 2.08     2.49     0.737    7.41     0       
 2.05     2.42     0.843    4.75     0       
 2.74     2.99     1.14     1.37     0       
 2        2.37     0.955    3.91     0       
 2.1      2.72     0.678    7.85     0       
 2.93     2.88     1.42     2.32     0       
 2.06     2.14     1.97     5.3      0       
 1.89     3.15     1.21     6.19     0       
 1.93     2.11     1.21     7.07     0       
 2.21     3.3      3.78     2.15     0       
 2.05     2.3      0.904    4.36     0       
 1.94     1.47     3.93     7.19     0       
 2.1      2.36     0.798    6.61     0       
 2.09     2.38     0.789    6.46     0       
 2.06     2.12     0.858    7.12     0       
 2.7      3.02     1.09     0.817    0       
 2.01     2.15     0.943    6.42     0       
 246      246      8.47     0.116    100     
 2.11     2.7      0.669    8        0       
 0.745    0.00906  86.7     86.7     86.7    
 0.00271  3.57     83.7     83.7     83.7    
