1000 5
 3.05     3.45     7.02     19.6     100     
 2.49     0.443    81.1     81.1     81.1    
 1.38     2.53     75       75       75      
 1.19     2.75     75.8     75.8     75.8    
 1.32     2.42     80.8     80.8     80.8    
 2.47     1.12     76.2     76.2     76.2    
 1.33     2.39     78.7     78.7     78.7    
 1.03     2.82     79.7     79.7     79.7    
 3.41     3.39     7.83     19.2     100     
 3.37     3.58     6.08     19.7     100     
 1.02     2.82     81.5     81.5     81.5    
 1.13     2.91     76.1     76.1     76.1    
 1.1      3        75.8     75.8     75.8    
 2.89     0.297    75.9     75.9     75.9    
 1.37     2.42     77.3     77.3     77.3    
 2.48     0.446    81.1     81.1     81.1    
 1.28     2.63     76.8     76.8     76.8    
 2.58     0.438    75       75       75      
 3.36     3.57     6.13     19.7     100     
 2.83     0.265    77.9     77.9     77.9    
 1.13     2.74     78.6     78.6     78.6    
 2.75     0.379    80.1     80.1     80.1    
 1.11     2.89     77.1     77.1     77.1    
 2.36     0.601    78.8     78.8     78.8    
 2.51     0.462    75.2     75.2     75.2    
 2.4      0.562    77.9     77.9     77.9    
 2.51     0.435    75.3     75.3     75.3    
 2.69     0.293    82.1     82.1     82.1    
 2.76     0.37     79.6     79.6     79.6    
 0.8      3.11     84.9     84.9     84.9    
 3.05     3.53     6.24     19.7     100     
 1.08     2.73     81       81       81      
 2.69     0.38     81.9     81.9     81.9    
 1.19     2.43     84.8     84.8     84.8    
 2.42     0.457    79       79       79      
 2.39     0.505    81.2     81.2     81.2    
 2.59     0.393    78       78       78      
 2.38     0.511    80.8     80.8     80.8    
 2.41     0.445    83.1     83.1     83.1    
 2.43     0.437    85.1     85.1     85.1    
 2.49     0.427    82.9     82.9     82.9    
 2.5      0.439    75.7     75.7     75.7    
 3.19     3.36     8.14     19.2     100     
 1.38     2.49     76.5     76.5     76.5    
 1.17     2.39     86.3     86.3     86.3    
 2.41     0.439    85.3     85.3     85.3    
 2.24     1.27     82.8     82.8     82.8    
 1.26     2.68     77.2     77.2     77.2    
 2.97     3.51     6.26     20       100     
 0.867    3.2      83.4     83.4     83.4    
 0.981    2.81     83.2     83.2     83.2    
 1.05     2.71     81.9     81.9     81.9    
 2.37     0.444    83.5     83.5     83.5    
 3.36     3.58     6.09     19.7     100     
 2.66     0.379    84.5     84.5     84.5    
 0.988    2.89     77.8     77.8     77.8    
 3.03     3.52     6.16     19.7     100     
 2.36     0.483    81.3     81.3     81.3    
 2.79     0.258    78.1     78.1     78.1    
 3.1      0.06     76.6     76.6     76.6    
 3.14     0.0437   76.6     76.6     76.6    
 3.03     0.072    77.4     77.4     77.4    
 2.39     0.448    82.4     82.4     82.4    
 2.72     0.27     86.4     86.4     86.4    
 1.36     2.59     75       75       75      
 0.949    2.83     82.8     82.8     82.8    
 2.28     0.515    81.4     81.4     81.4    
 1.04     2.71     82.5     82.5     82.5    
 2.84     0.354    75.8     75.8     75.8    
 1.17     2.69     80.5     80.5     80.5    
 3.02     0.219    77.2     77.2     77.2    
 1.12     2.77     78.7     78.7     78.7    
 2.46     0.44     82.9     82.9     82.9    
 1.27     2.48     77.8     77.8     77.8    
 3        3.54     6.18     20       100     
 2.94     0.0694   82.8     82.8     82.8    
 2.8      0.242    82.4     82.4     82.4    
 3.15     0.0591   75.6     75.6     75.6    
 2.7      0.276    82       82       82      
 1.04     2.77     80.1     80.1     80.1    
 2.5      0.419    82       82       82      
 2.26     2.28     80       80       80      
 2.76     0.359    80.5     80.5     80.5    
 1.32     2.4      82.1     82.1     82.1    
 2.9      0.273    75.7     75.7     75.7    
 1.94     2.38     75       75       75      
 2.47     0.446    81.7     81.7     81.7    
 2.92     0.297    75       75       75      
 2.54     0.428    78.3     78.3     78.3    
 1.01     2.82     82.1     82.1     82.1    
 2.44     0.446    81.8     81.8     81.8    
 3        3.54     6.18     19.7     100     
 2.66     0.377    86.6     86.6     86.6    
 2.44     0.459    77.9     77.9     77.9    
 3.05     3.45     7.02     19.6     100     
 3.4      3.39     7.83     19.2     100     
 3.18     3.39     7.91     19.3     100     
 2.98     3.56     6.21     20       100     
 2.76     0.375    79.4     79.4     79.4    
 2.75     0.356    81.8     81.8     81.8    
 2.84     0.359    75.7     75.7     75.7    
 3.16     0.0213   75       75       75      
 2.98     0.0811   80       80       80      
 2.44     0.446    81.9     81.9     81.9    
 3.38     3.25     7.92     20       100     
 3.32     3.57     6.14     19.6     100     
 3.41     3.39     7.83     19.2     100     
 3.01     0.047    78.3     78.3     78.3    
 2.79     0.247    81.2     81.2     81.2    
 2.37     0.443    83.5     83.5     83.5    
 3.36     3.55     6.21     19.7     100     
 2.74     0.374    81.7     81.7     81.7    
 1.26     2.72     75       75       75      
 3.15     0.0441   75.9     75.9     75.9    
 2.97     0.0991   79.2     79.2     79.2    
 1.09     2.73     79.3     79.3     79.3    
 2.68     0.373    83.4     83.4     83.4    
 2.28     0.515    82.2     82.2     82.2    
 3.4      3.19     8.01     17.3     100     
 1.19     2.74     76.4     76.4     76.4    
 1.28     2.6      77.4     77.4     77.4    
 2.28     0.516    81.6     81.6     81.6    
 3.01     3.55     6.13     20       100     
 3.37     3.57     6.14     19.7     100     
 2.39     0.447    82.9     82.9     82.9    
 1.28     2.7      75       75       75      
 2.51     0.432    76.5     76.5     76.5    
 2.35     0.464    81.9     81.9     81.9    
 2.28     0.515    81.1     81.1     81.1    
 2.55     0.398    75.5     75.5     75.5    
 0.933    2.89     82.3     82.3     82.3    
 2.5      0.431    77.2     77.2     77.2    
 1.04     2.72     81.3     81.3     81.3    
 3.2      3.38     7.96     19.2     100     
 2.47     0.439    81.6     81.6     81.6    
 2.67     0.367    85.1     85.1     85.1    
 2.48     0.427    83       83       83      
 2.9      0.274    76       76       76      
 1.91     2.31     83.6     83.6     83.6    
 2.47     0.411    86.1     86.1     86.1    
 2.98     3.55     6.22     20       100     
 0.977    2.88     82.5     82.5     82.5    
 1.36     2.6      75.3     75.3     75.3    
 3.37     3.57     6.11     19.7     100     
 2.47     1.13     76.1     76.1     76.1    
 2.42     0.448    81.6     81.6     81.6    
 3.19     3.39     7.83     19.3     100     
 2.51     0.413    81.5     81.5     81.5    
 2.9      0.345    75       75       75      
 3.2      3.36     8.11     19.2     100     
 2.5      0.4      83.9     83.9     83.9    
 0.989    2.74     84.1     84.1     84.1    
 2.75     0.36     81.1     81.1     81.1    
 3.02     0.0829   77.7     77.7     77.7    
 2.41     0.449    81       81       81      
 2.96     0.0338   81.3     81.3     81.3    
 2.99     3.57     6.12     20       100     
 2.93     0.0679   82.9     82.9     82.9    
 1.95     2.38     75.8     75.8     75.8    
 1.17     2.57     81.4     81.4     81.4    
 2.97     3.5      6.27     20       100     
 2.36     0.482    81.3     81.3     81.3    
 1.01     2.83     80.4     80.4     80.4    
 2.43     0.448    80.7     80.7     80.7    
 0.932    2.9      81.8     81.8     81.8    
 3.14     0.0492   76       76       76      
 2.94     0.253    75       75       75      
 1.19     2.91     75.1     75.1     75.1    
 3.19     3.35     8.16     20       100     
 2.28     0.518    81.6     81.6     81.6    
 2.78     0.239    85.4     85.4     85.4    
 3.04     3.45     7.02     19.6     100     
 3.16     3.39     7.68     19.3     100     
 3.01     3.54     6.15     20       100     
 2.48     0.446    81.1     81.1     81.1    
 2.37     0.447    83.7     83.7     83.7    
 1.11     2.69     81.3     81.3     81.3    
 2.97     3.54     6.26     20       100     
 1.38     2.57     75       75       75      
 3.15     0.0461   75.8     75.8     75.8    
 3        3.57     6.11     20       100     
 2.24     1.27     84       84       84      
 2.24     1.27     83.1     83.1     83.1    
 2.27     0.561    86.5     86.5     86.5    
 2.96     0.0329   81       81       81      
 3.03     0.074    76.8     76.8     76.8    
 3.18     3.39     7.9      19.3     100     
 2.69     0.377    81.6     81.6     81.6    
 1.33     2.56     76.4     76.4     76.4    
 3.14     0.0448   76.6     76.6     76.6    
 3        3.56     6.13     20       100     
 1.27     2.72     75       75       75      
 2.5      0.437    78.6     78.6     78.6    
 1.18     2.66     80       80       80      
 2.96     0.0267   82.1     82.1     82.1    
 3.37     3.58     6.09     19.7     100     
 2.35     0.486    81.3     81.3     81.3    
 1.27     2.54     79.3     79.3     79.3    
 3        3.54     6.18     20       100     
 3.24     3.33     8.19     19       100     
 1.03     2.76     82.3     82.3     82.3    
 2.46     0.413    85.9     85.9     85.9    
 3.14     0.0433   76.6     76.6     76.6    
 3.19     3.36     8.15     19.2     100     
 2.34     0.5      84       84       84      
 3.01     3.56     6.08     20       100     
 3.02     0.114    77.6     77.6     77.6    
 3.01     3.54     6.15     20       100     
 2.97     0.123    79.3     79.3     79.3    
 3.01     3.55     6.15     20       100     
 2.74     0.387    80.2     80.2     80.2    
 2.92     0.0573   84.3     84.3     84.3    
 3.03     3.54     6.16     19.7     100     
 2.98     3.56     6.19     20       100     
 2.24     1.33     86.4     86.4     86.4    
 2.92     0.217    79.4     79.4     79.4    
 1.13     2.91     76.1     76.1     76.1    
 2.43     0.439    84.5     84.5     84.5    
 3.19     3.36     8.11     19.2     100     
 2.99     0.0347   79.1     79.1     79.1    
 2.47     1.13     76.1     76.1     76.1    
 2.39     0.448    82.7     82.7     82.7    
 2.89     0.271    76.8     76.8     76.8    
 2.33     0.523    79.3     79.3     79.3    
 2.55     0.398    75.5     75.5     75.5    
 1        2.77     82.4     82.4     82.4    
 2.36     0.485    81.7     81.7     81.7    
 2.75     0.368    81.1     81.1     81.1    
 3.36     3.54     6.23     19.6     100     
 2.47     0.425    84.4     84.4     84.4    
 1.15     2.81     77.6     77.6     77.6    
 3        3.55     6.15     20       100     
 3        3.55     6.17     20       100     
 2.29     0.531    80.7     80.7     80.7    
 3.2      3.38     7.92     19.2     100     
 1.04     2.77     80       80       80      
 2.51     0.405    81.4     81.4     81.4    
 2.93     0.264    76.3     76.3     76.3    
 3.02     0.0921   78.1     78.1     78.1    
 2.79     0.252    80.9     80.9     80.9    
 2.76     0.382    79.9     79.9     79.9    
 2.96     0.0315   81.8     81.8     81.8    
 0.983    2.8      83.7     83.7     83.7    
 2.29     0.519    80.6     80.6     80.6    
 2.35     0.465    82.1     82.1     82.1    
 1.37     2.42     77.3     77.3     77.3    
 2.78     0.232    86.8     86.8     86.8    
 2.67     0.375    85.6     85.6     85.6    
 3.19     3.36     8.14     19.2     100     
 3.36     3.58     6.09     19.7     100     
 3.32     3.57     6.13     19.6     100     
 3.41     3.39     7.83     19.2     100     
 2.28     0.514    81.7     81.7     81.7    
 3.14     0.0415   76.8     76.8     76.8    
 1.04     2.77     80.4     80.4     80.4    
 3        3.57     6.12     20       100     
 2.91     0.209    80.9     80.9     80.9    
 3.05     3.45     7.02     19.6     100     
 2.41     0.45     79.3     79.3     79.3    
 3.01     0.132    78.5     78.5     78.5    
 2.28     0.532    81.3     81.3     81.3    
 2.84     0.353    76.2     76.2     76.2    
 1.37     2.42     78.3     78.3     78.3    
 2.78     0.206    86.6     86.6     86.6    
 1.34     2.54     76.5     76.5     76.5    
 3.2      3.37     7.97     19.2     100     
 3.36     3.57     6.11     19.7     100     
 3.19     3.39     7.82     19.3     100     
 1.1      2.56     81.9     81.9     81.9    
 1.01     2.89     80.8     80.8     80.8    
 2.4      0.46     81       81       81      
 3.36     3.58     6.08     19.7     100     
 3        3.54     6.17     20       100     
 2.99     3.54     6.24     20       100     
 1.04     2.77     80.1     80.1     80.1    
 1.14     2.87     77.2     77.2     77.2    
 3.32     3.57     6.12     19.6     100     
 2.27     0.563    85.8     85.8     85.8    
 2.43     0.443    82.8     82.8     82.8    
 2.84     0.237    78.2     78.2     78.2    
 3        3.56     6.13     20       100     
 1.93     2.41     75       75       75      
 2.91     0.215    80.8     80.8     80.8    
 2.47     1.12     76.2     76.2     76.2    
 2.84     0.264    78       78       78      
 3.41     3.4      7.8      19.3     100     
 2.5      0.423    81.8     81.8     81.8    
 1.37     2.42     77.3     77.3     77.3    
 2.76     0.37     79.3     79.3     79.3    
 2.99     3.57     6.13     20       100     
 1.09     2.74     80.5     80.5     80.5    
 2.29     0.515    81.6     81.6     81.6    
 2.41     0.443    83.4     83.4     83.4    
 2.98     3.54     6.23     20       100     
 2.66     0.375    84.6     84.6     84.6    
 2.93     0.288    75       75       75      
 2.75     0.366    81.4     81.4     81.4    
 1.32     2.45     79       79       79      
 2.97     0.0215   81.6     81.6     81.6    
 3.14     0.057    76.4     76.4     76.4    
 2.35     0.453    86.8     86.8     86.8    
 2.78     0.202    86.6     86.6     86.6    
 2.66     0.377    85.8     85.8     85.8    
 2.28     0.516    81.4     81.4     81.4    
 1.02     2.82     81.9     81.9     81.9    
 2.68     0.372    84.5     84.5     84.5    
 2.43     0.447    81.3     81.3     81.3    
 2.28     0.526    80.9     80.9     80.9    
 2.54     0.394    76.4     76.4     76.4    
 2.76     0.368    79.6     79.6     79.6    
 2.44     0.449    76.5     76.5     76.5    
 2.5      0.419    82       82       82      
 1.03     2.82     80.8     80.8     80.8    
 3.2      3.38     7.93     19.2     100     
 2.79     0.239    84.2     84.2     84.2    
 0.916    2.89     84.4     84.4     84.4    
 3.38     3.25     7.92     18.1     100     
 3.18     3.39     7.88     19.3     100     
 2.96     0.0376   81.8     81.8     81.8    
 2.79     0.24     83.7     83.7     83.7    
 2.83     0.232    80.1     80.1     80.1    
 2.29     0.52     80.8     80.8     80.8    
 3.16     3.39     7.66     20       100     
 2.67     0.373    85.6     85.6     85.6    
 3        3.54     6.16     20       100     
 3.16     3.39     7.69     19.3     100     
 0.99     2.89     78.9     78.9     78.9    
 1.03     2.76     82.2     82.2     82.2    
 2.91     0.209    80.9     80.9     80.9    
 0.967    2.89     81.7     81.7     81.7    
 2.55     0.406    75.5     75.5     75.5    
 3.18     3.39     7.9      19.3     100     
 0.998    2.8      83.2     83.2     83.2    
 2.76     0.369    79.8     79.8     79.8    
 1.38     2.55     75       75       75      
 2.58     0.426    75.1     75.1     75.1    
 3.19     3.38     7.91     19.3     100     
 1.23     2.71     79.4     79.4     79.4    
 3.18     3.39     7.9      19.3     100     
 3.24     3.33     8.19     19       100     
 1.18     2.47     83.1     83.1     83.1    
 3.16     3.39     7.68     20       100     
 3        3.56     6.14     20       100     
 3.19     3.36     8.14     19.2     100     
 3        3.54     6.17     20       100     
 3        3.57     6.13     20       100     
 3        3.56     6.13     20       100     
 2.97     0.0239   80.3     80.3     80.3    
 3        3.56     6.15     20       100     
 3        3.55     6.16     20       100     
 3.02     0.0782   77.7     77.7     77.7    
 3.01     3.56     6.12     20       100     
 2.92     0.0556   84.1     84.1     84.1    
 1.26     2.88     75.2     75.2     75.2    
 1.37     2.47     77.1     77.1     77.1    
 3.36     3.57     6.13     19.7     100     
 1.01     2.77     82.9     82.9     82.9    
 3        3.56     6.15     20       100     
 2.79     0.246    81.2     81.2     81.2    
 0.808    3.15     84       84       84      
 1.26     2.7      75.1     75.1     75.1    
 3.14     0.0459   76.4     76.4     76.4    
 2.98     0.0836   80.1     80.1     80.1    
 2.91     0.215    80.8     80.8     80.8    
 3.03     0.0739   76.9     76.9     76.9    
 3        3.57     6.13     20       100     
 2.98     3.56     6.21     20       100     
 3.02     0.0901   78.1     78.1     78.1    
 2.96     0.0313   81.9     81.9     81.9    
 1.1      2.44     84.6     84.6     84.6    
 2.29     0.519    80.6     80.6     80.6    
 3        3.56     6.13     20       100     
 3.36     3.58     6.08     19.7     100     
 3.19     3.39     7.83     19.3     100     
 2.7      0.27     82       82       82      
 3.32     3.57     6.13     19.6     100     
 3.41     3.39     7.83     19.2     100     
 3        3.56     6.09     20       100     
 3        3.57     6.07     20       100     
 2.28     0.531    81.4     81.4     81.4    
 2.84     0.352    76.2     76.2     76.2    
 3.2      3.37     7.97     19.2     100     
 3.36     3.58     6.11     19.7     100     
 2.73     0.381    80.4     80.4     80.4    
 2.98     0.0224   80.3     80.3     80.3    
 3.19     3.38     7.91     19.2     100     
 2.68     0.372    83.6     83.6     83.6    
 1.26     2.7      75.6     75.6     75.6    
 2.28     0.52     82.6     82.6     82.6    
 1.24     2.63     77.8     77.8     77.8    
 1.39     2.41     76.5     76.5     76.5    
 2.58     0.426    75.1     75.1     75.1    
 2.51     0.433    75.6     75.6     75.6    
 2.75     0.366    81.6     81.6     81.6    
 3        3.54     6.18     20       100     
 2.76     0.359    80.5     80.5     80.5    
 3.2      3.38     7.96     19.2     100     
 0.978    2.88     82.5     82.5     82.5    
 2.99     3.57     6.13     20       100     
 1.96     2.35     75       75       75      
 2.76     0.368    80       80       80      
 3.24     3.33     8.19     19       100     
 2.92     0.0621   84.3     84.3     84.3    
 2.83     0.235    78.6     78.6     78.6    
 2.91     0.215    80.8     80.8     80.8    
 2.44     0.45     76.5     76.5     76.5    
 2.41     0.449    81.8     81.8     81.8    
 0.988    2.89     79.6     79.6     79.6    
 3.19     3.36     8.14     19.2     100     
 3.2      3.37     7.97     19.2     100     
 3.19     3.39     7.81     19.3     100     
 2.27     0.563    86       86       86      
 2.45     0.422    85.1     85.1     85.1    
 2.97     0.0233   81.2     81.2     81.2    
 3.32     3.56     6.16     19.6     100     
 1.38     2.32     85.1     85.1     85.1    
 2.75     0.365    81.3     81.3     81.3    
 2.98     3.55     6.24     20       100     
 3.15     0.0592   75.6     75.6     75.6    
 3.37     3.57     6.12     19.7     100     
 1.04     2.72     81.4     81.4     81.4    
 2.34     0.5      84.1     84.1     84.1    
 3.2      3.36     8.11     19.2     100     
 2.91     0.215    79.5     79.5     79.5    
 3.02     0.113    77.3     77.3     77.3    
 3.01     3.54     6.15     20       100     
 3.03     3.54     6.16     19.7     100     
 2.98     3.56     6.19     20       100     
 2.43     0.439    84.6     84.6     84.6    
 2.39     0.448    82.7     82.7     82.7    
 2.55     0.402    75.7     75.7     75.7    
 2.36     0.482    81.7     81.7     81.7    
 2.51     0.404    83       83       83      
 2.49     0.4      84.3     84.3     84.3    
 1.04     2.77     80.7     80.7     80.7    
 2.45     0.424    86.6     86.6     86.6    
 1.02     2.82     81.9     81.9     81.9    
 3.18     3.39     7.88     20       100     
 2.96     0.0482   82       82       82      
 2.67     0.373    85.6     85.6     85.6    
 3.19     3.39     7.82     19.3     100     
 3.02     0.138    75.1     75.1     75.1    
 3.36     3.58     6.09     19.7     100     
 2.83     0.234    79.8     79.8     79.8    
 2.49     0.401    84.5     84.5     84.5    
 2.84     0.265    77.7     77.7     77.7    
 2.98     0.0608   79.8     79.8     79.8    
 2.47     0.413    85.5     85.5     85.5    
 2.47     1.12     76.2     76.2     76.2    
 2.43     0.437    85.1     85.1     85.1    
 0.982    2.81     83.2     83.2     83.2    
 3.03     3.53     6.16     19.7     100     
 2.78     0.243    84.9     84.9     84.9    
 2.98     3.56     6.21     20       100     
 2.75     0.256    84.1     84.1     84.1    
 2.9      0.274    76       76       76      
 0.988    2.88     82.3     82.3     82.3    
 2.97     3.5      6.27     20       100     
 2.76     0.378    79.2     79.2     79.2    
 2.32     0.523    79.3     79.3     79.3    
 3.36     3.56     6.17     19.6     100     
 3        3.55     6.16     20       100     
 1.01     2.66     84.2     84.2     84.2    
 2.29     0.531    80.8     80.8     80.8    
 3.2      3.38     7.92     19.2     100     
 2.96     0.0313   82.3     82.3     82.3    
 1.04     2.77     80       80       80      
 3        3.56     6.14     20       100     
 2.96     0.0327   81.9     81.9     81.9    
 3.2      3.38     7.96     19.2     100     
 2.76     0.368    80       80       80      
 2.76     0.369    79.8     79.8     79.8    
 2.76     0.366    80       80       80      
 1.23     2.72     78.4     78.4     78.4    
 3        3.56     6.12     20       100     
 2.99     3.55     6.17     20       100     
 3.05     3.45     7.01     19.6     100     
 2.49     0.444    81.1     81.1     81.1    
 2.58     0.438    75       75       75      
 1.26     2.87     75       75       75      
 1.26     2.68     77.2     77.2     77.2    
 2.97     3.51     6.26     20       100     
 0.986    2.89     79.1     79.1     79.1    
 2.93     0.222    77.5     77.5     77.5    
 2.72     0.27     86.4     86.4     86.4    
 3        3.55     6.17     20       100     
 2.47     0.446    81.6     81.6     81.6    
 1.13     2.86     78.3     78.3     78.3    
 3.18     3.39     7.91     19.3     100     
 2.75     0.356    81.8     81.8     81.8    
 2.84     0.359    75.8     75.8     75.8    
 1.09     2.73     79.3     79.3     79.3    
 3.36     3.57     6.15     19.7     100     
 3.14     0.0499   76       76       76      
 3.2      3.35     8.11     20       100     
 3.18     3.39     7.89     20       100     
 2.96     0.0284   82.2     82.2     82.2    
 2.97     0.117    79.3     79.3     79.3    
 2.92     0.0583   84.3     84.3     84.3    
 3.03     3.54     6.16     19.7     100     
 2.98     3.56     6.19     20       100     
 2.92     0.217    79.5     79.5     79.5    
 3.19     3.36     8.11     19.2     100     
 2.99     0.034    79.1     79.1     79.1    
 2.47     1.13     76.2     76.2     76.2    
 2.39     0.448    82.7     82.7     82.7    
 2.89     0.271    76.8     76.8     76.8    
 2.55     0.398    75.5     75.5     75.5    
 1        2.77     82.1     82.1     82.1    
 3.36     3.54     6.23     19.6     100     
 1.15     2.81     77.6     77.6     77.6    
 3        3.55     6.15     20       100     
 3        3.55     6.17     20       100     
 2.29     0.531    80.7     80.7     80.7    
 3.2      3.38     7.91     19.2     100     
 2.51     0.404    82.8     82.8     82.8    
 2.93     0.264    76.3     76.3     76.3    
 2.96     0.031    82.3     82.3     82.3    
 2.67     0.374    85.6     85.6     85.6    
 3.19     3.36     8.14     19.2     100     
 3.36     3.59     6.03     20       100     
 3.19     3.39     7.83     19.3     100     
 1.04     2.77     80.4     80.4     80.4    
 3        3.57     6.13     20       100     
 2.91     0.208    80.9     80.9     80.9    
 2.4      0.45     79.6     79.6     79.6    
 2.83     0.237    79.5     79.5     79.5    
 2.28     0.532    81.3     81.3     81.3    
 3.19     3.36     8.06     20       100     
 2.78     0.205    86.6     86.6     86.6    
 3.2      3.37     7.97     19.2     100     
 3.36     3.57     6.11     19.7     100     
 3.19     3.39     7.82     19.3     100     
 3        3.57     6.09     20       100     
 2.74     0.378    80.8     80.8     80.8    
 2.4      0.46     81       81       81      
 3.36     3.58     6.08     19.7     100     
 3        3.55     6.17     20       100     
 2.99     3.53     6.25     20       100     
 2.5      0.435    79.2     79.2     79.2    
 3        3.57     6.12     20       100     
 1.93     2.45     75       75       75      
 2.45     0.424    85.1     85.1     85.1    
 2.47     1.12     76.2     76.2     76.2    
 2.84     0.264    78       78       78      
 0.985    2.75     85.4     85.4     85.4    
 3.41     3.4      7.8      19.3     100     
 2.5      0.423    81.9     81.9     81.9    
 3.18     3.39     7.82     19.3     100     
 2.98     3.54     6.23     20       100     
 2.93     0.29     75       75       75      
 3.14     0.0599   76.4     76.4     76.4    
 2.66     0.377    85.7     85.7     85.7    
 2.68     0.372    84.5     84.5     84.5    
 2.43     0.447    81.3     81.3     81.3    
 2.93     0.291    75.4     75.4     75.4    
 2.76     0.368    79.7     79.7     79.7    
 2.44     0.449    76.5     76.5     76.5    
 2.5      0.419    82.2     82.2     82.2    
 2.84     0.229    78.8     78.8     78.8    
 2.53     0.429    78.1     78.1     78.1    
 2.92     0.314    75       75       75      
 2.79     0.239    84.1     84.1     84.1    
 3.38     3.25     7.92     18.1     100     
 3.18     3.39     7.88     20       100     
 2.79     0.24     83.7     83.7     83.7    
 3.16     3.39     7.66     20       100     
 3        3.55     6.15     20       100     
 2.74     0.386    80       80       80      
 3.16     3.39     7.69     19.3     100     
 2.4      0.465    79.5     79.5     79.5    
 2.55     0.406    75.5     75.5     75.5    
 3.18     3.39     7.9      19.3     100     
 3.19     3.38     7.91     19.3     100     
 3.18     3.39     7.9      20       100     
 3.16     3.39     7.68     20       100     
 3        3.56     6.12     20       100     
 3        3.54     6.16     20       100     
 2.97     0.0248   80.9     80.9     80.9    
 3.02     0.0804   77.7     77.7     77.7    
 3.36     3.57     6.13     19.7     100     
 3        3.56     6.15     20       100     
 2.79     0.246    81.2     81.2     81.2    
 3.14     0.0552   76.8     76.8     76.8    
 2.91     0.215    80.8     80.8     80.8    
 3.16     3.39     7.67     20       100     
 3        3.57     6.11     20       100     
 3.36     3.58     6.08     19.7     100     
 3        3.56     6.09     20       100     
 2.28     0.531    81.4     81.4     81.4    
 3.19     3.36     8.06     20       100     
 3.2      3.37     7.97     19.2     100     
 3.36     3.58     6.1      19.7     100     
 2.73     0.381    80.4     80.4     80.4    
 2.68     0.373    83.6     83.6     83.6    
 2.58     0.426    75.2     75.2     75.2    
 2.99     3.57     6.13     20       100     
 2.92     0.0589   84.3     84.3     84.3    
 2.83     0.236    78.6     78.6     78.6    
 2.91     0.214    80.9     80.9     80.9    
 2.35     0.452    86.8     86.8     86.8    
 2.44     0.45     76.5     76.5     76.5    
 3.19     3.35     8.14     20       100     
 3.19     3.39     7.81     19.3     100     
 2.97     0.0232   81.3     81.3     81.3    
 3.2      3.36     8.1      20       100     
 2.74     0.382    80.3     80.3     80.3    
 3.32     3.56     6.15     19.6     100     
 1.12     2.7      80.9     80.9     80.9    
 2.98     3.55     6.23     20       100     
 3.37     3.57     6.11     19.7     100     
 2.91     0.214    79.5     79.5     79.5    
 2.93     0.0606   82.9     82.9     82.9    
 3.02     0.113    77.3     77.3     77.3    
 3.01     3.54     6.15     20       100     
 2.98     3.56     6.2      20       100     
 2.43     0.439    84.7     84.7     84.7    
 2.39     0.448    82.7     82.7     82.7    
 2.36     0.482    81.7     81.7     81.7    
 2.47     0.425    84.5     84.5     84.5    
 3        3.55     6.15     20       100     
 2.29     0.53     80.7     80.7     80.7    
 2.93     0.27     76.3     76.3     76.3    
 2.98     3.56     6.2      20       100     
 2.79     0.252    81.7     81.7     81.7    
 0.983    2.8      83.7     83.7     83.7    
 2.83     0.232    79.9     79.9     79.9    
 3.16     3.39     7.68     19.3     100     
 2.78     0.237    86.5     86.5     86.5    
 2.67     0.375    85.6     85.6     85.6    
 3.19     3.36     8.14     19.2     100     
 3.41     3.39     7.83     19.2     100     
 2.28     0.515    86.9     86.9     86.9    
 3.14     0.0417   76.8     76.8     76.8    
 1.04     2.77     80.7     80.7     80.7    
 3        3.55     6.16     20       100     
 2.41     0.454    79.3     79.3     79.3    
 2.83     0.241    80       80       80      
 3.19     3.36     8.05     20       100     
 1.34     2.53     76.4     76.4     76.4    
 3.2      3.37     7.97     19.2     100     
 3.19     3.39     7.82     19.3     100     
 2.4      0.46     81       81       81      
 2.74     0.382    80.4     80.4     80.4    
 2.99     3.56     6.21     20       100     
 2.91     0.215    80.8     80.8     80.8    
 2.49     1.12     76.1     76.1     76.1    
 0.985    2.75     85.4     85.4     85.4    
 1.37     2.42     77.5     77.5     77.5    
 2.76     0.369    79.3     79.3     79.3    
 2.29     0.515    81.5     81.5     81.5    
 2.75     0.369    81.5     81.5     81.5    
 2.42     0.447    81.2     81.2     81.2    
 1.23     2.6      79.5     79.5     79.5    
 2.93     0.29     75.5     75.5     75.5    
 2.76     0.367    79.8     79.8     79.8    
 3.1      0.0601   76.6     76.6     76.6    
 2.5      0.419    82.3     82.3     82.3    
 1.03     2.82     81.5     81.5     81.5    
 3.2      3.38     7.93     19.2     100     
 2.92     0.316    75       75       75      
 2.79     0.239    84.2     84.2     84.2    
 3.38     3.25     7.92     18.1     100     
 3        3.57     6.1      20       100     
 3        3.54     6.17     20       100     
 0.991    2.89     78.9     78.9     78.9    
 1.03     2.75     82.3     82.3     82.3    
 2.91     0.209    81.1     81.1     81.1    
 2.93     0.065    83.3     83.3     83.3    
 2.55     0.414    75.5     75.5     75.5    
 2.76     0.369    79.8     79.8     79.8    
 1.38     2.55     75       75       75      
 1.28     2.62     75.3     75.3     75.3    
 3.24     3.33     8.19     19       100     
 3.19     3.36     8.14     19.2     100     
 3        3.55     6.15     20       100     
 2.97     0.0245   80.3     80.3     80.3    
 3        3.55     6.15     20       100     
 3.1      0.0698   75       75       75      
 3.02     0.0786   77.7     77.7     77.7    
 3        3.57     6.09     20       100     
 3.39     3.19     8.01     17.3     100     
 3.37     3.58     6.02     20       100     
 3.13     0.014    86.8     86.8     86.8    
 3.05     3.45     7.02     19.6     100     
 2.49     0.443    81.1     81.1     81.1    
 1.19     2.75     75.8     75.8     75.8    
 0.943    2.78     84.3     84.3     84.3    
 3.41     3.39     7.83     19.2     100     
 3.37     3.58     6.06     19.7     100     
 2.58     0.438    75       75       75      
 2.83     0.265    77.9     77.9     77.9    
 2.74     0.379    80.2     80.2     80.2    
 2.36     0.601    78.8     78.8     78.8    
 2.51     0.435    75.3     75.3     75.3    
 2.69     0.293    82.1     82.1     82.1    
 2.76     0.37     79.6     79.6     79.6    
 0.796    3.14     86.2     86.2     86.2    
 1.2      2.73     78.1     78.1     78.1    
 2.69     0.38     81.9     81.9     81.9    
 2.59     0.393    78       78       78      
 2.38     0.511    80.9     80.9     80.9    
 2.41     0.445    83.1     83.1     83.1    
 2.49     0.427    82.8     82.8     82.8    
 2.5      0.439    75.7     75.7     75.7    
 3.19     3.36     8.14     19.2     100     
 2.42     0.449    80       80       80      
 2.41     0.439    85.3     85.3     85.3    
 2.24     1.27     82.9     82.9     82.9    
 2.97     3.53     6.25     20       100     
 0.981    2.81     83.2     83.2     83.2    
 3.36     3.58     6.05     20       100     
 1.24     2.7      75.8     75.8     75.8    
 2.66     0.38     84.5     84.5     84.5    
 3.03     3.52     6.16     19.7     100     
 2.93     0.222    77.2     77.2     77.2    
 2.36     0.483    81.3     81.3     81.3    
 2.79     0.259    78.1     78.1     78.1    
 3.1      0.0599   76.6     76.6     76.6    
 3.03     0.0728   77.4     77.4     77.4    
 3.2      3.37     7.97     19.2     100     
 0.949    2.83     82.8     82.8     82.8    
 2.93     0.0709   82.8     82.8     82.8    
 2.28     0.515    81.4     81.4     81.4    
 1.03     2.73     83.9     83.9     83.9    
 2.84     0.354    75.8     75.8     75.8    
 3.02     0.22     77.3     77.3     77.3    
 1.12     2.77     78.7     78.7     78.7    
 3        3.54     6.18     20       100     
 0.861    3.14     84.7     84.7     84.7    
 2.94     0.0694   82.8     82.8     82.8    
 2.8      0.242    82.4     82.4     82.4    
 2.7      0.276    82       82       82      
 1.04     2.77     80       80       80      
 2.5      0.419    82       82       82      
 2.76     0.359    80.5     80.5     80.5    
 2.9      0.273    75.7     75.7     75.7    
 2.47     0.446    82       82       82      
 2.92     0.298    75       75       75      
 2.54     0.428    78.4     78.4     78.4    
 2.44     0.447    81.8     81.8     81.8    
 3.04     3.45     7.02     19.6     100     
 3.4      3.39     7.83     19.2     100     
 3.18     3.39     7.91     19.3     100     
 2.98     3.55     6.22     20       100     
 2.75     0.356    81.8     81.8     81.8    
 2.84     0.359    75.8     75.8     75.8    
 3.16     0.0212   75       75       75      
 2.44     0.446    81.9     81.9     81.9    
 3.38     3.25     7.91     20       100     
 3.32     3.57     6.14     19.6     100     
 3.41     3.39     7.83     19.2     100     
 3.01     0.0425   78.4     78.4     78.4    
 2.79     0.247    81.2     81.2     81.2    
 2.37     0.443    83.5     83.5     83.5    
 3.36     3.56     6.2      19.7     100     
 2.74     0.374    81.7     81.7     81.7    
 2.68     0.373    83.5     83.5     83.5    
 3.4      3.19     8.01     17.3     100     
 1.28     2.6      77.4     77.4     77.4    
 2.28     0.516    81.6     81.6     81.6    
 3.01     3.55     6.13     20       100     
 3.37     3.57     6.14     19.7     100     
 2.39     0.446    82.8     82.8     82.8    
 2.51     0.432    76.5     76.5     76.5    
 2.55     0.399    75.5     75.5     75.5    
 0.934    2.89     82.3     82.3     82.3    
 3.2      3.37     7.96     19.2     100     
 2.47     0.439    81.6     81.6     81.6    
 2.67     0.368    85.1     85.1     85.1    
 2.9      0.274    76       76       76      
 1.91     2.31     77.1     77.1     77.1    
 2.47     0.411    86.1     86.1     86.1    
 2.98     3.55     6.22     20       100     
 1.2      2.43     79.8     79.8     79.8    
 0.979    2.88     82.2     82.2     82.2    
 3.37     3.57     6.11     19.7     100     
 2.42     0.448    81.7     81.7     81.7    
 2.9      0.344    75       75       75      
 2.5      0.4      83.9     83.9     83.9    
 0.989    2.74     84       84       84      
 2.75     0.361    81.2     81.2     81.2    
 3.02     0.0835   77.7     77.7     77.7    
 2.96     0.0338   81.3     81.3     81.3    
 2.99     3.57     6.12     20       100     
 2.93     0.0679   82.9     82.9     82.9    
 1.17     2.54     83       83       83      
 2.36     0.482    81.3     81.3     81.3    
 2.76     0.378    79.2     79.2     79.2    
 2.43     0.448    80.7     80.7     80.7    
 0.932    2.9      81.8     81.8     81.8    
 3.14     0.0503   76.2     76.2     76.2    
 2.94     0.253    75       75       75      
 2.28     0.518    81.6     81.6     81.6    
 2.78     0.239    85.4     85.4     85.4    
 3.04     3.45     7.01     19.6     100     
 3.01     3.55     6.15     20       100     
 2.48     0.447    81.1     81.1     81.1    
 2.97     3.54     6.26     20       100     
 1.38     2.57     75       75       75      
 3        3.57     6.11     20       100     
 2.24     1.27     83.1     83.1     83.1    
 2.96     0.0328   81       81       81      
 3.03     0.0738   76.9     76.9     76.9    
 3.18     3.39     7.9      19.3     100     
 1.33     2.56     77.2     77.2     77.2    
 3.14     0.0444   76.6     76.6     76.6    
 3        3.56     6.13     20       100     
 2.5      0.437    78.6     78.6     78.6    
 2.96     0.0267   82.2     82.2     82.2    
 3.37     3.58     6.09     19.7     100     
 2.79     0.243    84.9     84.9     84.9    
 2.35     0.486    81.3     81.3     81.3    
 3        3.55     6.17     20       100     
 3.24     3.33     8.19     19       100     
 1.03     2.76     82.3     82.3     82.3    
 2.34     0.5      84       84       84      
 3.01     3.56     6.08     20       100     
 3.4      3.19     8        20       100     
 3.02     0.114    77.6     77.6     77.6    
 1.15     2.87     77.1     77.1     77.1    
 3.01     3.54     6.15     20       100     
 2.97     0.123    79.3     79.3     79.3    
 3.01     3.55     6.14     20       100     
 2.74     0.387    80.2     80.2     80.2    
 3.03     3.54     6.16     19.7     100     
 2.98     3.56     6.19     20       100     
 2.24     1.33     86.4     86.4     86.4    
 2.92     0.217    79.5     79.5     79.5    
 3.19     3.36     8.11     19.2     100     
 2.99     0.0344   79.1     79.1     79.1    
 2.47     1.13     76.1     76.1     76.1    
 2.39     0.448    82.7     82.7     82.7    
 2.89     0.271    76.8     76.8     76.8    
 2.55     0.398    75.6     75.6     75.6    
 1        2.77     82.4     82.4     82.4    
 2.75     0.368    81.1     81.1     81.1    
 3.36     3.55     6.23     19.6     100     
 2.47     0.424    84.3     84.3     84.3    
 3        3.55     6.15     20       100     
 3        3.55     6.17     20       100     
 2.29     0.531    80.7     80.7     80.7    
 1.04     2.77     80       80       80      
 2.93     0.264    76.3     76.3     76.3    
 3.02     0.092    78.1     78.1     78.1    
 2.79     0.251    80.9     80.9     80.9    
 2.76     0.382    79.9     79.9     79.9    
 2.83     0.231    80       80       80      
 2.29     0.519    80.6     80.6     80.6    
 2.35     0.465    82.2     82.2     82.2    
 3.19     3.36     8.14     19.2     100     
 3.36     3.58     6.08     19.7     100     
 3.19     3.39     7.83     19.3     100     
 3.41     3.39     7.83     19.2     100     
 2.28     0.515    81.7     81.7     81.7    
 2.41     0.45     79.3     79.3     79.3    
 3.01     0.131    78.5     78.5     78.5    
 2.84     0.353    76.2     76.2     76.2    
 1.37     2.42     78.3     78.3     78.3    
 3.19     3.36     8.06     20       100     
 1.34     2.54     75.6     75.6     75.6    
 3.2      3.37     7.97     19.2     100     
 3.36     3.57     6.11     19.7     100     
 3.19     3.39     7.82     19.3     100     
 3        3.57     6.1      20       100     
 3.36     3.58     6.08     19.7     100     
 2.99     3.54     6.24     20       100     
 1.04     2.77     80.3     80.3     80.3    
 1.14     2.87     77.2     77.2     77.2    
 3.32     3.57     6.12     19.6     100     
 2.5      0.433    79.3     79.3     79.3    
 2.43     0.443    82.8     82.8     82.8    
 3        3.56     6.13     20       100     
 2.45     0.42     84.9     84.9     84.9    
 2.84     0.264    78       78       78      
 2.76     0.37     79.3     79.3     79.3    
 2.99     3.57     6.12     20       100     
 2.29     0.515    81.6     81.6     81.6    
 2.41     0.443    83.4     83.4     83.4    
 2.98     3.55     6.23     20       100     
 2.66     0.375    83.6     83.6     83.6    
 1.32     2.45     79       79       79      
 2.97     0.0221   81.6     81.6     81.6    
 2.28     0.516    81.4     81.4     81.4    
 2.43     0.447    81.3     81.3     81.3    
 2.28     0.527    80.9     80.9     80.9    
 2.54     0.394    76.4     76.4     76.4    
 2.44     0.449    76.5     76.5     76.5    
 2.5      0.419    82.2     82.2     82.2    
 1.03     2.82     80.8     80.8     80.8    
 2.41     0.449    81.8     81.8     81.8    
 2.79     0.239    84.3     84.3     84.3    
 3.38     3.25     7.92     18.1     100     
 3.18     3.39     7.88     20       100     
 2.79     0.24     83.7     83.7     83.7    
 3.16     3.39     7.66     20       100     
 3        3.55     6.16     20       100     
 3.16     3.39     7.68     19.3     100     
 2.91     0.208    80.9     80.9     80.9    
 0.954    2.89     82.6     82.6     82.6    
 2.4      0.465    79.5     79.5     79.5    
 3.16     3.39     7.68     19.3     100     
 3.18     3.39     7.9      19.3     100     
 2.76     0.369    79.8     79.8     79.8    
 2.58     0.426    75       75       75      
 1.28     2.63     76.9     76.9     76.9    
 3.19     3.38     7.91     19.3     100     
 1.23     2.72     79.3     79.3     79.3    
 3.18     3.39     7.9      20       100     
 3.24     3.33     8.19     19       100     
 3        3.56     6.13     20       100     
 3.19     3.36     8.14     19.2     100     
 3        3.54     6.17     20       100     
 3        3.57     6.11     20       100     
 3        3.55     6.16     20       100     
 3.02     0.0798   77.7     77.7     77.7    
 3.01     3.56     6.11     20       100     
 2.92     0.0556   84.1     84.1     84.1    
 1.37     2.47     78.3     78.3     78.3    
 3.36     3.57     6.12     19.7     100     
 3        3.56     6.15     20       100     
 2.79     0.246    82.1     82.1     82.1    
 2.48     0.42     83.6     83.6     83.6    
 2.91     0.216    80.7     80.7     80.7    
 3.03     0.0739   76.9     76.9     76.9    
 2.98     3.56     6.2      20       100     
 3.02     0.0901   78.1     78.1     78.1    
 2.29     0.519    80.6     80.6     80.6    
 3.18     3.39     7.83     19.3     100     
 2.7      0.273    82       82       82      
 3.41     3.39     7.83     19.2     100     
 3        3.56     6.09     20       100     
 2.28     0.531    81.5     81.5     81.5    
 2.84     0.352    76.3     76.3     76.3    
 3.36     3.58     6.11     19.7     100     
 2.43     0.442    82.9     82.9     82.9    
 2.28     0.523    84.4     84.4     84.4    
 2.75     0.366    81.6     81.6     81.6    
 2.49     0.428    80.2     80.2     80.2    
 3        3.54     6.18     20       100     
 2.76     0.359    80.5     80.5     80.5    
 2.34     0.5      84       84       84      
 0.979    2.88     82.5     82.5     82.5    
 2.99     3.57     6.12     20       100     
 1.96     2.35     75       75       75      
 3.24     3.33     8.19     19       100     
 2.92     0.0605   84.3     84.3     84.3    
 2.83     0.236    78.6     78.6     78.6    
 2.91     0.215    80.8     80.8     80.8    
 2.41     0.449    81.8     81.8     81.8    
 0.987    2.89     79.6     79.6     79.6    
 3.19     3.36     8.14     19.2     100     
 3.2      3.37     7.97     19.2     100     
 3.19     3.39     7.81     19.3     100     
 2.45     0.422    85.1     85.1     85.1    
 2.74     0.382    80.2     80.2     80.2    
 3.32     3.56     6.16     19.6     100     
 2.75     0.366    81.3     81.3     81.3    
 2.98     3.54     6.25     20       100     
 3.37     3.57     6.11     19.7     100     
 2.91     0.216    80.7     80.7     80.7    
 2.46     0.411    85.9     85.9     85.9    
 3.02     0.115    76.9     76.9     76.9    
 3.01     3.54     6.15     20       100     
 2.98     3.56     6.18     20       100     
 2.43     0.439    84.6     84.6     84.6    
 2.55     0.402    75.8     75.8     75.8    
 2.51     0.404    81.9     81.9     81.9    
 2.49     0.4      84.2     84.2     84.2    
 2.95     0.0461   82.5     82.5     82.5    
 3.19     3.39     7.82     19.3     100     
 3.02     0.137    75.1     75.1     75.1    
 3.36     3.58     6.1      19.7     100     
 2.83     0.234    79.8     79.8     79.8    
 2.49     0.402    84.5     84.5     84.5    
 2.47     0.413    85.5     85.5     85.5    
 2.47     1.12     76.2     76.2     76.2    
 2.43     0.437    85.1     85.1     85.1    
 0.982    2.81     83.2     83.2     83.2    
 3.03     3.54     6.16     19.7     100     
 2.78     0.243    84.9     84.9     84.9    
 2.98     3.56     6.2      20       100     
 2.76     0.378    79.2     79.2     79.2    
 3.19     3.36     8.11     19.2     100     
 2.75     0.368    80.8     80.8     80.8    
 3.36     3.56     6.17     19.6     100     
 3.2      3.38     7.91     19.2     100     
 0.983    2.8      83.7     83.7     83.7    
 2.79     0.24     83.7     83.7     83.7    
 2.35     0.465    82.1     82.1     82.1    
 3.36     3.58     6.09     19.7     100     
 3.41     3.39     7.83     19.2     100     
 2.28     0.517    83.1     83.1     83.1    
 3.14     0.0416   76.8     76.8     76.8    
 3.39     3.19     8.01     17.3     100     
 248      248      20       19.6     0       
 248      248      8.71     5.67     100     
 3.37     3.58     6.02     20       100     
 3.13     0.014    86.8     86.8     86.8    
 0.123    2.89     130      130      130     
