1000 5
 2.19     1.04     1.76     2.08     0       
 2.16     0.432    1.56     3.87     0       
 2.11     0.34     1.71     3.61     0       
 2.67     0.62     1.14     4.45     0       
 2.47     1.06     1.24     3.98     0       
 2.24     0.644    1.45     5.43     0       
 2.46     0.703    1.21     5.25     0       
 2.11     0.921    1.54     5.68     0       
 2.13     0.312    2.19     2.19     0       
 2.28     0.662    1.56     2.65     0       
 2.03     1.34     3.54     0.766    0       
 2.08     0.916    1.99     3.3      0       
 2.18     0.706    1.44     3.67     0       
 2.69     0.513    2.02     0.48     0       
 2.08     0.852    2.51     0.323    0       
 2.13     0.506    2.3      0.934    0       
 2.03     0.814    2.73     2.31     0       
 2.27     0.963    1.83     0.966    0       
 2.21     0.722    1.41     3.53     0       
 2.47     0.735    1.16     5.27     0       
 2.57     0.825    1.74     0.388    0       
 2.22     0.666    1.42     5.77     0       
 2.3      0.574    1.92     0.78     0       
 2.47     0.79     1.14     5.56     0       
 2.14     0.399    1.62     3.45     0       
 2.19     0.438    1.61     3.15     0       
 2.46     0.538    2.1      1.28     0       
 2.57     0.694    1.15     4.8      0       
 2.3      0.705    1.85     0.568    0       
 2.56     1.13     1.35     3.09     0       
 2.11     0.42     1.71     2.79     0       
 2.08     0.882    1.87     4.81     0       
 2.04     1.2      3.13     0.289    0       
 2.66     0.569    1.66     1.25     0       
 2.14     0.393    1.59     3.49     0       
 2.14     0.811    2.79     0.0693   0       
 2.24     0.654    1.42     5.44     0       
 2.09     0.903    1.6      5.18     0       
 2.17     1.13     1.99     1.79     0       
 2.25     0.835    1.37     4.48     0       
 2.59     0.811    1.16     4.51     0       
 2.54     0.61     1.38     4.89     0       
 2.55     0.599    1.41     3.76     0       
 2.22     0.806    2.08     0.77     0       
 2.04     0.555    2.92     2.35     0       
 2.53     0.887    1.21     4.1      0       
 2.04     1.04     2.93     0.385    0       
 2.55     0.83     1.12     4.97     0       
 2.1      0.576    1.61     3.31     0       
 2.63     0.622    2.08     0.0849   0       
 2.57     0.773    1.69     0.764    0       
 2.13     0.31     1.66     4.43     0       
 2.14     0.971    1.43     5.5      0       
 2.42     0.763    1.19     5.42     0       
 2.27     0.689    1.85     1.44     0       
 2.26     0.831    1.96     1.34     0       
 2.18     1.32     2.16     1.16     0       
 2.72     0.746    1.25     3.58     0       
 2.1      0.62     1.72     2.81     0       
 2.1      1.49     2.09     1.41     0       
 2.01     0.583    3.5      1.9      0       
 2.18     0.729    1.44     3.65     0       
 2.08     0.832    1.68     5.06     0       
 2.06     0.886    2.54     1.77     0       
 2.12     0.399    1.78     2.85     0       
 2.24     0.649    1.42     5.1      0       
 2.04     0.609    2.85     2.22     0       
 2.47     0.737    1.13     5.18     0       
 2.22     0.706    1.51     2.62     0       
 2.13     0.395    2.49     1.95     0       
 2.16     0.346    1.71     3.61     0       
 2.24     0.684    1.4      5.68     0       
 2.02     1.16     4.04     0.455    0       
 2.17     0.811    1.33     5.26     0       
 2.26     0.653    1.4      5.31     0       
 2.05     0.932    2.88     0.452    0       
 2.09     1.38     2.03     1.66     0       
 2.28     0.895    1.79     1.04     0       
 2.12     0.428    1.63     3.63     0       
 2.18     0.445    1.67     2.48     0       
 2.14     0.461    1.48     4.91     0       
 2.35     0.629    1.37     4.55     0       
 2.06     0.93     2.69     1.33     0       
 2.28     0.797    1.33     4.78     0       
 2.29     0.86     1.41     3.22     0       
 2.04     1.44     2.3      4.36     0       
 2.1      0.405    2.51     2.74     0       
 2.22     0.731    1.34     5.61     0       
 2.64     0.983    1.44     2.87     0       
 2.49     1.14     1.31     3.58     0       
 2.23     0.661    1.42     5.79     0       
 2.03     1.34     3.55     0.706    0       
 2.25     0.837    1.37     4.45     0       
 2.13     0.449    1.53     4.21     0       
 2.02     1.49     3.93     0.242    0       
 2.11     0.414    1.99     2.7      0       
 2.11     0.414    1.72     2.82     0       
 2.59     0.735    1.66     1.05     0       
 2.12     0.741    1.57     4.46     0       
 2        0.822    4.08     2.23     0       
 2.08     0.616    2.05     4.01     0       
 2.59     0.713    1.16     4.45     0       
 2.23     0.714    1.35     5.26     0       
 2.58     0.687    1.98     0.344    0       
 2.01     0.976    3.34     2.56     0       
 2.06     0.605    2.79     0.831    0       
 2.21     0.849    1.42     4.32     0       
 2.74     0.739    1.24     3.34     0       
 2.22     0.725    1.33     5.66     0       
 2.14     0.515    2.36     0.687    0       
 2.1      0.494    1.59     3.62     0       
 2.09     0.984    1.57     4.93     0       
 2.46     0.713    1.21     5.17     0       
 2.06     0.591    2.9      1.17     0       
 2.02     0.702    3.61     0.289    0       
 2.11     0.418    1.72     2.93     0       
 2.12     0.707    1.56     5.69     0       
 2.68     0.458    1.15     4.38     0       
 2.2      0.692    1.5      2.95     0       
 2.04     1.15     3.44     0.305    0       
 2.17     0.76     1.43     5.15     0       
 2.09     0.985    1.58     4.96     0       
 2.05     0.646    1.92     4.69     0       
 2.47     0.71     1.13     5.87     0       
 2.04     1.14     3.25     0.743    0       
 2.15     0.946    1.4      5.68     0       
 2.11     0.386    4.53     1.31     0       
 2.55     0.787    1.25     3.74     0       
 2.05     0.601    3.48     1        0       
 2.16     0.363    1.61     5.12     0       
 2.18     0.786    1.44     4.88     0       
 2.59     0.763    1.85     0.0548   0       
 2.03     1.12     3.04     1.2      0       
 2.71     0.746    1.25     3.48     0       
 2.06     0.694    2.71     1.28     0       
 2.13     0.451    1.51     4.33     0       
 2.47     0.729    1.17     5.15     0       
 2.06     0.776    2.51     2.24     0       
 2.04     1.19     2.43     4.38     0       
 2.59     0.681    1.65     1.29     0       
 2.08     0.798    3.2      0.237    0       
 2.28     0.66     1.67     1.45     0       
 2.01     0.974    3.22     2.83     0       
 2.12     0.707    1.55     5.7      0       
 2.3      0.843    1.3      4.15     0       
 2.12     0.429    1.73     2.49     0       
 2.11     0.381    4.73     1.28     0       
 2.12     0.706    1.55     5.75     0       
 2        0.822    4.09     2.22     0       
 2.32     0.785    1.29     4.43     0       
 2.59     0.674    1.14     4.98     0       
 2.22     0.709    1.4      5.27     0       
 2.53     0.597    1.41     4.27     0       
 2.1      0.528    1.58     3.74     0       
 2.46     0.692    1.23     5.3      0       
 2.14     0.811    2.75     0.0953   0       
 2.14     0.302    1.76     3.5      0       
 2.57     0.694    1.15     4.79     0       
 2.18     0.637    2.07     1.22     0       
 2.07     0.57     2.75     1.49     0       
 2.56     0.955    1.24     3.47     0       
 2.1      0.333    1.84     3.28     0       
 2.23     0.653    1.43     5.51     0       
 2.03     1.34     3.54     0.952    0       
 2.47     0.734    1.16     5.21     0       
 2.48     0.876    1.29     3.74     0       
 2.6      0.648    1.15     5.67     0       
 2.58     0.596    1.37     3.74     0       
 2.06     0.876    2.71     0.781    0       
 2.32     0.768    1.31     4.39     0       
 2.17     1.06     1.99     1.91     0       
 2.06     0.796    2.47     2.15     0       
 2.13     0.469    2.22     0.798    0       
 2.42     0.762    1.19     5.41     0       
 2.17     0.686    1.46     3.16     0       
 2.05     0.785    2.33     4.25     0       
 2.05     0.601    3.49     1.1      0       
 2.59     0.573    1.76     1.68     0       
 2.06     0.859    2.72     1.08     0       
 2.19     1.2      1.86     1.42     0       
 2.11     0.403    2.72     1.68     0       
 2.24     0.683    1.4      5.76     0       
 2.08     0.766    1.99     2.43     0       
 2.26     0.656    1.41     5.25     0       
 2.12     1.3      2.11     1.44     0       
 2.03     1.13     3.03     1.17     0       
 2.27     0.685    1.6      1.61     0       
 2.59     0.675    1.26     4.05     0       
 2.09     1.02     1.59     4.82     0       
 2.47     0.873    1.31     3.59     0       
 2.14     0.402    1.61     3.49     0       
 2.17     0.738    1.43     5.76     0       
 2.22     0.741    1.7      2.34     0       
 2.11     0.317    1.7      3.62     0       
 2.64     0.894    1.59     2.21     0       
 2.22     0.709    1.39     5.26     0       
 2.13     0.759    1.52     2.96     0       
 2.46     0.798    1.13     5.57     0       
 2.55     0.808    1.12     5.09     0       
 2.12     1.59     2.25     0.972    0       
 2.08     0.599    2.75     1.26     0       
 2.15     0.901    1.41     5.56     0       
 2.17     0.429    1.55     4.05     0       
 2.08     0.55     2.85     2.32     0       
 2.02     0.593    3.55     1.63     0       
 2.04     0.605    2.8      2.63     0       
 2.07     1.06     1.78     5.05     0       
 2.12     1.32     2.12     1.44     0       
 2.11     0.33     2.1      2.71     0       
 2.13     0.402    2.04     2.51     0       
 2.17     0.756    1.44     5.38     0       
 2.73     0.756    1.41     3.34     0       
 2.12     0.705    1.55     5.72     0       
 2.05     0.602    3.47     0.952    0       
 2.21     0.708    1.56     2.69     0       
 2.02     0.723    3.61     1        0       
 2.34     0.703    1.26     4.34     0       
 2.16     0.801    1.43     5.08     0       
 2.19     0.448    1.53     4.1      0       
 2.67     0.458    1.15     4.27     0       
 2.06     0.692    2.11     3.91     0       
 2.17     0.739    1.45     5.39     0       
 2.55     0.787    1.25     3.43     0       
 2.4      0.718    1.19     5.87     0       
 2.53     0.654    1.37     4.14     0       
 2.18     0.469    1.58     3.44     0       
 2.04     0.935    2.84     0.468    0       
 2.67     0.463    1.14     4.3      0       
 2.34     0.656    1.33     5        0       
 2.51     0.768    1.1      5.24     0       
 2.1      0.516    1.59     3.43     0       
 2.1      0.39     2.6      2.37     0       
 2.12     0.706    1.56     5.78     0       
 2.21     0.71     1.4      5.26     0       
 2.14     0.396    1.61     3.59     0       
 2.51     0.725    1.1      5.3      0       
 2.59     0.576    1.75     1.65     0       
 2.12     1.3      2.11     1.45     0       
 2.05     0.933    2.86     0.453    0       
 2.06     0.921    2.71     1.34     0       
 2.56     1.19     1.94     0.111    0       
 2.05     0.61     1.91     4.76     0       
 2.37     0.697    1.26     5.33     0       
 2.22     0.795    2.06     0.83     0       
 2.68     0.682    1.53     1.91     0       
 2.04     1.42     2.35     4.17     0       
 2.18     0.785    1.45     4.76     0       
 2.47     0.758    1.19     5.09     0       
 2.07     0.57     2.78     1.5      0       
 2.22     0.737    1.67     2.46     0       
 2.22     0.708    1.39     5.26     0       
 2.47     0.706    1.14     5.65     0       
 2.02     0.541    3.72     1.92     0       
 2.06     0.687    2.68     1.29     0       
 2.17     1.06     1.96     1.84     0       
 2.05     0.755    2.32     4.34     0       
 2.55     0.776    1.12     4.85     0       
 2.27     0.749    1.36     4.51     0       
 2.19     0.759    1.42     4.59     0       
 2.06     0.591    2.87     1.89     0       
 2.03     1.12     3.05     1.2      0       
 2.13     0.442    1.65     2.64     0       
 2.22     0.665    1.42     5.87     0       
 2.14     0.399    1.62     3.25     0       
 2.46     0.537    2.09     1.28     0       
 2.1      0.296    1.87     3.31     0       
 2.42     0.763    1.19     5.42     0       
 2.04     1.51     2.37     4.15     0       
 2.12     1.47     2.05     1.11     0       
 2.06     0.795    2.54     2.15     0       
 2.08     0.625    2.07     4.07     0       
 2.22     0.716    1.36     5.27     0       
 2.01     0.986    3.29     2.22     0       
 2.06     0.606    2.76     0.974    0       
 2.11     0.404    2.66     1.79     0       
 2.26     1.03     2.13     0.373    0       
 2.08     0.768    1.98     2.44     0       
 2.03     1.13     3.03     1.16     0       
 2.14     0.408    1.61     3.48     0       
 2.05     0.571    2.99     1.45     0       
 2.08     0.606    2.76     1.11     0       
 2.41     0.821    1.18     5.51     0       
 2.46     0.695    1.21     5.28     0       
 2.04     0.809    2.53     2.23     0       
 2.12     0.396    2.58     1.65     0       
 2.04     1.42     2.28     4.41     0       
 2.68     0.67     1.54     2.26     0       
 2.47     0.889    1.22     3.68     0       
 2.71     0.711    1.25     3.53     0       
 2.57     0.694    1.15     4.79     0       
 2.58     0.611    1.37     3.72     0       
 2.56     0.956    1.24     3.47     0       
 2.17     0.728    1.44     5.75     0       
 2.05     0.545    2.93     1.49     0       
 2.11     0.36     1.63     4.6      0       
 2.55     0.809    1.12     5.08     0       
 2.02     1.47     3.91     0.381    0       
 2.51     0.767    1.1      5.25     0       
 2.47     0.706    1.14     5.65     0       
 2.26     0.652    1.41     5.25     0       
 2.13     0.444    1.7      2.58     0       
 2.14     0.399    1.62     3.41     0       
 2.56     1.2      1.93     0.223    0       
 2.04     1.4      2.35     4.22     0       
 2.34     0.657    1.32     5.04     0       
 2        0.826    4.08     1.75     0       
 2.34     0.628    1.33     5        0       
 2.04     1.5      2.37     4.17     0       
 2.11     0.368    4.68     1.31     0       
 2.22     0.809    2.06     0.817    0       
 2.06     0.832    2.72     1.23     0       
 2.21     0.709    1.59     2.53     0       
 2.47     0.759    1.2      5.05     0       
 2        0.812    4.08     2.25     0       
 2.09     0.948    1.56     5.01     0       
 2.57     0.824    1.75     0.334    0       
 2.13     0.394    2.47     1.96     0       
 2.17     0.811    1.35     4.61     0       
 2.07     1.03     1.81     5.11     0       
 2.59     0.763    1.85     0.0393   0       
 2.01     0.973    3.23     2.86     0       
 2.18     0.642    2.18     1.14     0       
 2.14     0.405    1.62     3.32     0       
 2.05     0.559    2.96     1.58     0       
 2.51     0.724    1.1      5.25     0       
 2.18     0.45     1.53     4.09     0       
 2.34     0.658    1.34     4.91     0       
 2.68     0.681    1.53     1.94     0       
 2.59     0.572    1.76     1.59     0       
 2.04     1.51     2.37     4.14     0       
 2.11     0.338    1.63     4.62     0       
 2.27     0.963    1.85     1.04     0       
 2.1      0.321    1.84     3.32     0       
 2.55     0.786    1.25     3.6      0       
 2.13     0.451    1.51     4.38     0       
 2.12     0.429    1.72     2.49     0       
 2.14     0.304    1.81     3.43     0       
 2.46     0.796    1.13     5.65     0       
 2.64     0.894    1.59     2.21     0       
 2.34     0.703    1.26     4.3      0       
 2.12     1.47     2.05     1.1      0       
 2.07     0.856    2.22     2.65     0       
 2.37     0.695    1.25     5.24     0       
 2.14     0.463    3.15     0.188    0       
 2.24     0.643    1.45     5.43     0       
 2.2      0.717    1.59     2.83     0       
 2.04     1.2      3.12     0.293    0       
 2.52     0.734    1.21     4.68     0       
 2.46     0.792    1.13     5.59     0       
 2.56     1.09     1.89     0.364    0       
 2.02     0.723    3.61     0.864    0       
 2.06     0.676    2.13     3.83     0       
 2.17     0.74     1.45     5.66     0       
 2.59     0.57     1.75     1.75     0       
 2.34     0.657    1.32     5.1      0       
 2.05     0.755    2.32     4.29     0       
 2.27     1.05     1.74     0.647    0       
 2.05     0.775    2.3      4.27     0       
 2.46     0.704    1.21     5.24     0       
 2.04     1.2      3.13     0.284    0       
 2.08     0.832    1.68     5.06     0       
 2.54     0.603    1.4      4.25     0       
 2.03     0.694    3.6      0.566    0       
 2.47     0.771    1.21     4.66     0       
 2.11     0.418    1.72     2.93     0       
 2.1      0.425    1.73     2.82     0       
 2.11     0.343    1.74     3.35     0       
 2.04     1.19     2.44     4.38     0       
 2.28     0.661    1.68     1.35     0       
 2.48     0.738    1.17     5.12     0       
 2.47     0.734    1.16     5.21     0       
 2.27     0.69     1.64     1.56     0       
 2.22     0.715    1.43     5.08     0       
 2.59     0.577    1.75     1.58     0       
 2.27     0.749    1.37     4.48     0       
 2.68     0.677    1.53     2.28     0       
 2.14     0.399    1.62     3.26     0       
 2.06     0.795    2.52     2.12     0       
 2.08     0.768    1.98     2.47     0       
 2.05     0.571    2.98     1.45     0       
 2.68     0.67     1.53     2.26     0       
 2.11     0.36     1.63     4.63     0       
 2.57     0.824    1.74     0.367    0       
 2.06     0.874    2.75     1.03     0       
 2.14     0.472    3.15     0.101    0       
 2.11     0.921    1.54     5.66     0       
 2.14     0.817    2.84     0.251    0       
 2.57     0.77     1.69     0.804    0       
 2        0.83     4.04     1.48     0       
 2.05     0.936    2.88     0.446    0       
 2.29     0.86     1.43     3.07     0       
 2.11     0.385    3.66     1.65     0       
 2.56     1.2      1.94     0.23     0       
 2.15     0.944    1.4      5.7      0       
 2.03     1.12     3.03     1.22     0       
 2.41     0.8      1.18     5.59     0       
 2.71     0.746    1.25     3.48     0       
 2.21     0.706    1.57     2.64     0       
 2.53     0.654    1.37     4.1      0       
 2.2      0.693    1.63     2.9      0       
 2.27     1.05     1.8      0.619    0       
 2.69     0.512    2.01     0.563    0       
 2.04     1.14     3.36     0.558    0       
 2.25     0.835    1.37     4.35     0       
 2.58     0.688    1.98     0.332    0       
 2        2.28     3.35     2.07     0       
 2.68     0.458    1.15     4.34     0       
 2.2      0.692    1.51     2.94     0       
 2.17     0.758    1.43     5.13     0       
 2.37     0.69     1.24     5.42     0       
 2.11     0.353    1.71     3.69     0       
 2.66     0.772    1.58     1.17     0       
 2.04     1.14     3.24     0.603    0       
 2.11     0.334    1.81     3.25     0       
 2.12     0.43     1.77     2.47     0       
 2.32     0.768    1.31     4.39     0       
 2.59     0.736    1.67     1.03     0       
 2.17     0.409    1.6      3.29     0       
 2.06     0.916    2.7      1.28     0       
 2.11     0.331    2.1      2.7      0       
 2.17     0.738    1.45     5.21     0       
 2.04     0.938    2.85     0.461    0       
 2.12     0.706    1.56     5.77     0       
 2.16     0.365    1.62     5.01     0       
 2.27     0.752    1.37     4.27     0       
 2.46     0.537    2.09     1.27     0       
 2.04     1.51     2.37     4.06     0       
 2.32     0.713    1.3      3.88     0       
 2.13     0.394    2.48     1.96     0       
 2.11     0.921    1.54     5.67     0       
 2.27     0.963    1.83     1.07     0       
 2.14     0.811    2.79     0.444    0       
 2.38     0.86     1.12     5.59     0       
 2.26     0.831    1.97     1.34     0       
 2.26     0.653    1.4      5.31     0       
 2.09     1.38     2.03     1.65     0       
 2.06     0.93     2.69     1.31     0       
 2.28     0.796    1.33     4.71     0       
 2.23     0.661    1.43     5.55     0       
 2.02     1.49     3.93     0.343    0       
 2        0.822    4.09     2.08     0       
 2.74     0.738    1.24     3.48     0       
 2.12     0.707    1.56     5.63     0       
 2.17     0.762    1.43     5.15     0       
 2.13     0.762    1.6      3.02     0       
 2.47     0.73     1.17     5.13     0       
 2.01     0.975    3.21     2.81     0       
 2.32     0.785    1.29     4.41     0       
 2.6      0.647    1.15     5.61     0       
 2.02     0.593    3.54     1.63     0       
 2.1      0.333    1.99     3.23     0       
 2        0.824    4.08     2.13     0       
 2.34     0.652    1.33     4.95     0       
 2.12     1.47     2.05     1.05     0       
 2.08     0.606    2.76     1.1      0       
 2.14     0.4      1.64     3.33     0       
 2.27     0.751    1.37     4.24     0       
 2.57     0.693    1.15     4.79     0       
 2.47     0.737    1.13     5.34     0       
 2.05     0.932    2.88     0.454    0       
 2.23     0.661    1.42     5.77     0       
 2.37     0.696    1.24     5.32     0       
 2.47     0.71     1.13     5.73     0       
 2.04     1.14     3.25     0.743    0       
 2.11     0.388    4.47     1.31     0       
 2.55     0.788    1.25     3.53     0       
 2.16     0.364    1.61     5.11     0       
 2.59     0.763    1.85     0.0479   0       
 2.03     1.12     3.04     1.12     0       
 2.13     0.761    1.6      2.94     0       
 2.13     0.451    1.51     4.33     0       
 2.06     0.776    2.51     2.18     0       
 2.28     0.661    1.66     1.45     0       
 2.01     0.975    3.21     2.64     0       
 2.12     0.711    1.55     5.69     0       
 2.26     0.656    1.41     5.24     0       
 2.17     0.736    1.43     5.76     0       
 2.11     0.33     2.1      2.8      0       
 2.67     0.463    1.14     4.38     0       
 2.12     0.706    1.56     5.78     0       
 2.14     0.396    1.61     3.55     0       
 2.51     0.725    1.1      5.29     0       
 2.12     1.29     2.12     1.46     0       
 2.12     0.396    2.6      1.65     0       
 2.58     0.611    1.37     3.71     0       
 2.55     0.809    1.12     5.07     0       
 2.57     0.824    1.75     0.422    0       
 2.04     0.813    2.53     2.2      0       
 2.17     0.811    1.41     4.4      0       
 2.14     0.405    1.62     3.32     0       
 2.1      0.321    1.85     3.28     0       
 2.12     1.47     2.07     1.09     0       
 2.08     0.917    1.99     3.36     0       
 2.3      0.705    1.85     0.56     0       
 2.66     0.569    1.66     1.25     0       
 2.24     0.649    1.43     5.03     0       
 2.74     0.74     1.24     3.43     0       
 2.2      0.692    1.5      2.95     0       
 2.55     0.787    1.25     3.42     0       
 2.12     0.706    1.55     5.75     0       
 2        0.822    4.09     2.22     0       
 2.46     0.692    1.23     5.27     0       
 2.14     0.81     2.77     0.0818   0       
 2.14     0.303    1.77     3.42     0       
 2.47     0.782    1.13     5.49     0       
 2.48     0.738    1.16     5.12     0       
 2.18     0.636    2.07     1.26     0       
 2.54     0.562    1.43     3.73     0       
 2.1      0.334    1.86     3.21     0       
 2.23     0.653    1.43     5.51     0       
 2.47     0.735    1.16     5.21     0       
 2.48     0.876    1.29     3.74     0       
 2.6      0.648    1.15     5.67     0       
 2.58     0.596    1.37     3.74     0       
 2.06     0.875    2.71     0.829    0       
 2.32     0.768    1.32     4.27     0       
 2.17     1.06     1.99     2.06     0       
 2.59     0.735    1.67     1.03     0       
 2.06     0.796    2.47     2.15     0       
 2.13     0.469    2.21     0.805    0       
 2.42     0.763    1.2      5.38     0       
 2.17     0.686    1.46     3.16     0       
 2.05     0.785    2.33     4.24     0       
 2.05     0.6      3.54     0.88     0       
 2.59     0.573    1.77     1.68     0       
 2.06     0.859    2.71     1.07     0       
 2.19     1.2      1.86     1.39     0       
 2.11     0.404    2.72     1.68     0       
 2.56     0.954    1.24     3.46     0       
 2.08     0.766    1.99     2.43     0       
 2.26     0.656    1.41     5.25     0       
 2.12     1.29     2.11     1.45     0       
 2.27     0.685    1.61     1.61     0       
 2.59     0.675    1.27     4.05     0       
 2.09     1.02     1.59     4.86     0       
 2.47     0.874    1.31     3.59     0       
 2.14     0.402    1.61     3.48     0       
 2.17     0.738    1.43     5.76     0       
 2.67     0.465    1.14     4.34     0       
 2.11     0.317    1.7      3.61     0       
 2.22     0.709    1.39     5.24     0       
 2.13     0.759    1.52     2.92     0       
 2.46     0.798    1.13     5.57     0       
 2.12     1.59     2.28     1.03     0       
 2.08     0.599    2.75     1.25     0       
 2.15     0.902    1.41     5.56     0       
 2.08     0.55     2.85     2.3      0       
 2.02     0.593    3.55     1.62     0       
 2.04     0.605    2.8      2.63     0       
 2.06     0.916    2.7      1.2      0       
 2.07     1.05     1.79     5.34     0       
 2.12     1.32     2.13     1.38     0       
 2.13     0.402    2.04     2.51     0       
 2.12     0.705    1.55     5.72     0       
 2.05     0.602    3.47     1.09     0       
 2.47     0.879    1.3      3.72     0       
 2.21     0.708    1.6      2.73     0       
 2.02     0.723    3.62     0.859    0       
 2.34     0.703    1.26     4.2      0       
 2.27     0.749    1.37     4.5      0       
 2.16     0.801    1.43     5.1      0       
 2.19     0.447    1.53     4.07     0       
 2.06     0.694    2.12     3.96     0       
 2.17     0.74     1.45     5.44     0       
 2.55     0.787    1.25     3.65     0       
 2.41     0.725    1.18     5.45     0       
 2.53     0.654    1.37     4.13     0       
 2.04     0.935    2.84     0.462    0       
 2.34     0.656    1.33     4.85     0       
 2.51     0.767    1.11     5.2      0       
 2.1      0.516    1.6      3.42     0       
 2.1      0.39     2.62     2.36     0       
 2.21     0.71     1.4      5.18     0       
 2.14     0.394    1.61     3.59     0       
 2.5      0.747    1.14     4.8      0       
 2.12     1.3      2.11     1.45     0       
 2.59     0.677    1.15     4.03     0       
 2.1      0.333    1.99     3.22     0       
 2.05     0.931    2.9      0.458    0       
 2.05     0.609    1.91     4.77     0       
 2.37     0.697    1.26     5.32     0       
 2.34     0.656    1.34     4.42     0       
 2.07     0.57     2.78     1.5      0       
 2.22     0.737    1.68     2.4      0       
 2.22     0.706    1.39     5.26     0       
 2.47     0.705    1.14     5.81     0       
 2.17     1.06     1.96     1.86     0       
 2.06     0.8      2.24     4.3      0       
 2.27     0.749    1.37     4.48     0       
 2.19     0.759    1.41     4.63     0       
 2.06     0.591    2.87     2.05     0       
 2.03     1.12     3.06     1.19     0       
 2.13     0.443    1.65     2.64     0       
 2.22     0.665    1.41     5.87     0       
 2.14     0.399    1.62     3.26     0       
 2.47     0.537    2.09     1.28     0       
 2.1      0.296    1.87     3.31     0       
 2.42     0.762    1.19     5.42     0       
 2.04     1.51     2.37     4.14     0       
 2.12     1.47     2.05     1.11     0       
 2.06     0.795    2.54     2.14     0       
 2.22     0.716    1.36     5.28     0       
 2.01     0.986    3.29     2.21     0       
 2.06     0.607    2.76     0.905    0       
 2.11     0.403    2.66     1.79     0       
 2.26     1.03     2.1      0.373    0       
 2.08     0.768    1.98     2.44     0       
 2.03     1.13     3.02     1.16     0       
 2.03     1.04     3.38     1.19     0       
 2.05     0.572    2.98     1.44     0       
 2.09     0.606    2.76     1.1      0       
 2.41     0.821    1.18     5.51     0       
 2.06     0.801    2.65     1.07     0       
 2.46     0.695    1.21     5.28     0       
 2.04     0.806    2.53     2.21     0       
 2.12     0.395    2.57     1.65     0       
 2.04     1.42     2.28     4.41     0       
 2.68     0.67     1.54     2.24     0       
 2.47     0.889    1.22     3.67     0       
 2.71     0.711    1.26     3.53     0       
 2.58     0.611    1.37     3.71     0       
 2.56     0.953    1.24     3.47     0       
 2.17     0.728    1.44     5.74     0       
 2.55     0.809    1.12     5.08     0       
 2.02     1.47     3.91     0.31     0       
 2.26     0.652    1.41     5.25     0       
 2.13     0.445    1.7      2.56     0       
 2.14     0.399    1.63     3.34     0       
 2.56     1.2      1.93     0.216    0       
 2.04     1.4      2.35     4.1      0       
 2.34     0.657    1.32     5.04     0       
 2        0.826    4.08     1.74     0       
 2.34     0.628    1.33     5.01     0       
 2.11     0.368    4.68     1.31     0       
 2.22     0.809    2.05     0.817    0       
 2.06     0.832    2.73     1.28     0       
 2        0.812    4.09     2.25     0       
 2.09     0.948    1.56     5        0       
 2.57     0.824    1.75     0.37     0       
 2.13     0.394    2.47     1.97     0       
 2.17     0.812    1.36     4.61     0       
 2.07     1.03     1.81     5.18     0       
 2.37     0.695    1.24     5.32     0       
 2.59     0.761    1.82     0.237    0       
 2.01     0.971    3.22     2.86     0       
 2.14     0.405    1.62     3.32     0       
 2.05     0.561    2.95     1.58     0       
 2.51     0.724    1.1      5.25     0       
 2.18     0.45     1.53     4.09     0       
 2.34     0.658    1.34     4.91     0       
 2.68     0.681    1.53     1.98     0       
 2.59     0.572    1.76     1.59     0       
 2.04     1.51     2.37     4.14     0       
 2.11     0.337    1.63     4.62     0       
 2.1      0.321    1.84     3.32     0       
 2.2      0.743    2.06     1.17     0       
 2.55     0.786    1.25     3.56     0       
 2.13     0.448    1.51     4.38     0       
 2.12     0.429    1.72     2.49     0       
 2.14     0.304    1.83     3.42     0       
 2.46     0.796    1.13     5.65     0       
 2.64     0.894    1.59     2.18     0       
 2.12     1.47     2.05     1.1      0       
 2.07     0.856    2.22     2.65     0       
 2.52     0.734    1.22     4.68     0       
 2.56     1.09     1.89     0.361    0       
 2.02     0.722    3.62     0.857    0       
 2.06     0.676    2.13     3.99     0       
 2.59     0.57     1.75     1.74     0       
 2.34     0.657    1.32     5.09     0       
 2.05     0.755    2.33     4.29     0       
 2.27     1.05     1.75     0.65     0       
 2.46     0.703    1.21     5.34     0       
 2.04     1.2      3.13     0.285    0       
 2.08     0.832    1.68     5.06     0       
 2.12     1.39     2.03     1.64     0       
 2.03     0.694    3.6      0.441    0       
 2.47     0.77     1.21     4.65     0       
 2.11     0.418    1.72     2.93     0       
 2.1      0.425    1.74     2.89     0       
 2.11     0.342    1.76     3.34     0       
 2.04     1.19     2.44     4.38     0       
 2.06     0.874    2.76     1.02     0       
 2.19     1.04     1.78     2.07     0       
 2.16     0.432    1.56     3.87     0       
 2.11     0.34     1.71     3.59     0       
 2.67     0.62     1.14     4.44     0       
 2.13     0.443    1.65     2.64     0       
 2.24     0.644    1.45     5.55     0       
 2.46     0.703    1.21     5.33     0       
 2.11     0.92     1.53     5.68     0       
 2.13     0.312    2.2      2.19     0       
 2.28     0.661    1.56     2.66     0       
 2.03     1.34     3.54     0.749    0       
 2.08     0.916    2        3.31     0       
 2.18     0.706    1.44     3.67     0       
 2.69     0.512    2.02     0.556    0       
 2.08     0.852    2.51     0.425    0       
 2.13     0.506    2.3      0.802    0       
 2.03     0.814    2.74     2.27     0       
 2.27     0.963    1.83     0.964    0       
 2.47     0.736    1.15     5.23     0       
 2.57     0.825    1.74     0.353    0       
 2.3      0.574    1.92     0.751    0       
 2.47     0.79     1.14     5.56     0       
 2.14     0.399    1.62     3.39     0       
 2.19     0.438    1.61     3.15     0       
 2.46     0.538    2.1      1.28     0       
 2.57     0.694    1.15     4.72     0       
 2.3      0.705    1.85     0.566    0       
 2.56     1.13     1.35     3.11     0       
 2.11     0.42     1.71     2.79     0       
 2.08     0.882    1.87     4.81     0       
 2.04     1.2      3.13     0.334    0       
 2.66     0.569    1.66     1.25     0       
 2.14     0.393    1.59     3.47     0       
 2.14     0.811    2.79     0.0216   0       
 2.09     0.903    1.6      5.23     0       
 2.17     1.13     1.99     1.79     0       
 2.25     0.835    1.37     4.49     0       
 2.59     0.811    1.16     4.49     0       
 2.54     0.61     1.38     4.89     0       
 2.55     0.599    1.41     3.75     0       
 2.38     1.65     2.64     0.0275   0       
 2.22     0.806    2.08     0.77     0       
 2.04     0.555    2.92     2.35     0       
 2.53     0.887    1.21     4.1      0       
 2.55     0.83     1.12     4.97     0       
 2.1      0.576    1.61     3.3      0       
 2.63     0.622    2.09     0.0589   0       
 2.57     0.772    1.69     0.754    0       
 2.13     0.31     1.66     4.43     0       
 2.14     0.971    1.43     5.5      0       
 2.27     0.689    1.85     1.44     0       
 2        0.83     4.04     1.47     0       
 2.18     1.32     2.16     1.15     0       
 2.1      0.62     1.72     2.76     0       
 2.1      1.49     2.1      1.41     0       
 2.01     0.583    3.5      1.83     0       
 2.18     0.729    1.44     3.65     0       
 2.08     0.832    1.68     5.06     0       
 2.06     0.886    2.54     1.78     0       
 2.12     0.399    1.78     2.85     0       
 2.25     0.655    1.44     5.01     0       
 2.04     0.609    2.85     2.22     0       
 2.47     0.738    1.13     5.19     0       
 2.22     0.706    1.51     2.62     0       
 2.13     0.395    2.5      1.95     0       
 2.16     0.347    1.71     3.61     0       
 2.24     0.683    1.4      5.69     0       
 2.02     1.16     4.04     0.473    0       
 2.17     0.811    1.33     5.23     0       
 2.26     0.653    1.4      5.31     0       
 2.05     0.932    2.88     0.448    0       
 2.09     1.38     2.03     1.66     0       
 2.28     0.896    1.79     1.02     0       
 2.12     0.428    1.64     3.56     0       
 2.18     0.445    1.67     2.48     0       
 2.14     0.461    1.48     4.91     0       
 2.35     0.629    1.37     4.53     0       
 2.06     0.93     2.69     1.24     0       
 2.28     0.797    1.33     4.75     0       
 2.29     0.86     1.41     3.22     0       
 2.04     1.47     2.35     3.69     0       
 2.49     1.14     1.31     3.58     0       
 2.23     0.661    1.42     5.79     0       
 2.03     1.34     3.56     0.733    0       
 2.25     0.837    1.37     4.45     0       
 2.13     0.449    1.53     4.21     0       
 2.02     1.49     3.93     0.292    0       
 2.11     0.414    2        2.84     0       
 2.59     0.735    1.66     1.13     0       
 2.12     0.741    1.57     4.46     0       
 2.04     1.42     2.28     4.48     0       
 2        0.822    4.08     2.15     0       
 2.08     0.616    2.05     4.19     0       
 2.59     0.713    1.16     4.45     0       
 2.23     0.714    1.35     5.25     0       
 2.06     0.605    2.79     0.821    0       
 2.21     0.848    1.42     4.32     0       
 2.12     1.32     2.12     1.39     0       
 2.74     0.74     1.24     3.38     0       
 2.22     0.725    1.33     5.66     0       
 2.24     0.633    1.45     5.12     0       
 2.14     0.515    2.36     0.689    0       
 2.1      0.494    1.59     3.62     0       
 2.46     0.714    1.21     5.13     0       
 2.06     0.591    2.91     1.44     0       
 2.02     0.703    3.61     0.383    0       
 2.11     0.418    1.72     2.93     0       
 2.2      0.692    1.52     2.94     0       
 2.17     0.76     1.43     5.12     0       
 2.09     0.985    1.59     4.97     0       
 2.05     0.647    1.92     4.61     0       
 2.47     0.71     1.13     5.66     0       
 2.03     1.14     3.2      0.751    0       
 2.15     0.946    1.41     5.68     0       
 2.11     0.384    4.53     1.32     0       
 2.55     0.787    1.25     3.72     0       
 2.16     0.364    1.61     5.01     0       
 2.18     0.785    1.44     4.89     0       
 2.59     0.763    1.85     0.12     0       
 2.03     1.12     3.05     1.2      0       
 2.71     0.746    1.25     3.48     0       
 2.13     0.451    1.51     4.33     0       
 2.06     0.775    2.52     2.24     0       
 2.04     1.19     2.43     4.38     0       
 2.59     0.681    1.65     1.29     0       
 2.08     0.798    3.19     0.132    0       
 2.28     0.661    1.66     1.43     0       
 2.01     0.974    3.21     2.84     0       
 2.12     0.707    1.55     5.67     0       
 2.3      0.844    1.3      4.15     0       
 2.12     0.429    1.72     2.49     0       
 2.12     0.706    1.55     5.75     0       
 2.32     0.785    1.29     4.43     0       
 2.59     0.674    1.14     4.98     0       
 2.22     0.709    1.4      5.27     0       
 2.53     0.596    1.41     4.14     0       
 2.1      0.528    1.59     3.74     0       
 2.46     0.692    1.23     5.3      0       
 2.14     0.811    2.76     0.087    0       
 2.14     0.302    1.75     3.5      0       
 2.57     0.694    1.15     4.76     0       
 2.18     0.637    2.07     1.22     0       
 2.07     0.57     2.75     1.49     0       
 2.1      0.333    1.84     3.28     0       
 2.23     0.653    1.43     5.49     0       
 2.02     1.34     3.55     0.87     0       
 2.47     0.734    1.16     5.21     0       
 2.6      0.648    1.15     5.64     0       
 2.58     0.596    1.37     3.74     0       
 2.06     0.876    2.74     0.916    0       
 2.32     0.768    1.31     4.39     0       
 2.17     1.06     1.99     1.91     0       
 2.06     0.796    2.46     2.14     0       
 2.42     0.762    1.2      5.4      0       
 2.17     0.686    1.46     3.16     0       
 2.05     0.784    2.33     4.25     0       
 2.05     0.601    3.51     0.799    0       
 2.59     0.573    1.76     1.68     0       
 2.06     0.859    2.71     1.07     0       
 2.19     1.2      1.86     1.41     0       
 2.11     0.403    2.72     1.68     0       
 2.08     0.766    1.99     2.43     0       
 2.26     0.656    1.41     5.23     0       
 2.12     1.3      2.11     1.45     0       
 2.03     1.13     3.03     1.17     0       
 2.27     0.684    1.6      1.61     0       
 2.59     0.675    1.28     4.02     0       
 2.09     1.02     1.59     4.82     0       
 2.47     0.873    1.31     3.57     0       
 2.17     0.738    1.43     5.75     0       
 2.11     0.317    1.73     3.52     0       
 2.64     0.894    1.59     2.2      0       
 2.22     0.709    1.39     5.25     0       
 2.13     0.759    1.52     2.96     0       
 2.46     0.798    1.13     5.57     0       
 2.55     0.808    1.12     5.09     0       
 2.08     0.599    2.75     1.25     0       
 2.15     0.902    1.41     5.47     0       
 2.17     0.429    1.55     4.05     0       
 2.08     0.55     2.85     2.32     0       
 2.02     0.593    3.55     1.64     0       
 2.04     0.605    2.8      2.55     0       
 2.06     0.916    2.7      1.18     0       
 2.07     1.06     1.78     5.06     0       
 2.12     1.32     2.12     1.39     0       
 2.11     0.33     2.12     2.66     0       
 2.13     0.402    2.07     2.44     0       
 2.17     0.756    1.44     5.37     0       
 2.12     0.705    1.55     5.72     0       
 2.05     0.601    3.45     0.868    0       
 2.47     0.879    1.3      3.71     0       
 2.12     0.643    4.01     0.45     0       
 2.34     0.703    1.26     4.33     0       
 2.27     0.749    1.36     4.5      0       
 2.16     0.801    1.43     5.01     0       
 2.19     0.447    1.53     4.08     0       
 2.67     0.458    1.15     4.43     0       
 2.06     0.692    2.11     3.99     0       
 2.17     0.739    1.45     5.37     0       
 2.55     0.787    1.25     3.66     0       
 2.18     0.47     1.58     3.44     0       
 2.04     0.935    2.87     0.459    0       
 2.34     0.656    1.33     5        0       
 2.51     0.768    1.11     5.23     0       
 2.1      0.516    1.59     3.43     0       
 2.11     0.389    2.61     2.37     0       
 2.12     0.706    1.56     5.78     0       
 2.21     0.71     1.4      5.26     0       
 2.14     0.396    1.61     3.59     0       
 2.51     0.725    1.1      5.3      0       
 2.59     0.576    1.74     1.65     0       
 2.12     1.3      2.11     1.44     0       
 2.06     0.921    2.71     1.3      0       
 2.56     1.19     1.94     0.195    0       
 2.05     0.61     1.91     4.77     0       
 2.22     0.795    2.07     0.833    0       
 2.68     0.682    1.53     1.94     0       
 2.04     1.42     2.35     4.17     0       
 2.16     0.828    1.44     4.93     0       
 2.07     0.569    2.79     1.48     0       
 2        0.822    4.08     2.23     0       
 2.22     0.708    1.4      5.22     0       
 2.47     0.706    1.13     5.83     0       
 2.02     0.541    3.72     1.92     0       
 2.06     0.687    2.68     1.34     0       
 2.17     1.06     1.96     1.84     0       
 2.05     0.756    2.32     4.34     0       
 2.55     0.775    1.12     4.85     0       
 2.27     0.749    1.36     4.51     0       
 2.19     0.759    1.41     4.59     0       
 2.06     0.591    2.87     1.89     0       
 2.03     1.12     3.06     1.2      0       
 2.13     0.443    1.65     2.64     0       
 2.22     0.665    1.42     5.87     0       
 2.14     0.398    1.63     3.26     0       
 2.46     0.537    2.09     1.28     0       
 2.42     0.763    1.19     5.42     0       
 2.04     1.51     2.37     4.14     0       
 2.12     1.47     2.05     1.1      0       
 2.06     0.795    2.54     2.15     0       
 2.08     0.625    2.07     4.21     0       
 2.22     0.715    1.36     5.27     0       
 2.01     0.986    3.29     2.22     0       
 2.06     0.606    2.76     0.952    0       
 2.11     0.404    2.66     1.79     0       
 2.26     1.03     2.13     0.372    0       
 2.08     0.768    1.99     2.44     0       
 2.14     0.408    1.62     3.48     0       
 2.05     0.571    2.98     1.44     0       
 2.08     0.606    2.76     1.11     0       
 2.06     0.801    2.65     1.07     0       
 2.46     0.695    1.21     5.28     0       
 2.04     0.809    2.53     2.23     0       
 2.12     0.396    2.6      1.64     0       
 2.04     1.42     2.28     4.41     0       
 2.68     0.67     1.54     2.27     0       
 2.47     0.889    1.22     3.62     0       
 2.71     0.711    1.25     3.53     0       
 2.57     0.694    1.15     4.79     0       
 2.58     0.611    1.37     3.69     0       
 2.56     0.956    1.24     3.49     0       
 2.17     0.727    1.44     5.74     0       
 2.05     0.545    2.93     1.47     0       
 2.11     0.361    1.63     4.6      0       
 2.55     0.809    1.12     5.08     0       
 2.02     1.47     3.91     0.451    0       
 2.51     0.767    1.1      5.25     0       
 2.47     0.706    1.14     5.65     0       
 2.26     0.652    1.41     5.25     0       
 2.13     0.444    1.7      2.58     0       
 2.56     1.2      1.93     0.221    0       
 2.04     1.4      2.35     4.22     0       
 2.34     0.657    1.32     5.04     0       
 2.34     0.628    1.33     5        0       
 2.04     1.5      2.37     4.17     0       
 2.11     0.368    4.71     1.3      0       
 2.22     0.809    2.06     0.817    0       
 2.21     0.71     1.6      2.52     0       
 2.09     0.948    1.56     5        0       
 2.57     0.822    1.75     0.434    0       
 2.13     0.394    2.48     1.94     0       
 2.17     0.811    1.36     4.61     0       
 2.07     1.03     1.81     5.07     0       
 2.59     0.763    1.85     0.133    0       
 2.01     0.973    3.23     2.85     0       
 2.18     0.641    2.18     1.17     0       
 2.18     0.45     1.53     4.09     0       
 2.34     0.658    1.34     4.9      0       
 2.68     0.681    1.53     1.95     0       
 2.59     0.572    1.76     1.58     0       
 2.11     0.338    1.63     4.62     0       
 2.27     0.963    1.85     0.932    0       
 2.1      0.321    1.84     3.32     0       
 2.55     0.786    1.25     3.59     0       
 2.13     0.451    1.51     4.37     0       
 2.12     0.429    1.73     2.47     0       
 2.14     0.304    1.81     3.43     0       
 2.46     0.796    1.13     5.66     0       
 2.64     0.894    1.59     2.21     0       
 2.34     0.703    1.26     4.3      0       
 2.13     1.76     2.26     0.694    0       
 2.07     0.856    2.22     2.64     0       
 2.37     0.695    1.24     5.26     0       
 2.24     0.643    1.45     5.37     0       
 2.2      0.717    1.59     2.83     0       
 2.04     1.2      3.12     0.287    0       
 2.52     0.734    1.21     4.68     0       
 2.46     0.792    1.13     5.57     0       
 2.17     0.739    1.45     5.66     0       
 2.59     0.57     1.75     1.75     0       
 2.34     0.657    1.32     4.99     0       
 2.29     0.689    2.09     0.0573   0       
 2.06     0.874    2.76     1.02     0       
 2.37     1.64     2.67     0.00751  0       
 2.47     2.17     0.616    20       0       
 0.417    0.00337  88.3     88.3     88.3    
 0.00338  2.44     89.9     89.9     89.9    
