base_seed=1234 

 parameters for this run were: 
NaTa_t.soma.gNaTa_tbar 
Nap_Et2.soma.gNap_Et2bar 
K_Pst.soma.gK_Pstbar 
K_Tst.soma.gK_Tstbar 
SK_E2.soma.gSK_E2bar 
SKv3_1.soma.gSKv3_1bar 
Ca_HVA.soma.gCa_HVAbar 
Ca_LVAst.soma.gCa_LVAstbar 
CaDynamics_E2.soma.gamma 
CaDynamics_E2.soma.decay 
NaTa_t.axon.gNaTa_tbar 
Nap_Et2.axon.gNap_Et2bar 
K_Pst.axon.gK_Pstbar 
K_Tst.axon.gK_Tstbar 
SK_E2.axon.gSK_E2bar 
SKv3_1.axon.gSKv3_1bar 
Ca_HVA.axon.gCa_HVAbar 
Ca_LVAst.axon.gCa_LVAstbar 
CaDynamics_E2.axon.gamma 
CaDynamics_E2.axon.decay 
none.soma.g_pas 
none.axon.g_pas 
none.dend.g_pas 
none.apic.g_pas 
Im.apic.gImbar 
NaTa_t.apic.gNaTa_tbar 
SKv3_1.apic.gSKv3_1bar 
Ca_HVA.apic.gCa_HVAbar 
Ca_LVAst.apic.gCa_LVAstbar 
SK_E2.apic.gSK_E2bar 
CaDynamics_E2.apic.gamma 
CaDynamics_E2.apic.decay 

 at generation 998 error matrix was: 
1000 5
 3.16     0.118    8.58     14.9     0       
 3.05     0.246    8.35     20       0       
 3.16     0.118    8.58     14.9     0       
 3.16     0.118    8.58     14.9     0       
 3.16     0.118    8.58     14.7     0       
 3.05     0.246    8.35     20       0       
 3.05     0.246    8.35     20       0       
 3.16     0.118    8.58     14.7     0       
 3.05     0.246    8.38     20       0       
 3.05     0.246    8.38     20       0       
 3.16     0.118    8.58     14.9     0       
 3.05     0.246    8.38     20       0       
 2.92     0.0539   75.5     75.5     75.5    
 2.86     0.271    76.6     76.6     76.6    
 1.65     20       152      152      152     
 2.85     0.355    75.6     75.6     75.6    
 1.68     20       149      149      149     
 249      249      5.74     0.0148   100     
 3.01     0.658    7.52     20       100     
 1.72     20       145      145      145     
 2.99     0.303    7.71     2.25     100     
 249      249      6.43     10.4     0       
 3.17     0.0144   8.36     9.88     100     
 249      249      7.4      13.6     0       
 249      249      7.78     11.2     0       
 249      249      8.37     10.5     0       
 3.07     0.183    7.66     8.95     100     
 249      249      6.46     8.12     0       
 3.11     0.777    7.79     0.526    100     
 1.63     2.34     175      175      175     
 3.06     0.112    8.06     9.76     100     
 2.85     0.0928   82.6     82.6     82.6    
 2.8      0.311    86       86       86      
 249      249      7.04     12       0       
 249      249      7.73     12.2     0       
 3.05     0.681    5.7      9.06     100     
 2.89     0.0583   76.7     76.7     76.7    
 249      249      8.02     5.47     0       
 3.06     0.148    7.45     9.1      100     
 249      249      7.19     11.8     0       
 2.84     0.418    78.4     78.4     78.4    
 249      249      7.71     0.0458   100     
 3.12     0.808    8.11     0.0389   100     
 249      249      7.9      11.2     0       
 2.82     0.283    92.1     92.1     92.1    
 3.15     1.23     7.49     0.677    100     
 2.85     0.165    89.2     89.2     89.2    
 249      249      7.87     12.2     0       
 249      249      8.36     10.3     0       
 3.12     0.772    8.13     0.0309   100     
 249      249      7.81     11.9     0       
 249      249      8.11     4.82     0       
 2.92     0.936    5.55     8.58     100     
 2.97     0.683    8.17     9.85     100     
 3.01     0.405    7.56     20       100     
 249      249      7.9      10.8     0       
 2.84     0.27     83.6     83.6     83.6    
 2.96     0.13     7.98     20       100     
 249      249      5.04     0.377    100     
 3        0.282    8.18     9.92     100     
 249      249      8.11     3.94     0       
 249      249      7.48     12.5     0       
 3.13     0.657    8.14     0.011    100     
 249      249      7.9      0.256    0       
 3.03     1.3      6.07     6.5      100     
 249      249      5.78     0.167    100     
 249      249      7.95     0.0349   0       
 3.07     0.0278   8.12     10.2     100     
 3.17     0.0109   8.35     9.9      100     
 2.83     0.369    84.3     84.3     84.3    
 2.82     0.272    93.9     93.9     93.9    
 3.05     0.809    5.55     7.99     100     
 249      249      7.75     10.4     0       
 3.03     1.23     4.75     6.6      100     
 3.07     0.0694   8.08     9.64     100     
 2.8      0.312    93.2     93.2     93.2    
 249      249      6.28     2.06     0       
 249      249      7.66     10.7     0       
 249      249      5.13     6.11     100     
 2.85     0.354    75.6     75.6     75.6    
 2.83     0.418    81.2     81.2     81.2    
 3.08     0.0438   8.05     10.2     100     
 249      249      6.36     2.12     0       
 3.06     0.174    7.45     9.05     100     
 249      249      7.72     10.4     0       
 2.97     0.0739   8.23     10.1     100     
 249      249      7.17     12.2     0       
 249      249      7.45     1.24     0       
 3.06     0.347    7.39     9        100     
 249      249      7.7      12.2     0       
 3.02     0.591    7.68     1.78     100     
 249      249      8.1      3.81     0       
 249      249      7.69     10.7     0       
 3.11     3.76     7.78     0.323    100     
 3.02     0.294    7.68     2.04     100     
 3.06     0.209    7.63     8.92     100     
 249      249      8.04     5.5      0       
 2.87     0.0483   83.4     83.4     83.4    
 249      249      6.71     0.588    100     
 249      249      7.92     11.2     0       
 249      249      6.42     0.209    100     
 1.68     2.33     169      169      169     
 249      249      7.34     12.9     0       
 249      249      7.87     11.5     0       
 249      249      8.07     5.04     0       
 249      249      7.72     11.9     0       
 249      249      7.58     0.109    100     
 249      249      7.49     12.1     0       
 249      249      8.33     10.3     0       
 3.08     0.0645   8.04     9.87     100     
 1.76     20       130      130      130     
 2.85     0.0751   92.3     92.3     92.3    
 3.05     0.919    5.58     8.7      100     
 249      249      7.51     13.7     0       
 3.01     0.662    7.49     20       100     
 249      249      7.58     11.7     0       
 249      249      7.33     11.8     0       
 249      249      7.89     11.3     0       
 249      249      7.71     10.7     0       
 3.08     0.0176   8.12     10.2     100     
 3.1      1.15     7.69     0.602    100     
 249      249      7.69     10.7     0       
 249      249      8.03     4.23     0       
 2.84     0.118    89.5     89.5     89.5    
 249      249      7.95     11.3     0       
 249      249      6.48     7.57     0       
 249      249      6.47     4.74     0       
 1.71     1.84     156      156      156     
 3.05     0.735    6.05     7.94     100     
 3        0.169    8.19     9.98     100     
 249      249      8.03     5.48     0       
 2.82     0.272    94.4     94.4     94.4    
 249      249      8.13     5.52     0       
 249      249      7.64     10.8     0       
 249      249      6.51     4.65     0       
 249      249      7.87     10.4     0       
 249      249      7.73     11.9     0       
 2.87     0.0227   83.5     83.5     83.5    
 2.84     0.0887   90.4     90.4     90.4    
 249      249      7.7      12.3     0       
 249      249      8.01     5.46     0       
 249      249      7.85     12       0       
 249      249      7.85     10.3     0       
 3        0.00187  8.24     10.2     100     
 249      249      7.95     11       0       
 249      249      7.75     12.4     0       
 249      249      7.9      11.2     0       
 2.83     0.319    84.1     84.1     84.1    
 2.9      0.0561   75.9     75.9     75.9    
 2.84     0.315    80.1     80.1     80.1    
 249      249      7.54     11.7     0       
 3.06     0.196    7.42     9.1      100     
 249      249      8.11     1.63     0       
 249      249      7.94     10.2     0       
 249      249      7.95     11.4     0       
 3.06     0.0426   8.08     9.83     100     
 3.18     0.0375   8.32     9.57     100     
 249      249      7.29     12.6     0       
 249      249      8.06     5.08     0       
 249      249      8.06     5.11     0       
 249      249      8.1      1.88     0       
 249      249      8.15     2.69     0       
 249      249      7.89     11.2     0       
 249      249      7.15     12.2     0       
 2.86     0.246    77.8     77.8     77.8    
 2.99     0.391    7.71     1.77     100     
 3.01     0.619    7.67     1.85     100     
 249      249      7.64     12       0       
 2.8      0.318    98.2     98.2     98.2    
 249      249      8.09     3.85     0       
 2.78     0.34     89.7     89.7     89.7    
 249      249      7.68     10.5     0       
 2.82     0.448    82.8     82.8     82.8    
 2.85     0.234    85.9     85.9     85.9    
 3.06     0.174    7.45     9.1      100     
 249      249      7.51     1.07     0       
 3.01     0.599    7.68     1.8      100     
 3.15     0.986    7.54     0.428    100     
 249      249      6.71     7.42     0       
 249      249      7.68     12.2     0       
 249      249      6.07     11.6     0       
 3.04     0.166    7.49     9.05     100     
 3.02     0.6      7.67     1.81     100     
 3.18     0.039    8.32     9.59     100     
 3.01     0.638    7.65     1.87     100     
 3.01     0.292    7.68     2.19     100     
 2.84     0.231    88.2     88.2     88.2    
 3.03     1.36     5.37     6.44     100     
 249      249      7.74     11.8     0       
 3.02     0.588    7.67     1.84     100     
 3.01     0.554    7.58     10.2     100     
 249      249      8.03     4.26     0       
 249      249      7.95     11.4     0       
 249      249      7.31     12.6     0       
 249      249      7.9      10.9     0       
 249      249      6.5      0.555    100     
 3.12     0.778    8.12     0.25     100     
 3.03     1.35     5.06     6.54     100     
 249      249      7.79     10.6     0       
 3.14     1.27     7.39     0.827    100     
 249      249      5.38     0.392    100     
 2.82     0.268    94.7     94.7     94.7    
 249      249      8.08     3.9      0       
 3.06     0.0336   8.13     10.2     100     
 3.05     1.34     5.81     6.51     100     
 2.86     0.00494  92.3     92.3     92.3    
 249      249      7.8      12.1     0       
 3.12     0.715    8.11     0.1      100     
 249      249      7.93     11.1     0       
 249      249      7.87     10.4     0       
 3.09     1.09     7.7      0.656    100     
 249      249      7.71     11.5     0       
 249      249      7.34     12.8     0       
 2.8      0.311    97.5     97.5     97.5    
 2.83     0.326    84       84       84      
 249      249      7.91     11.1     0       
 3.05     0.106    8.16     9.74     100     
 249      249      7.87     11.5     0       
 3.05     0.914    5.57     8.79     100     
 3.05     1.35     5.72     6.44     100     
 3.05     0.16     7.46     9.05     100     
 2.78     0.34     89.8     89.8     89.8    
 3        0.00687  8.24     10.1     100     
 3.06     0.174    7.45     9.06     100     
 249      249      7.91     11.1     0       
 3.06     0.193    7.42     9.1      100     
 2.99     0.466    7.7      1.92     100     
 249      249      7.49     1.01     0       
 2.87     0.0559   83.2     83.2     83.2    
 3.01     0.404    7.68     2.13     100     
 3.04     1.4      4.74     6.18     100     
 2.84     0.0887   90.4     90.4     90.4    
 2.84     0.419    78.4     78.4     78.4    
 2.99     0.00195  8.19     10.3     100     
 3.01     0.637    7.63     2.18     100     
 249      249      7.83     10.5     0       
 249      249      8.12     4.7      0       
 2.85     0.0859   90.3     90.3     90.3    
 249      249      7.64     10.8     0       
 249      249      6.08     11.5     0       
 3.1      3.88     7.79     0.0647   100     
 1.66     2.31     172      172      172     
 249      249      7.85     10.7     0       
 249      249      7.82     10.8     0       
 249      249      6.66     8.03     0       
 249      249      7.72     12.2     0       
 249      249      7.51     12.6     0       
 3.08     0.0674   8.02     9.81     100     
 249      249      7.35     12.8     0       
 2.83     0.329    79.8     79.8     79.8    
 2.8      0.315    99.3     99.3     99.3    
 3.1      1.11     7.72     0.535    100     
 249      249      6.67     7.44     0       
 249      249      7.51     2.79     0       
 3.05     0.107    8.16     9.7      100     
 3.05     0.818    5.18     8.02     100     
 249      249      6.9      13.5     0       
 2.9      0.0858   75.1     75.1     75.1    
 249      249      7.91     11.1     0       
 2.83     0.319    84.2     84.2     84.2    
 3.06     0.21     7.62     8.93     100     
 3.09     1.07     7.71     0.638    100     
 2.85     0.0854   90.3     90.3     90.3    
 2.86     0.245    78.4     78.4     78.4    
 3.15     0.785    7.54     1.49     100     
 2.84     0.417    78.4     78.4     78.4    
 2.84     0.334    77.9     77.9     77.9    
 2.83     0.331    85.1     85.1     85.1    
 249      249      6.43     5.01     0       
 249      249      7.45     1.25     0       
 2.78     0.431    85.7     85.7     85.7    
 249      249      7.34     12.9     0       
 249      249      8.13     5.13     0       
 2.84     0.319    79.5     79.5     79.5    
 249      249      7.55     11.7     0       
 3.06     0.206    7.42     9.11     100     
 249      249      7.97     10.1     0       
 3.18     0.0376   8.32     9.61     100     
 2.74     0.32     104      104      104     
 249      249      8.06     4.86     0       
 3.05     1.35     5.48     6.45     100     
 3.04     0.166    7.49     9.01     100     
 249      249      6.48     0.574    100     
 3.14     1.27     7.38     0.833    100     
 2.86     0.242    79.7     79.7     79.7    
 249      249      6.66     1.08     0       
 3        0.566    7.56     10.3     100     
 2.84     0.0889   90.4     90.4     90.4    
 249      249      7.49     2.89     0       
 249      249      8.02     5.48     0       
 249      249      7.17     12.1     0       
 3.06     0.21     7.62     8.9      100     
 3.18     0.0334   8.32     9.57     100     
 3.07     0.0693   8.02     9.75     100     
 2.97     0.245    7.71     10.2     100     
 2.97     0.235    8.22     10.1     100     
 249      249      8.21     5.33     0       
 249      249      7.95     11.3     0       
 2.86     0.245    78       78       78      
 249      249      7.85     11.8     0       
 2.84     0.0973   89.5     89.5     89.5    
 249      249      6.52     4.64     0       
 3.07     0.0305   8.11     10.3     100     
 3.01     0.549    7.58     10.4     100     
 2.97     0.232    8.22     10.1     100     
 249      249      8.13     5.12     0       
 249      249      8.15     2.67     0       
 249      249      7.51     1.14     0       
 3.04     1.4      5.01     6.26     100     
 3.06     0.0371   8.13     10.2     100     
 249      249      7.92     11.2     0       
 1.68     2.33     170      170      170     
 2.83     0.438    82.2     82.2     82.2    
 249      249      8.06     5.08     0       
 3.1      3.88     7.79     0.0243   100     
 249      249      8.06     4.9      0       
 249      249      7.32     12.5     0       
 249      249      6.53     0.548    100     
 249      249      7.51     2.64     0       
 249      249      7.91     11.1     0       
 3.05     1.35     5.28     6.52     100     
 2.84     0.233    88.3     88.3     88.3    
 249      249      6.5      0.548    100     
 249      249      7.49     0.924    0       
 2.87     0.0568   91.8     91.8     91.8    
 249      249      6.55     1.84     0       
 249      249      6.26     1.56     100     
 249      249      6.69     13.2     0       
 249      249      7.9      0.281    0       
 3.07     0.0691   8.08     9.62     100     
 2.72     0.367    105      105      105     
 2.8      0.311    97.5     97.5     97.5    
 3.05     0.106    8.16     9.79     100     
 3.04     1.4      5.25     6.3      100     
 249      249      7.35     12.9     0       
 3.09     1.08     7.71     0.643    100     
 2.83     0.331    85.1     85.1     85.1    
 249      249      8.06     5.09     0       
 249      249      7.21     12.1     0       
 249      249      6.5      0.553    100     
 249      249      7.52     2.62     0       
 3.17     0.0195   8.36     9.85     100     
 2.84     0.416    78.4     78.4     78.4    
 249      249      6.51     5.61     0       
 249      249      7.85     12.2     0       
 249      249      7.33     11.8     0       
 3.08     0.0199   8.11     10.2     100     
 249      249      6.37     5.07     0       
 249      249      8.09     3.85     0       
 3.05     0.919    5.5      8.86     100     
 3.11     3.75     7.78     0.342    100     
 2.78     0.34     89.8     89.8     89.8    
 249      249      7.5      13.7     0       
 3.06     0.21     7.62     8.87     100     
 249      249      8.13     5.13     0       
 3.13     1.27     7.37     1.1      100     
 2.86     0.245    79.5     79.5     79.5    
 2.87     0.0777   83.2     83.2     83.2    
 249      249      7.4      13.6     0       
 2.92     0.936    5.52     8.61     100     
 249      249      8.11     3.94     0       
 249      249      7.78     12.3     0       
 249      249      7.69     10.8     0       
 249      249      8.21     5.34     0       
 2.97     0.243    8.22     10       100     
 249      249      7.71     10.5     0       
 3.06     0.174    7.45     9.1      100     
 249      249      7.71     0.194    100     
 2.97     0.234    8.22     10.1     100     
 2.97     0.246    8.22     10       100     
 3.06     0.174    7.45     9.07     100     
 249      249      6.01     11.7     0       
 3.05     1.35     5.63     6.46     100     
 3.05     0.16     7.46     20       100     
 2.89     0.0582   76.3     76.3     76.3    
 2.83     0.419    81.2     81.2     81.2    
 3.05     1.35     4.97     6.54     100     
 249      249      8.1      3.82     0       
 249      249      7.3      12.6     0       
 249      249      5.54     0.0998   100     
 2.85     0.249    83.9     83.9     83.9    
 3.18     0.038    8.32     9.51     100     
 249      249      7.29     12.5     0       
 249      249      8.06     5.11     0       
 3.14     1.27     7.39     0.819    100     
 3.05     1.35     5.68     6.51     100     
 249      249      7.64     12.1     0       
 249      249      8.09     3.85     0       
 2.85     0.234    85.9     85.9     85.9    
 249      249      7.95     11.3     0       
 3.06     0.174    7.45     9.05     100     
 249      249      7.96     11.1     0       
 249      249      7.75     10.6     0       
 3.1      3.88     7.79     0.0843   100     
 3.05     1.35     5.07     6.41     100     
 2.84     0.0892   90.4     90.4     90.4    
 249      249      6.5      5.61     0       
 3.01     0.509    7.65     2.17     100     
 2.87     0.0497   83.4     83.4     83.4    
 249      249      7.56     11.7     0       
 3.06     0.0431   8.08     9.88     100     
 2.92     0.964    5.3      8.33     100     
 2.84     0.231    88.3     88.3     88.3    
 249      249      7.95     11.4     0       
 249      249      7.93     11.2     0       
 3.12     0.804    8.1      0.0573   100     
 3.06     0.173    7.45     9.09     100     
 2.8      0.311    97.5     97.5     97.5    
 249      249      7.95     11.3     0       
 2.83     0.328    84       84       84      
 2.84     0.334    77.9     77.9     77.9    
 2.84     0.32     79.7     79.7     79.7    
 249      249      6.5      0.599    100     
 249      249      7.51     0.81     0       
 249      249      7.35     11.7     0       
 249      249      7.78     12.4     0       
 249      249      8.21     5.34     0       
 249      249      5.59     0.117    100     
 249      249      6.73     7.4      0       
 3.03     1.36     5.01     6.37     100     
 249      249      5.47     0.104    100     
 249      249      7.9      11.1     0       
 2.83     0.326    79.8     79.8     79.8    
 1.64     2.32     172      172      172     
 3.02     0.294    7.68     2.04     100     
 3.01     0.512    7.65     1.99     100     
 2.83     0.438    82.1     82.1     82.1    
 3.18     0.0376   8.32     9.51     100     
 3.01     0.293    7.68     2.13     100     
 3.05     1.34     5.81     6.49     100     
 249      249      7.51     2.72     0       
 3.05     1.35     5.25     6.5      100     
 249      249      8.06     5.09     0       
 249      249      7.78     12.3     0       
 3.11     3.75     7.78     0.348    100     
 249      249      8.21     5.34     0       
 3.06     0.0339   8.13     10.3     100     
 2.83     0.277    85.2     85.2     85.2    
 3.06     0.148    7.45     9.14     100     
 249      249      7.71     0.0454   100     
 3.07     0.029    8.12     10.3     100     
 249      249      6.33     2.14     0       
 249      249      7.33     11.8     0       
 2.86     0.246    77.6     77.6     77.6    
 249      249      5.35     0.4      100     
 3.12     0.717    8.11     0.147    100     
 249      249      7.93     11.2     0       
 249      249      7.87     10.4     0       
 3.06     0.174    7.45     9.08     100     
 249      249      7.34     12.9     0       
 3.07     0.0191   8.12     10.3     100     
 2.83     0.326    84       84       84      
 3.06     2.08     7.44     4.76     100     
 2.78     0.34     89.8     89.8     89.8    
 3        0.00702  8.24     10.1     100     
 3.06     0.173    7.45     9.09     100     
 2.99     0.466    7.7      2.08     100     
 249      249      6.65     8.04     0       
 2.8      0.316    99.3     99.3     99.3    
 3.05     0.214    7.42     20       100     
 3.07     0.0334   8.11     10.3     100     
 249      249      7.91     11.1     0       
 249      249      6.69     13.1     0       
 3.07     0.0691   8.08     9.62     100     
 3.01     0.555    7.58     10.2     100     
 3.09     1.08     7.71     0.644    100     
 249      249      7.52     2.52     0       
 2.86     0.245    79.5     79.5     79.5    
 2.97     0.246    8.22     10.1     100     
 249      249      7.93     11.2     0       
 2.78     0.34     89.8     89.8     89.8    
 2.87     0.0546   83.2     83.2     83.2    
 2.84     0.419    78.4     78.4     78.4    
 249      249      7.92     11       0       
 249      249      6.45     8.13     0       
 3.06     0.112    8.06     9.98     100     
 2.89     0.0583   76.7     76.7     76.7    
 249      249      7.9      11.2     0       
 2.85     0.171    89.2     89.2     89.2    
 249      249      6.37     2.12     0       
 3.06     0.174    7.45     9.05     100     
 249      249      7.78     10.7     0       
 3.05     1.34     5.8      6.34     100     
 249      249      7.82     10.8     0       
 249      249      8.13     5.13     0       
 249      249      6.49     4.65     0       
 3.07     0.0307   8.11     10.3     100     
 2.72     0.367    105      105      105     
 3.05     0.105    8.16     9.61     100     
 249      249      7.35     12.9     0       
 3.01     0.548    7.58     10.3     100     
 249      249      7.4      13.6     0       
 249      249      7.74     10.4     0       
 2.97     0.245    8.22     10.2     100     
 3.05     1.35     4.97     6.55     100     
 2.92     0.964    5.3      8.39     100     
 3.01     0.513    7.65     2.18     100     
 3.18     0.0376   8.32     9.6      100     
 2.84     0.418    78.4     78.4     78.4    
 249      249      7.51     12.6     0       
 249      249      7.79     11.1     0       
 249      249      7.48     12.5     0       
 3.07     0.069    8.08     9.78     100     
 249      249      7.17     12.2     0       
 249      249      7.87     11.5     0       
 249      249      7.58     0.109    100     
 2.84     0.121    89.5     89.5     89.5    
 2.83     0.319    84.1     84.1     84.1    
 3.06     0.203    7.42     9.13     100     
 249      249      7.93     10.2     0       
 3.18     0.0375   8.32     9.72     100     
 249      249      7.29     12.5     0       
 2.74     0.319    104      104      104     
 249      249      8.06     5.08     0       
 249      249      8.1      1.88     0       
 249      249      8.15     2.68     0       
 3.14     1.27     7.39     0.825    100     
 249      249      7.15     12.1     0       
 2.86     0.246    77.8     77.8     77.8    
 2.99     0.391    7.71     1.77     100     
 2.8      0.318    98.2     98.2     98.2    
 249      249      8.09     3.85     0       
 3.06     0.174    7.45     9.06     100     
 3.01     0.599    7.68     1.82     100     
 3.15     0.986    7.54     0.428    100     
 249      249      6.71     7.42     0       
 249      249      6.1      11.5     0       
 3.04     0.166    7.49     9.05     100     
 3.05     0.205    7.42     9.19     100     
 3.18     0.039    8.32     9.61     100     
 3.01     0.292    7.68     2.04     100     
 2.84     0.231    88.2     88.2     88.2    
 249      249      7.95     11.4     0       
 249      249      6.51     0.554    100     
 3.12     0.778    8.12     0.25     100     
 3.03     1.35     5.08     6.58     100     
 249      249      7.8      10.6     0       
 249      249      5.34     0.399    100     
 2.82     0.27     95.3     95.3     95.3    
 249      249      8.08     3.9      0       
 3.05     1.34     5.81     6.5      100     
 2.86     0.00497  92.2     92.2     92.2    
 249      249      7.8      12.2     0       
 249      249      7.91     10.4     0       
 3.09     1.09     7.7      0.657    100     
 2.8      0.311    97.5     97.5     97.5    
 2.86     0.242    79.3     79.3     79.3    
 2.83     0.326    84       84       84      
 3.05     0.106    8.16     9.76     100     
 3.05     0.914    5.56     8.85     100     
 3.06     2.08     7.44     4.76     100     
 3.05     0.16     7.46     9.02     100     
 2.78     0.34     89.8     89.8     89.8    
 3        0.00668  8.24     10.1     100     
 3.06     0.174    7.44     9.05     100     
 3.06     0.193    7.42     9.15     100     
 2.87     0.0561   83.2     83.2     83.2    
 3.01     0.405    7.68     2.37     100     
 3.04     1.4      4.63     6.18     100     
 2.84     0.0884   90.4     90.4     90.4    
 2.84     0.419    78.4     78.4     78.4    
 3.01     0.639    7.63     2.11     100     
 2.85     0.0859   90.3     90.3     90.3    
 249      249      6.08     11.5     0       
 3.1      3.88     7.79     0.115    100     
 249      249      7.85     10.7     0       
 249      249      7.95     11.4     0       
 3.07     0.0691   8.02     9.86     100     
 249      249      6.67     7.45     0       
 249      249      7.51     2.73     0       
 3.05     0.107    8.16     9.8      100     
 3.05     0.818    5.18     8.03     100     
 249      249      6.9      13.5     0       
 2.9      0.0922   75.1     75.1     75.1    
 2.83     0.319    84.2     84.2     84.2    
 3.06     0.21     7.62     8.93     100     
 3.09     1.07     7.71     0.638    100     
 2.85     0.0855   90.4     90.4     90.4    
 2.86     0.245    78.4     78.4     78.4    
 3.15     0.785    7.54     1.47     100     
 2.84     0.417    78.4     78.4     78.4    
 2.83     0.331    85.1     85.1     85.1    
 249      249      7.45     1.67     0       
 2.78     0.431    85.7     85.7     85.7    
 249      249      7.34     12.9     0       
 249      249      8.13     5.13     0       
 249      249      7.54     11.7     0       
 3.06     0.21     7.42     9.11     100     
 249      249      7.96     10.1     0       
 3.18     0.0376   8.32     9.64     100     
 2.7      0.321    105      105      105     
 3.13     1.27     7.37     0.911    100     
 3.05     1.35     5.47     6.47     100     
 3.04     0.166    7.49     9        100     
 249      249      7.49     2.68     0       
 3.14     1.27     7.38     0.833    100     
 2.86     0.242    79.7     79.7     79.7    
 2.84     0.0889   90.4     90.4     90.4    
 249      249      8.02     5.48     0       
 3.06     0.21     7.62     8.89     100     
 3.18     0.0334   8.32     9.6      100     
 2.97     0.245    7.71     10.3     100     
 249      249      8.21     5.33     0       
 249      249      7.95     11.4     0       
 2.86     0.245    78       78       78      
 249      249      7.85     12       0       
 3.07     0.0305   8.11     10.3     100     
 3.01     0.551    7.58     10.4     100     
 249      249      8.15     2.67     0       
 249      249      7.51     0.859    0       
 3.06     0.0326   8.13     10.3     100     
 249      249      8.06     5.08     0       
 3.1      3.88     7.79     0.281    100     
 249      249      7.51     2.83     0       
 3.05     1.35     5.25     6.53     100     
 2.84     0.233    88.2     88.2     88.2    
 249      249      6.5      0.549    100     
 2.87     0.0564   91.8     91.8     91.8    
 249      249      6.56     1.84     0       
 249      249      6.69     13.2     0       
 249      249      7.9      0.319    0       
 3.07     0.0688   8.08     9.76     100     
 2.72     0.367    105      105      105     
 3.04     1.4      5.25     6.35     100     
 249      249      7.34     12.8     0       
 249      249      6.5      5.61     0       
 249      249      7.85     12.1     0       
 3.08     0.0652   8.04     10       100     
 3.08     0.0206   8.11     10.3     100     
 2.93     0.665    7.79     20       100     
 3.05     0.919    5.5      8.88     100     
 3.06     0.186    7.42     20       100     
 3.11     3.75     7.78     0.342    100     
 2.78     0.34     89.8     89.8     89.8    
 249      249      8.13     5.13     0       
 3.13     1.27     7.37     0.979    100     
 2.86     0.245    79.5     79.5     79.5    
 249      249      7.78     12.3     0       
 249      249      8.21     5.34     0       
 2.97     0.243    8.22     10       100     
 249      249      7.73     10.4     0       
 3.06     0.174    7.45     9.11     100     
 3.09     0.776    8.14     0.085    100     
 2.97     0.234    8.22     10.2     100     
 2.97     0.246    8.22     10.1     100     
 3.06     0.174    7.45     9.09     100     
 249      249      6.08     11.5     0       
 3.05     1.35     5.64     6.48     100     
 2.89     0.0582   76.3     76.3     76.3    
 3.05     1.35     4.98     6.55     100     
 2.85     0.249    83.9     83.9     83.9    
 3.14     1.27     7.39     0.82     100     
 3.05     1.35     5.68     6.51     100     
 2.85     0.234    86       86       86      
 249      249      7.95     11       0       
 3.1      3.88     7.79     0.0537   100     
 3.05     1.35     5.07     6.53     100     
 249      249      6.5      5.61     0       
 3.06     0.0431   8.08     10       100     
 2.92     0.964    5.27     20       100     
 2.84     0.231    88.3     88.3     88.3    
 3.06     0.173    7.45     9.07     100     
 2.84     0.334    77.9     77.9     77.9    
 249      249      5.53     0.134    100     
 249      249      6.72     7.41     0       
 3.03     1.36     5        6.44     100     
 3.02     0.294    7.68     2.07     100     
 3.01     0.513    7.65     2.1      100     
 249      249      8.03     5.5      0       
 3.18     0.0375   8.32     9.59     100     
 3.01     0.342    7.68     2.24     100     
 3.05     1.34     5.81     6.57     100     
 3.05     1.35     5.19     6.53     100     
 3.11     3.75     7.78     0.347    100     
 249      249      7.71     0.0441   100     
 249      249      6.4      2.11     0       
 249      249      5.35     0.407    100     
 3.12     0.717    8.11     0.18     100     
 249      249      7.93     11.1     0       
 249      249      7.88     10.4     0       
 3.06     0.174    7.45     9.1      100     
 3.07     0.0191   8.12     10.3     100     
 2.83     0.326    84       84       84      
 3.06     2.08     7.44     4.76     100     
 2.78     0.34     89.8     89.8     89.8    
 3        0.00737  8.24     10.1     100     
 3.06     0.173    7.45     9.09     100     
 2.99     0.466    7.7      2.13     100     
 249      249      7.49     1.11     0       
 2.87     0.0514   83.2     83.2     83.2    
 3.01     0.411    7.68     2.3      100     
 3.04     1.4      4.7      6.25     100     
 3.01     0.639    7.63     1.95     100     
 1.5      20       174      174      174     
 3.16     0.118    8.42     9.36     100     
 2.84     0.353    77.5     77.5     77.5    
 2.86     0.271    76.6     76.6     76.6    
 1.68     20       151      151      151     
 2.85     0.355    75.6     75.6     75.6    
 3.01     0.658    7.52     20       100     
 2.83     0.326    79.8     79.8     79.8    
 249      249      6.43     10.4     0       
 249      249      7.96     10.9     0       
 2.83     0.277    85.3     85.3     85.3    
 249      249      6.46     8.12     0       
 3.11     0.779    7.79     0.552    100     
 1.64     2.35     170      170      170     
 3.06     0.112    8.06     9.76     100     
 2.85     0.0929   82.6     82.6     82.6    
 2.89     0.0583   76.7     76.7     76.7    
 249      249      8.02     5.47     0       
 3.06     0.148    7.45     9.14     100     
 2.84     0.418    78.4     78.4     78.4    
 3.12     0.809    8.11     0.0432   100     
 2.82     0.283    92.1     92.1     92.1    
 3.15     1.23     7.49     1.08     100     
 249      249      7.87     12.3     0       
 249      249      8.11     4.82     0       
 3.03     0.164    7.46     9.12     100     
 2.92     0.935    5.55     8.62     100     
 2.97     0.683    8.17     9.91     100     
 3.01     0.405    7.56     20       100     
 249      249      7.9      10.8     0       
 249      249      5.05     0.309    100     
 249      249      6.51     5.61     0       
 249      249      8.11     3.94     0       
 249      249      7.9      0.256    0       
 249      249      5.78     0.172    100     
 249      249      7.95     0.129    0       
 3.17     0.0107   8.35     9.99     100     
 3.05     0.809    5.55     8.04     100     
 3.07     0.0693   8.08     9.65     100     
 2.8      0.312    93.2     93.2     93.2    
 2.85     0.354    75.6     75.6     75.6    
 2.83     0.418    81.2     81.2     81.2    
 3.08     0.044    8.05     10.2     100     
 249      249      6.51     2.08     0       
 249      249      7.72     10.4     0       
 249      249      8.1      3.81     0       
 3.02     0.294    7.68     1.99     100     
 3.06     0.209    7.63     8.92     100     
 2.87     0.0484   83.4     83.4     83.4    
 249      249      6.71     0.587    100     
 249      249      7.93     11.2     0       
 249      249      6.42     0.224    100     
 249      249      8.07     5.04     0       
 249      249      7.72     11.9     0       
 249      249      8.38     10.3     0       
 2.85     0.0753   92.3     92.3     92.3    
 249      249      7.57     11.7     0       
 249      249      7.69     10.7     0       
 249      249      8.03     4.23     0       
 2.84     0.117    89.5     89.5     89.5    
 249      249      7.95     11.3     0       
 249      249      6.48     7.57     0       
 249      249      6.48     4.74     0       
 3        0.169    8.19     9.98     100     
 249      249      8.03     5.48     0       
 2.82     0.272    94.4     94.4     94.4    
 249      249      6.51     4.65     0       
 249      249      7.73     11.9     0       
 2.84     0.0887   90.4     90.4     90.4    
 249      249      8.03     5.08     0       
 3        0.00186  8.24     10.2     100     
 249      249      7.91     11.2     0       
 2.83     0.319    84.1     84.1     84.1    
 2.84     0.315    80.1     80.1     80.1    
 249      249      7.54     11.8     0       
 249      249      8.11     1.63     0       
 3.06     0.0426   8.08     9.9      100     
 249      249      7.29     12.6     0       
 249      249      8.06     5.08     0       
 249      249      8.1      1.88     0       
 249      249      8.15     2.69     0       
 249      249      7.89     11.3     0       
 249      249      7.14     12.2     0       
 2.86     0.246    77.8     77.8     77.8    
 2.99     0.396    7.71     1.77     100     
 2.8      0.318    98.2     98.2     98.2    
 249      249      8.09     3.85     0       
 2.78     0.34     89.8     89.8     89.8    
 2.85     0.234    85.9     85.9     85.9    
 3.06     0.174    7.45     9.09     100     
 3.01     0.599    7.68     1.8      100     
 3.15     0.986    7.54     0.442    100     
 249      249      6.71     7.42     0       
 249      249      7.68     12.2     0       
 249      249      6.11     11.5     0       
 3.04     0.166    7.49     9.05     100     
 3.18     0.039    8.32     9.77     100     
 2.84     0.231    88.1     88.1     88.1    
 249      249      7.74     11.8     0       
 249      249      8.03     4.25     0       
 3.03     1.35     5.06     6.53     100     
 249      249      7.78     10.6     0       
 3.14     1.27     7.39     0.832    100     
 249      249      5.38     0.413    100     
 2.82     0.268    94.7     94.7     94.7    
 3.06     0.0334   8.13     10.3     100     
 3.05     1.34     5.81     6.52     100     
 249      249      7.8      12.1     0       
 3.12     0.715    8.11     0.222    100     
 249      249      7.93     11.1     0       
 249      249      7.89     10.4     0       
 3.09     1.09     7.7      0.656    100     
 249      249      7.71     11.5     0       
 2.8      0.311    97.5     97.5     97.5    
 2.86     0.242    79.3     79.3     79.3    
 249      249      7.87     11.5     0       
 3.05     0.914    5.57     8.75     100     
 3.05     1.35     5.72     6.44     100     
 3.06     0.192    7.42     9.1      100     
 2.99     0.465    7.7      2.19     100     
 2.87     0.0552   83.2     83.2     83.2    
 3.01     0.41     7.68     2.4      100     
 3.04     1.4      4.74     6.22     100     
 2.84     0.0887   90.4     90.4     90.4    
 2.84     0.419    78.4     78.4     78.4    
 2.99     0.00193  8.19     10.3     100     
 3.01     0.639    7.63     1.89     100     
 249      249      7.79     10.5     0       
 249      249      8.12     4.81     0       
 2.85     0.0859   90.2     90.2     90.2    
 249      249      6.11     11.5     0       
 3.1      3.88     7.79     0.0298   100     
 249      249      7.84     10.7     0       
 249      249      7.51     12.6     0       
 3.08     0.0674   8.02     9.95     100     
 249      249      7.35     12.9     0       
 2.8      0.315    99.3     99.3     99.3    
 249      249      6.65     7.46     0       
 2.98     0.269    8.22     9.97     100     
 3.05     0.107    8.16     9.78     100     
 3.05     0.818    5.18     8.08     100     
 249      249      7.51     13.8     0       
 2.9      0.0862   75.1     75.1     75.1    
 2.83     0.319    84.2     84.2     84.2    
 3.06     0.21     7.62     8.93     100     
 2.85     0.0856   90.3     90.3     90.3    
 2.86     0.245    78.4     78.4     78.4    
 2.84     0.417    78.4     78.4     78.4    
 2.84     0.334    77.9     77.9     77.9    
 249      249      6.42     5.02     0       
 2.78     0.431    85.7     85.7     85.7    
 2.84     0.319    79.5     79.5     79.5    
 249      249      7.54     11.7     0       
 3.06     0.21     7.42     9.11     100     
 3.18     0.0376   8.32     9.71     100     
 2.74     0.32     104      104      104     
 249      249      8.06     4.86     0       
 3.05     1.35     5.48     6.44     100     
 3.01     0.345    7.45     8.76     100     
 249      249      6.48     0.589    100     
 3.14     1.27     7.38     0.833    100     
 2.86     0.242    79.7     79.7     79.7    
 249      249      6.65     1.31     0       
 3        0.566    7.56     10.4     100     
 2.84     0.0889   90.4     90.4     90.4    
 249      249      7.49     2.77     0       
 3.06     0.21     7.62     8.92     100     
 3.18     0.0334   8.32     9.76     100     
 3.07     0.0693   8.02     9.76     100     
 2.97     0.245    7.71     10.3     100     
 2.97     0.235    8.22     10.2     100     
 249      249      8.21     5.33     0       
 249      249      7.95     11.3     0       
 2.86     0.245    78       78       78      
 249      249      6.51     4.65     0       
 3.07     0.0302   8.11     10.3     100     
 3.01     0.55     7.58     10.3     100     
 2.97     0.232    8.22     10.1     100     
 249      249      8.15     2.67     0       
 3.04     1.4      5        6.2      100     
 3.06     0.0376   8.13     10.3     100     
 249      249      7.92     11.2     0       
 2.83     0.438    82.2     82.2     82.2    
 249      249      8.06     4.91     0       
 249      249      7.32     12.5     0       
 3.05     1.35     5.27     6.52     100     
 249      249      7.49     1.07     0       
 2.87     0.0567   91.8     91.8     91.8    
 249      249      6.56     1.84     0       
 249      249      6.69     13.1     0       
 3.07     0.0691   8.08     9.62     100     
 2.72     0.367    105      105      105     
 2.8      0.311    97.5     97.5     97.5    
 3.05     0.105    8.16     9.72     100     
 3.04     1.4      5.25     6.19     100     
 249      249      7.35     12.9     0       
 3.09     1.08     7.71     0.643    100     
 2.83     0.331    85.1     85.1     85.1    
 249      249      8.06     5.09     0       
 2.84     0.416    78.4     78.4     78.4    
 249      249      7.85     12.2     0       
 3.08     0.0652   8.04     9.92     100     
 249      249      7.33     11.8     0       
 3.08     0.02     8.11     10.2     100     
 2.93     0.665    7.79     20       100     
 249      249      8.09     3.85     0       
 3.05     0.919    5.5      8.89     100     
 2.78     0.34     89.8     89.8     89.8    
 249      249      7.5      13.8     0       
 3.06     0.21     7.62     8.95     100     
 3.01     0.546    7.58     10.2     100     
 2.86     0.245    79.5     79.5     79.5    
 2.87     0.0777   83.2     83.2     83.2    
 2.92     0.936    5.52     8.58     100     
 249      249      8.11     3.94     0       
 249      249      7.69     10.8     0       
 249      249      8.21     5.34     0       
 2.97     0.243    8.22     10       100     
 249      249      7.7      10.5     0       
 3.06     0.174    7.45     9.08     100     
 2.97     0.247    8.22     9.98     100     
 249      249      6        11.7     0       
 3.05     1.35     5.62     6.49     100     
 3.05     0.16     7.46     20       100     
 2.89     0.0582   76.3     76.3     76.3    
 2.83     0.419    81.2     81.2     81.2    
 3.05     1.35     4.98     6.56     100     
 249      249      7.3      12.6     0       
 249      249      5.54     0.114    100     
 249      249      7.29     12.5     0       
 249      249      8.06     5.11     0       
 3.14     1.27     7.39     0.82     100     
 3.05     1.35     5.68     6.51     100     
 249      249      7.67     12.1     0       
 249      249      8.09     3.85     0       
 2.85     0.234    86       86       86      
 249      249      7.95     11.3     0       
 249      249      7.96     11.1     0       
 249      249      7.74     10.7     0       
 3.1      3.88     7.79     0.0893   100     
 3.05     1.35     5.05     6.42     100     
 2.84     0.0892   90.4     90.4     90.4    
 249      249      6.51     5.61     0       
 3.01     0.511    7.65     2.08     100     
 2.87     0.0492   83.4     83.4     83.4    
 3.06     0.0431   8.08     9.88     100     
 2.84     0.231    88.3     88.3     88.3    
 249      249      7.93     11.1     0       
 3.12     0.805    8.1      0.0574   100     
 3.06     0.173    7.45     9.11     100     
 2.8      0.311    97.5     97.5     97.5    
 249      249      7.95     11.3     0       
 2.83     0.328    84       84       84      
 249      249      6.5      0.588    100     
 2.87     0.0848   83.2     83.2     83.2    
 249      249      8.21     5.34     0       
 249      249      5.59     0.0992   100     
 249      249      6.72     7.41     0       
 2.83     0.326    79.9     79.9     79.9    
 3.02     0.294    7.68     2.35     100     
 3.01     0.512    7.65     2.29     100     
 2.83     0.438    82.1     82.1     82.1    
 3.01     0.293    7.68     2.11     100     
 3.05     1.34     5.81     6.4      100     
 249      249      7.51     2.77     0       
 3.05     1.35     5.23     6.51     100     
 249      249      8.21     5.34     0       
 3.06     0.0339   8.13     10.3     100     
 2.83     0.277    85.2     85.2     85.2    
 3.06     0.149    7.45     9.13     100     
 3.07     0.0296   8.12     10.3     100     
 2.86     0.246    77.6     77.6     77.6    
 249      249      5.34     0.417    100     
 3.12     0.716    8.11     0.148    100     
 3.06     0.174    7.45     9.1      100     
 3.07     0.0193   8.12     10.3     100     
 2.83     0.326    84       84       84      
 2.78     0.34     89.8     89.8     89.8    
 3.06     0.173    7.45     9.08     100     
 2.99     0.467    7.7      2.07     100     
 249      249      6.7      8.01     0       
 2.8      0.316    99.3     99.3     99.3    
 3.05     0.216    7.42     20       100     
 3.07     0.0334   8.11     10.4     100     
 249      249      6.69     13.1     0       
 3.07     0.0691   8.08     9.62     100     
 3.09     1.08     7.71     0.644    100     
 2.97     0.246    8.22     10.1     100     
 249      249      7.93     11.1     0       
 2.78     0.34     89.8     89.8     89.8    
 2.87     0.0547   83.2     83.2     83.2    
 2.84     0.419    78.4     78.4     78.4    
 249      249      7.91     11       0       
 3.06     0.112    8.06     9.99     100     
 2.89     0.0583   76.7     76.7     76.7    
 2.85     0.171    89.2     89.2     89.2    
 249      249      6.44     2.09     0       
 3.06     0.174    7.45     9.05     100     
 3.08     0.0645   8.04     9.94     100     
 249      249      7.34     11.7     0       
 249      249      7.89     11.3     0       
 3.16     0.118    8.58     14.7     0       
 3.05     0.246    8.35     20       0       
 249      249      5.74     0.00755  100     
 3.05     1.41     4.63     6.26     100     
 2.97     0.000388 75.4     75.4     75.4    
 1.5      20       174      174      174     
mat_end
 --------------------------- 
