base_seed=1234 

 parameters for this run were: 
NaTa_t.soma.gNaTa_tbar 
Nap_Et2.soma.gNap_Et2bar 
K_Pst.soma.gK_Pstbar 
K_Tst.soma.gK_Tstbar 
SK_E2.soma.gSK_E2bar 
SKv3_1.soma.gSKv3_1bar 
Ca_HVA.soma.gCa_HVAbar 
Ca_LVAst.soma.gCa_LVAstbar 
CaDynamics_E2.soma.gamma 
CaDynamics_E2.soma.decay 
none.soma.g_pas 
none.axon.g_pas 
none.dend.g_pas 
none.apic.g_pas 
Im.apic.gImbar 
NaTa_t.apic.gNaTa_tbar 
SKv3_1.apic.gSKv3_1bar 
Ca_HVA.apic.gCa_HVAbar 
Ca_LVAst.apic.gCa_LVAstbar 
SK_E2.apic.gSK_E2bar 
CaDynamics_E2.apic.gamma 
CaDynamics_E2.apic.decay 

 at generation 498 error matrix was: 
1000 5
 1.8      2.46     4.71     0.0743   0       
 1.82     2.44     4.75     0.148    0       
 2.01     2.52     0.869    6.18     0       
 1.69     1.88     5.51     1.52     0       
 1.63     2.57     5.16     0.367    0       
 2.05     2.12     0.972    6.98     0       
 1.81     2.47     4.7      0.0218   0       
 2.32     2.7      2.28     0.167    0       
 1.69     2.76     4.48     0.174    0       
 1.72     2.6      3.11     1.8      0       
 2.01     2.8      0.942    3.02     0       
 1.71     1.99     5.36     0.885    0       
 1.75     2.33     4.91     0.0431   0       
 1.87     2.68     2.67     0.27     0       
 2.03     2.85     0.66     3.36     0       
 1.57     2.33     5.67     0.836    0       
 1.78     2.25     5.02     0.0731   0       
 1.69     2.76     3.42     0.254    0       
 1.98     2.64     1.08     3.4      0       
 1.99     2.55     0.922    5.56     0       
 1.72     2.08     5.16     0.555    0       
 2.15     2.88     2.11     0.594    0       
 1.65     2.74     4.66     0.301    0       
 1.72     1.81     5.34     0.502    0       
 1.63     2.82     5.05     0.0936   0       
 2.02     2.86     0.732    2.43     0       
 1.95     1.82     1.06     5.48     0       
 1.65     2.09     5.6      1.96     0       
 1.76     2.33     4.89     0.134    0       
 2.56     2.82     1.41     1.07     0       
 1.98     2.64     2.32     0.216    0       
 2.17     2.66     0.829    4.76     0       
 1.63     2.72     5.12     0.284    0       
 1.82     2.07     4.71     0.885    0       
 1.68     2.79     3.53     0.293    0       
 2        2.37     0.901    6.27     0       
 1.79     1.55     5.31     0.984    0       
 2.65     2.4      2.01     0.351    0       
 2.54     2.71     1.89     1.85     0       
 2.75     2.5      1.74     0.166    0       
 2.13     2.43     3.81     0.169    0       
 2.14     2.84     2.15     0.236    0       
 2.04     2.88     0.656    2.54     0       
 2.13     2.9      2.05     0.514    0       
 2.36     2.8      1.8      1.51     0       
 1.6      2.69     3.9      1.25     0       
 1.72     2.31     3.32     2.23     0       
 1.67     2.61     4.53     0.542    0       
 2.43     2.83     1.73     0.817    0       
 1.57     2.38     5.66     0.708    0       
 2.07     2.47     0.868    6.6      0       
 2.13     2.91     2.06     0.363    0       
 1.72     2.67     3.79     0.192    0       
 1.67     2.13     5.35     1.12     0       
 1.84     2.16     3.67     2.58     0       
 1.66     1.96     5.58     2.41     0       
 1.99     2.62     1.07     3.49     0       
 2.06     2.42     0.881    7.04     0       
 2.09     2.86     1.17     2.15     0       
 2.56     2.6      2.08     0.0728   0       
 1.81     2.36     2.95     5.11     0       
 1.63     2.71     4.85     0.216    0       
 1.79     2.26     4.99     0.196    0       
 1.6      2.55     5.21     0.375    0       
 1.71     1.94     5.37     1.23     0       
 1.62     2.83     5.02     0.225    0       
 2.05     2.81     0.877    2.94     0       
 1.8      1.55     4.5      3.83     0       
 2.78     2.75     1.63     2.01     0       
 2.26     2.87     1.84     0.352    0       
 1.61     2.69     4.67     1.01     0       
 1.86     2.68     2.41     0.62     0       
 2.08     2.23     0.904    6.78     0       
 1.71     2.01     5.33     1.1      0       
 2.02     2.35     0.907    6.37     0       
 2.05     2.89     0.846    2.16     0       
 1.81     1.86     4.63     1.57     0       
 1.93     2.42     4.27     0.11     0       
 2        1.98     1.01     6.41     0       
 2.08     2.65     0.987    4.95     0       
 2.66     2.16     2.25     3.04     0       
 1.99     2.34     0.948    5.78     0       
 1.97     2.14     0.99     6.13     0       
 2.01     2.68     0.806    6.49     0       
 2.05     2.55     0.977    5.41     0       
 2.07     2.52     0.837    6.67     0       
 2.28     2.87     1.77     1.34     0       
 1.84     1.38     5.14     1.49     0       
 2.14     2.14     1.01     5.87     0       
 2.03     2.73     0.856    5.63     0       
 1.62     2.59     5.27     0.252    0       
 1.76     1.73     4.92     0.506    0       
 2.07     2.65     0.812    6.52     0       
 1.68     2.5      4.86     0.256    0       
 2.04     2.87     0.623    2.58     0       
 1.73     1.85     5.31     0.64     0       
 2.09     1.77     1.12     6.48     0       
 1.66     2.56     4.48     0.857    0       
 2.54     2.71     1.91     1.23     0       
 1.71     2.02     5.26     0.55     0       
 1.59     2.79     4        2.24     0       
 1.75     1.72     4.9      1.51     0       
 2.05     2.45     0.997    5.52     0       
 2.65     2.4      2.01     0.125    0       
 1.99     2.21     0.96     5.92     0       
 1.76     2.25     4.89     0.35     0       
 2.06     2.61     0.873    5.76     0       
 2.05     2.69     0.826    5.47     0       
 2.05     2.86     0.659    2.52     0       
 1.66     2.66     3.5      1.27     0       
 1.77     1.47     4.17     4.5      0       
 2.18     2.59     1.01     4.94     0       
 2.33     2.31     2.12     1.66     0       
 1.63     2.54     4.54     0.856    0       
 1.7      2.72     3.83     0.0879   0       
 1.75     1.71     4.68     3.68     0       
 1.99     2.55     1.12     3.62     0       
 1.99     2.38     0.906    6.24     0       
 2.62     2.37     2.33     0.0957   0       
 2.67     2.41     1.72     1.31     0       
 1.82     2.15     2.36     5.84     0       
 2.55     2.64     1.87     1.99     0       
 2.04     2.7      0.788    6.27     0       
 1.58     2.81     3.65     1.84     0       
 1.72     1.82     5.53     0.641    0       
 2.04     2.53     0.945    5.52     0       
 1.75     2.35     4.89     0.198    0       
 2.09     2.47     3.68     0.0771   0       
 2.01     2.57     2.26     0.682    0       
 1.65     2.7      4.84     0.317    0       
 2        2.56     0.84     7.2      0       
 2.01     2.28     2.43     4.48     0       
 2.19     1.28     5.4      2.56     0       
 1.76     2.33     4.9      0.134    0       
 1.75     2.45     4.68     0.276    0       
 2.05     2.64     0.841    5.84     0       
 1.65     2.76     4.63     0.299    0       
 2.14     2.61     0.835    5.07     0       
 2.01     2.53     0.894    6.1      0       
 1.67     2.86     4.12     0.169    0       
 1.75     2.31     4.41     0.439    0       
 2.02     2.76     0.914    5.32     0       
 2.06     2.12     0.973    6.97     0       
 1.58     2.8      4        2.3      0       
 2.03     2.73     0.902    5.33     0       
 1.73     2.46     3.1      5.08     0       
 2.01     2.89     1.24     2.17     0       
 2.04     2.86     0.671    2.56     0       
 1.61     2.57     5.36     0.258    0       
 1.94     2.59     2.2      0.633    0       
 1.71     2.76     3.62     0.0496   0       
 2.01     2.22     0.937    6.82     0       
 2.01     2.65     0.859    5.81     0       
 1.67     2.33     4.46     2.48     0       
 2.13     2.78     1.92     1.72     0       
 2.09     2.73     0.936    4.3      0       
 1.65     2.42     5.36     0.127    0       
 1.99     2.28     0.969    5.74     0       
 1.58     2.63     4.17     1.36     0       
 1.71     2.13     5        0.569    0       
 1.91     2.56     2.16     1.19     0       
 1.75     2.73     2.75     0.609    0       
 2.07     2.43     0.887    6.46     0       
 2.16     2.45     0.927    5.33     0       
 1.75     2.66     3.34     0.374    0       
 1.67     2.33     4.96     0.52     0       
 1.57     2.42     5.34     0.617    0       
 1.7      2.18     4.94     0.908    0       
 2.07     2.48     0.874    6.31     0       
 2.06     2.53     0.821    7.39     0       
 2.74     2.35     1.7      0.939    0       
 1.77     2.49     2.8      0.451    0       
 1.69     2.2      5.26     0.779    0       
 1.65     2.17     4.94     3.55     0       
 2.06     2.55     0.872    6.04     0       
 1.97     2.58     2.17     0.856    0       
 1.79     1.87     5.38     0.021    0       
 1.64     2.63     5.24     0.06     0       
 1.8      2.06     4.79     0.25     0       
 1.77     2.09     5.31     0.0359   0       
 1.81     2.36     2.93     5.13     0       
 2.3      2.38     2.79     1.17     0       
 1.65     2.44     4.96     0.409    0       
 2.53     2.71     1.91     1.54     0       
 1.7      2.69     4.8      0.256    0       
 1.69     2.86     3.02     1.39     0       
 1.92     2.66     2.7      0.273    0       
 2.16     2.39     0.954    5.59     0       
 2        2.31     0.937    6.28     0       
 2.16     2.83     1.97     1.23     0       
 1.8      2.47     4.68     0.259    0       
 2.14     2.85     1.08     2.43     0       
 2.08     2.75     0.917    4.45     0       
 2.13     2.91     2.05     0.367    0       
 1.7      2.28     3.48     1.37     0       
 1.74     2.25     4.25     0.743    0       
 2.17     2.64     0.869    4.93     0       
 1.87     2.67     2.46     0.396    0       
 1.62     2.29     5.28     0.577    0       
 2.01     2.8      0.832    4.52     0       
 1.7      1.98     5.36     1.03     0       
 2.01     2.59     0.87     5.99     0       
 2.07     2.64     0.843    5.68     0       
 1.94     2.59     2.25     0.661    0       
 1.99     2.34     0.925    5.92     0       
 2.29     2.44     2.42     1.03     0       
 1.75     1.76     4.98     0.752    0       
 2.03     2.56     0.841    6.21     0       
 2.03     2.65     0.871    5.8      0       
 2.03     2.2      0.928    6.86     0       
 1.73     1.92     5.32     0.336    0       
 2.18     2.31     0.943    5.77     0       
 2.03     2.69     0.796    6.28     0       
 2.06     2.45     4        0.12     0       
 1.91     2.46     2.27     1.23     0       
 2.17     2.4      0.958    5.46     0       
 1.98     2.62     2.16     0.767    0       
 1.64     2.54     5.14     0.378    0       
 1.81     2.36     3.04     4.94     0       
 2.31     2.34     2.07     2.12     0       
 2.33     2.32     2.37     0.883    0       
 2.31     2.41     1.96     1        0       
 1.75     2.3      4.4      0.44     0       
 2.06     2.51     1.95     2.09     0       
 1.64     2.71     5.04     0.181    0       
 1.69     2.43     4.8      0.637    0       
 2.01     2.55     2.27     0.619    0       
 1.64     2.36     4.77     1.27     0       
 2.74     2.37     1.66     0.666    0       
 1.77     2.48     2.98     0.486    0       
 1.68     2.25     5.54     0.0785   0       
 1.82     2.07     4.74     1.02     0       
 2        1.98     1.01     6.44     0       
 2.12     2.91     2.06     0.399    0       
 1.66     2.15     4.98     3.78     0       
 2.17     2.44     0.929    5.49     0       
 2.07     2.56     0.828    6.2      0       
 2.08     2.01     0.985    6.21     0       
 2.07     2.55     0.843    6.18     0       
 2.04     2.82     0.694    3.45     0       
 1.61     2.7      4.24     1.09     0       
 2.32     2.34     2.14     1.71     0       
 1.81     2.36     2.91     5.21     0       
 2.74     2.45     1.7      0.287    0       
 2        2.26     0.943    6.36     0       
 2.21     2.49     2.05     2.83     0       
 1.76     2.15     4.14     1.15     0       
 1.79     1.86     3.55     3.03     0       
 1.75     2.42     4.72     0.209    0       
 1.7      2.74     3.79     0.198    0       
 1.96     2.15     0.987    6.07     0       
 1.69     2.33     3.5      0.761    0       
 2.07     2.58     0.87     5.88     0       
 1.76     1.58     4.61     3.84     0       
 1.64     2.33     4.97     0.772    0       
 1.8      2.25     4.13     0.755    0       
 1.75     2.31     4.31     0.458    0       
 2.12     2.91     2.06     0.399    0       
 2.04     2.52     0.941    5.57     0       
 1.72     2.15     4.81     1.65     0       
 2        2.51     0.857    6.91     0       
 2.07     2.48     0.871    6.29     0       
 1.65     2.17     4.93     3.75     0       
 1.68     2.86     3.02     1.39     0       
 2.13     2.9      2.02     0.418    0       
 2.09     2.61     0.838    5.06     0       
 1.75     2.32     4.4      0.429    0       
 1.77     2.49     2.81     0.463    0       
 1.62     2.52     5.27     0.163    0       
 1.8      2.47     4.68     0.235    0       
 1.73     2.21     4.25     1.04     0       
 2.19     2.43     2.13     1.06     0       
 2.12     2.09     0.976    7.02     0       
 1.58     2.33     5.67     0.837    0       
 2        2.8      1        3.11     0       
 2.62     2.68     1.75     1.02     0       
 1.83     2.36     2.49     3.09     0       
 2.42     2.8      1.61     0.96     0       
 2.1      2.62     0.849    5.01     0       
 1.79     1.56     5.08     0.134    0       
 1.64     2.75     4.68     0.614    0       
 1.68     2.2      5.24     0.84     0       
 2.19     2.33     0.933    5.74     0       
 2.03     2.69     0.789    6.3      0       
 1.83     1.56     4.93     1.31     0       
 1.99     2.52     1.13     3.67     0       
 2.06     2.14     0.932    6.13     0       
 1.99     2.33     0.932    5.94     0       
 1.66     2.42     5.22     0.491    0       
 1.7      2.18     4.94     0.947    0       
 2.1      2.46     3.74     0.0948   0       
 1.59     2.36     5.42     0.702    0       
 1.76     2.13     5.18     0.0509   0       
 2        2.56     0.842    7.2      0       
 1.58     2.8      4.08     2.13     0       
 2.09     2.54     0.876    6.06     0       
 1.67     2.87     3.09     1.33     0       
 1.67     2        5.47     1.09     0       
 1.75     2.32     4.29     0.596    0       
 1.73     2.24     3.86     0.991    0       
 2.55     2.62     1.87     2.07     0       
 2        2.22     0.938    6.79     0       
 1.73     1.79     5.31     0.481    0       
 1.67     2.87     3.15     1.25     0       
 2        2.64     0.893    5.75     0       
 2.04     2.86     0.616    2.63     0       
 1.88     2.71     2.37     0.0987   0       
 2.02     2.89     1.27     2.16     0       
 2        2.31     0.933    6.29     0       
 2.01     2.86     0.655    2.66     0       
 1.75     1.83     4.88     0.786    0       
 2.54     2.69     1.89     1.96     0       
 1.68     2.86     2.93     1.52     0       
 1.64     2.57     3.74     0.867    0       
 1.65     2.24     5.11     1.86     0       
 2.02     2.9      0.926    2.16     0       
 1.75     2.73     2.54     0.773    0       
 1.59     2.81     3.44     1.76     0       
 2.07     2.13     0.94     6.15     0       
 1.67     2.72     4.72     0.342    0       
 2.03     2.72     0.864    5.63     0       
 1.64     2.69     3.91     1.24     0       
 2.1      1.85     1.05     6.89     0       
 2.19     2.79     0.902    4.56     0       
 1.85     2.65     3.25     0.418    0       
 2.03     2.72     0.86     5.61     0       
 2.01     2.54     0.889    6.01     0       
 1.98     2.34     0.925    5.91     0       
 1.76     2.11     5.23     0.171    0       
 2.03     2.2      0.929    6.87     0       
 1.7      2.26     4.95     0.736    0       
 2.06     2.51     1.94     2.17     0       
 2.3      2.41     2.02     0.97     0       
 1.8      2.25     4.13     0.758    0       
 2.12     2.62     0.844    5.02     0       
 2.03     2.71     0.811    6.18     0       
 1.78     1.44     4.27     4.52     0       
 1.7      2.72     3.88     0.148    0       
 1.78     2.24     5.08     0.0506   0       
 1.98     2.65     1.1      3.38     0       
 1.63     2.82     5.08     0.129    0       
 1.72     1.89     5.34     1.26     0       
 1.72     1.55     4.56     4.61     0       
 1.68     1.91     5.45     1.37     0       
 1.63     2.72     5.05     0.23     0       
 2.06     2.42     0.887    7.04     0       
 1.8      2.24     4.21     0.752    0       
 2.26     2.87     1.84     0.342    0       
 2.01     2.8      0.847    4.27     0       
 2.31     2.34     2.15     1.57     0       
 1.86     2.7      2.55     0.115    0       
 2.74     2.46     1.69     0.278    0       
 1.82     2.66     2.69     0.327    0       
 1.81     2.46     4.69     0.0686   0       
 2.36     2.8      1.88     1.48     0       
 1.77     2.5      2.83     0.449    0       
 1.79     2.06     4.82     0.481    0       
 2.29     2.44     2.42     1.02     0       
 2.08     2.56     0.861    6.07     0       
 1.99     2.28     0.938    6.32     0       
 2.51     2.77     1.63     0.663    0       
 2.13     2.27     1.47     5.12     0       
 1.68     2.21     5.21     0.96     0       
 1.67     2.4      5.23     0.0432   0       
 2.04     2.86     0.613    2.63     0       
 1.63     2.52     4.51     2.68     0       
 2.78     2.75     1.63     1.72     0       
 2.67     2.41     1.71     0.669    0       
 1.76     2.72     2.53     1.1      0       
 1.75     2.17     4.93     0.509    0       
 2.31     2.35     2.04     1.96     0       
 1.69     2.87     3.05     1.36     0       
 1.68     2.19     5.27     0.972    0       
 2.07     2.13     0.932    6.17     0       
 1.73     2.05     4.89     1.54     0       
 2.27     2.87     1.76     1.1      0       
 1.8      2.46     4.74     0.0702   0       
 2.54     2.71     1.89     1.87     0       
 1.72     1.54     4.71     4.55     0       
 2.05     2.9      1.04     2.06     0       
 1.58     2.81     3.64     1.83     0       
 2.54     2.69     1.9      2        0       
 1.69     1.91     5.49     1.58     0       
 1.87     2.66     2.46     0.82     0       
 1.77     2.12     5.18     0.0881   0       
 1.68     2.22     5.06     1.34     0       
 1.98     2.37     0.932    5.83     0       
 2.26     2.86     1.83     0.383    0       
 2.03     2.72     0.863    5.62     0       
 1.86     2.68     2.7      0.305    0       
 1.98     2.63     1.08     3.42     0       
 2.02     2.76     0.917    5.27     0       
 1.58     2.8      4.01     2.05     0       
 1.67     2.34     4.92     0.834    0       
 2        2.31     0.933    6.28     0       
 2.08     2.75     0.987    4.46     0       
 1.77     2.49     2.82     0.481    0       
 2        2.8      0.902    3.1      0       
 2.17     2.33     0.942    5.72     0       
 1.68     2.87     3.15     1.26     0       
 2        2.64     0.903    5.7      0       
 1.8      2.26     4.12     0.614    0       
 1.98     2.65     1.12     3.36     0       
 1.73     1.86     5.5      0.0837   0       
 1.7      1.99     5.34     1.22     0       
 1.65     2.74     4.58     0.459    0       
 1.73     2.3      3.32     2.15     0       
 1.72     2.67     3.72     0.156    0       
 2        2.22     0.939    6.69     0       
 2.01     2.89     1.35     2.16     0       
 1.81     2.36     3.1      4.93     0       
 2.12     2.6      0.857    5.05     0       
 1.99     2.34     0.925    5.93     0       
 1.69     2.25     5.52     0.0664   0       
 1.61     2.7      4.3      1.08     0       
 2.12     2.91     2.07     0.401    0       
 2.51     2.77     1.63     0.661    0       
 1.67     2.86     3.04     1.39     0       
 2.55     2.64     1.86     2.01     0       
 2.15     2.46     0.923    5.3      0       
 1.67     2.33     4.94     0.763    0       
 1.71     2.18     4.92     0.616    0       
 2.03     2.56     0.837    6.21     0       
 2.03     2.65     0.882    5.71     0       
 1.75     2.3      4.41     0.646    0       
 1.59     2.54     4.57     1.19     0       
 2.21     2.49     2.05     2.94     0       
 1.76     2.15     4.12     1.15     0       
 2        1.99     1        6.41     0       
 2.67     2.41     1.72     1.22     0       
 1.94     2.59     2.24     0.611    0       
 1.65     2.17     4.88     3.47     0       
 2.03     2.19     0.937    6.87     0       
 1.98     2.63     2.18     0.532    0       
 2.16     2.44     0.931    5.5      0       
 1.8      1.86     3.61     3.19     0       
 1.8      2.25     4.12     0.752    0       
 2.51     2.77     1.63     0.665    0       
 1.73     1.78     5.32     0.486    0       
 2.08     2.86     0.621    2.63     0       
 2.13     2.27     1.39     5.1      0       
 1.63     2.52     4.43     2.61     0       
 1.67     2.33     4.44     2.83     0       
 1.65     2.45     4.97     0.407    0       
 2.06     2.51     1.95     2.27     0       
 1.8      2.25     4.11     0.759    0       
 1.75     2.32     4.17     0.562    0       
 1.57     2.39     5.68     0.716    0       
 1.99     2.55     1.21     3.62     0       
 2.02     2.76     0.916    5.31     0       
 1.65     2.42     5.36     0.183    0       
 2.13     2.6      0.853    5.05     0       
 1.75     1.76     4.98     0.701    0       
 2.03     2.56     0.842    6.21     0       
 2.06     2.5      1.97     1.91     0       
 1.69     2.43     4.84     0.638    0       
 2.74     2.36     1.66     1.07     0       
 1.76     2.15     4.11     1.15     0       
 1.58     2.8      4.06     2.05     0       
 1.71     2.21     4.75     2.58     0       
 2.66     2.16     2.24     3.01     0       
 1.65     2.7      4.87     0.208    0       
 2.17     2.64     0.869    4.92     0       
 2        1.97     1.01     6.43     0       
 1.96     2.15     0.987    6.07     0       
 1.76     1.58     4.62     4        0       
 2.04     2.53     0.941    5.55     0       
 1.77     2.49     2.83     0.465    0       
 1.62     2.52     5.3      0.194    0       
 1.58     2.33     5.7      0.836    0       
 2.02     2.9      0.923    2.16     0       
 2.1      1.85     1.05     6.88     0       
 1.76     2.11     5.23     0.171    0       
 1.82     2.44     4.73     0.144    0       
 1.81     2.47     4.7      0.082    0       
 2.15     2.88     2.11     0.595    0       
 2.17     2.66     0.839    4.75     0       
 2.14     2.84     2.14     0.184    0       
 1.72     2.31     3.33     2.03     0       
 1.66     1.96     5.59     2.61     0       
 1.99     2.62     1.07     3.48     0       
 2.56     2.6      2.07     0.12     0       
 2.05     2.69     0.882    5.54     0       
 1.72     1.82     5.53     0.442    0       
 1.58     2.63     4.2      1.36     0       
 2.17     2.64     0.868    4.93     0       
 2.12     2.91     2.06     0.399    0       
 1.72     2.15     4.83     1.65     0       
 1.68     2.86     3.02     1.39     0       
 2.13     2.9      2.02     0.419    0       
 1.99     2.52     1.15     3.67     0       
 2.13     2.78     1.92     1.71     0       
 1.67     2.33     4.9      0.555    0       
 1.57     2.42     5.35     0.617    0       
 2.01     2.59     0.871    5.99     0       
 1.81     2.36     2.78     5.24     0       
 2.32     2.34     2.16     1.97     0       
 1.79     1.86     3.59     2.82     0       
 1.64     2.33     4.96     1.06     0       
 2.19     2.43     2.13     1.16     0       
 1.68     2.21     5.22     1.18     0       
 1.99     2.33     0.936    5.94     0       
 1.75     1.83     4.9      0.94     0       
 1.76     2.11     5.23     0.155    0       
 2.3      2.41     2.02     0.968    0       
 1.63     2.82     5.04     0.122    0       
 1.72     1.55     4.51     4.71     0       
 1.8      2.24     4.18     0.741    0       
 1.69     1.88     5.52     1.73     0       
 1.76     2.33     4.89     0.141    0       
 2.17     2.66     0.843    4.76     0       
 1.68     2.5      4.83     0.258    0       
 2.62     2.37     2.31     0.18     0       
 1.65     2.7      4.87     0.212    0       
 2.07     2.64     0.848    5.73     0       
 1.58     2.8      4.05     2.12     0       
 1.73     2.46     3.11     5.07     0       
 2.01     2.89     1.25     2.17     0       
 2.04     2.86     0.672    2.56     0       
 1.61     2.57     5.39     0.286    0       
 2.01     2.21     0.934    6.82     0       
 2.01     2.65     0.859    5.8      0       
 1.66     2.33     4.44     2.61     0       
 2.13     2.78     1.92     1.72     0       
 2.09     2.73     0.94     4.3      0       
 1.59     2.62     4.23     1.35     0       
 1.71     2.13     4.99     0.708    0       
 1.91     2.56     2.16     1.19     0       
 2.07     2.43     0.889    6.46     0       
 2.16     2.45     0.926    5.43     0       
 1.57     2.42     5.34     0.619    0       
 1.7      2.18     4.95     0.908    0       
 2.07     2.48     0.877    6.3      0       
 2.06     2.53     0.818    7.37     0       
 2.74     2.35     1.7      1.24     0       
 1.77     2.49     2.82     0.451    0       
 1.69     2.2      5.22     1.16     0       
 2.06     2.55     0.872    6.04     0       
 1.97     2.58     2.18     1.07     0       
 1.79     1.87     5.38     0.016    0       
 1.8      2.06     4.79     0.25     0       
 1.77     2.09     5.31     0.274    0       
 2.3      2.38     2.8      1.17     0       
 1.65     2.44     4.96     0.407    0       
 2.53     2.71     1.91     1.39     0       
 1.69     2.86     3.02     1.39     0       
 1.92     2.66     2.68     0.501    0       
 2.16     2.39     0.951    5.58     0       
 2        2.31     0.935    6.26     0       
 1.8      2.47     4.68     0.258    0       
 2.14     2.85     1.07     2.76     0       
 2.08     2.75     0.915    4.45     0       
 2.13     2.91     2.05     0.367    0       
 1.7      2.28     3.59     1.09     0       
 1.74     2.25     4.26     0.741    0       
 2.17     2.64     0.869    4.93     0       
 1.87     2.67     2.49     0.329    0       
 2.01     2.8      0.835    4.54     0       
 2.01     2.59     0.868    5.99     0       
 2.07     2.64     0.845    5.68     0       
 1.94     2.59     2.31     0.924    0       
 1.99     2.34     0.924    5.92     0       
 2.29     2.44     2.14     1.03     0       
 1.75     1.76     4.98     0.587    0       
 2.03     2.65     0.874    5.79     0       
 2.03     2.2      0.929    6.85     0       
 2.18     2.31     0.949    5.77     0       
 2.03     2.69     0.795    6.28     0       
 2.06     2.45     4.01     0.0749   0       
 1.91     2.46     2.28     1.23     0       
 2.17     2.4      0.953    5.55     0       
 1.98     2.63     2.18     0.685    0       
 1.64     2.54     5.15     0.379    0       
 1.81     2.36     3.03     4.92     0       
 2.31     2.34     2.07     2.13     0       
 2.31     2.41     1.97     0.999    0       
 1.69     2.43     4.86     0.635    0       
 2.01     2.55     2.27     0.84     0       
 2.74     2.37     1.66     0.787    0       
 1.68     2.25     5.55     0.0759   0       
 1.82     2.07     4.74     0.698    0       
 2.12     2.91     2.06     0.395    0       
 1.66     2.16     4.96     3.82     0       
 2.15     2.44     0.937    5.49     0       
 2.07     2.57     0.827    6.2      0       
 2.08     2.01     0.982    6.21     0       
 2.07     2.55     0.842    6.18     0       
 2.04     2.82     0.697    3.45     0       
 1.61     2.7      4.24     1.09     0       
 2.31     2.34     2.13     1.79     0       
 1.81     2.36     2.93     4.97     0       
 2.74     2.45     1.7      0.456    0       
 2        2.26     0.944    6.36     0       
 2.21     2.49     2.05     2.86     0       
 1.76     2.15     4.15     1.15     0       
 1.79     1.86     3.57     2.82     0       
 1.7      2.74     3.79     0.199    0       
 1.96     2.15     0.984    6.07     0       
 1.69     2.33     3.39     0.745    0       
 2.06     2.58     0.873    5.87     0       
 1.76     1.58     4.57     3.86     0       
 1.64     2.33     4.99     0.916    0       
 1.8      2.25     4.11     0.751    0       
 2.12     2.91     2.06     0.398    0       
 2.04     2.52     0.941    5.56     0       
 1.72     2.15     4.81     1.65     0       
 2        2.51     0.857    6.98     0       
 2.07     2.48     0.888    6.29     0       
 1.65     2.17     4.94     3.52     0       
 1.74     2.11     5.25     0.116    0       
 1.68     2.86     3.03     1.39     0       
 2.13     2.9      2.02     0.42     0       
 1.75     2.32     4.4      0.425    0       
 1.77     2.49     2.81     0.462    0       
 1.62     2.51     5.31     0.23     0       
 1.73     2.21     4.27     1.03     0       
 1.58     2.33     5.7      0.838    0       
 2        2.8      1.02     3.15     0       
 2.62     2.68     1.75     1.33     0       
 1.83     2.36     2.49     3.39     0       
 2.42     2.8      1.61     0.958    0       
 2.1      2.62     0.849    5.01     0       
 1.79     1.55     5.11     0.0796   0       
 1.64     2.75     4.67     0.452    0       
 1.68     2.2      5.25     1.09     0       
 2.19     2.33     0.944    5.74     0       
 2.03     2.69     0.791    6.3      0       
 1.83     1.57     4.95     1.31     0       
 1.99     2.52     1.13     3.67     0       
 2.06     2.14     0.94     6.13     0       
 1.99     2.33     0.938    5.94     0       
 1.66     2.42     5.19     0.191    0       
 1.7      2.18     4.94     0.947    0       
 2.1      2.46     3.73     0.392    0       
 1.59     2.36     5.4      0.824    0       
 1.76     2.13     5.16     0.0871   0       
 2        2.56     0.844    7.19     0       
 1.58     2.8      4.08     2.09     0       
 2.09     2.54     0.871    6.12     0       
 1.67     2        5.47     1.09     0       
 1.73     2.24     3.82     0.965    0       
 2.55     2.62     1.87     2.13     0       
 2        2.22     0.942    6.78     0       
 1.73     1.79     5.28     0.5      0       
 1.67     2.87     3.15     1.25     0       
 2        2.64     0.889    5.75     0       
 2.04     2.86     0.615    2.63     0       
 1.88     2.72     2.38     0.335    0       
 2        2.31     0.931    6.28     0       
 2.01     2.86     0.652    2.65     0       
 2.54     2.69     1.89     1.74     0       
 1.68     2.86     2.95     1.52     0       
 1.64     2.57     3.69     0.869    0       
 1.65     2.24     5.13     1.93     0       
 1.75     2.73     2.54     1.02     0       
 1.59     2.81     3.47     1.88     0       
 1.67     2.72     4.76     0.341    0       
 2.03     2.72     0.864    5.62     0       
 1.64     2.69     3.9      1.29     0       
 2.1      1.84     1.05     6.89     0       
 2.19     2.79     0.908    4.56     0       
 1.85     2.65     3.26     0.37     0       
 2.03     2.72     0.864    5.61     0       
 2.01     2.54     0.895    6.01     0       
 1.98     2.34     0.929    5.9      0       
 2.03     2.2      0.931    6.87     0       
 1.7      2.26     4.95     0.734    0       
 2.3      2.41     2.03     0.965    0       
 1.8      2.25     4.14     0.758    0       
 2.03     2.71     0.821    6.18     0       
 1.78     1.45     4.26     4.4      0       
 1.7      2.72     3.88     0.104    0       
 1.78     2.24     5.07     0.105    0       
 1.98     2.65     1.1      3.37     0       
 1.63     2.82     5.04     0.246    0       
 1.72     1.89     5.35     1.54     0       
 1.72     1.55     4.52     5        0       
 1.68     1.91     5.46     1.7      0       
 1.63     2.72     5.05     0.277    0       
 2.06     2.42     0.886    7.04     0       
 1.8      2.25     4.25     0.739    0       
 2.26     2.87     1.84     0.34     0       
 2.31     2.34     2.15     1.56     0       
 1.86     2.7      2.56     0.139    0       
 2.74     2.46     1.68     0.37     0       
 2.29     2.44     2.38     1.02     0       
 2.08     2.56     0.857    6.07     0       
 1.99     2.28     0.938    6.32     0       
 2.51     2.77     1.63     0.66     0       
 2.13     2.27     1.46     5.12     0       
 1.67     2.41     5.21     0.278    0       
 2.04     2.86     0.613    2.64     0       
 1.63     2.52     4.5      2.72     0       
 2.67     2.41     1.72     0.947    0       
 1.76     2.72     2.53     0.836    0       
 2.31     2.35     2.04     2        0       
 1.69     2.87     3.05     1.36     0       
 1.68     2.19     5.27     1.04     0       
 1.73     2.06     4.89     1.54     0       
 2.54     2.71     1.89     1.91     0       
 1.72     1.54     4.75     4.61     0       
 2.05     2.9      1.06     2.06     0       
 1.73     2.18     5.19     0.121    0       
 1.8      2.46     4.75     0.111    0       
 1.82     2.44     4.73     0.161    0       
 2.01     2.52     0.872    6.17     0       
 1.69     1.88     5.54     1.19     0       
 2.05     2.12     0.977    6.97     0       
 2.32     2.71     2.28     0.356    0       
 1.69     2.76     4.48     0.264    0       
 1.72     2.6      3.11     2.22     0       
 2.01     2.8      0.94     3.02     0       
 1.75     2.33     4.91     0.0969   0       
 1.87     2.68     2.68     0.315    0       
 2.03     2.85     0.663    3.35     0       
 1.57     2.33     5.69     1        0       
 1.69     2.76     3.42     0.255    0       
 1.98     2.64     1.07     3.4      0       
 1.99     2.55     0.925    5.56     0       
 1.72     2.08     5.14     0.545    0       
 2.15     2.88     2.11     0.593    0       
 1.72     1.81     5.34     0.502    0       
 1.63     2.82     5.05     0.0926   0       
 2.02     2.86     0.732    2.43     0       
 1.65     2.09     5.6      2.01     0       
 1.76     2.33     4.93     0.192    0       
 1.97     2.64     2.34     0.34     0       
 2.17     2.66     0.832    4.76     0       
 1.63     2.72     5.13     0.242    0       
 2        2.37     0.901    6.27     0       
 1.79     1.55     5.31     0.982    0       
 2.65     2.4      2.01     0.371    0       
 2.54     2.71     1.89     1.95     0       
 2.75     2.5      1.74     0.166    0       
 2.13     2.43     3.79     0.44     0       
 2.14     2.84     2.15     0.191    0       
 2.04     2.88     0.663    2.53     0       
 2.13     2.9      2.05     0.514    0       
 2.36     2.8      1.8      1.62     0       
 1.59     2.69     3.88     1.33     0       
 1.72     2.31     3.32     2.15     0       
 1.67     2.61     4.53     0.552    0       
 2.43     2.83     1.76     0.814    0       
 2.07     2.47     0.868    6.6      0       
 2.13     2.91     2.06     0.399    0       
 1.72     2.67     3.78     0.463    0       
 1.67     2.13     5.35     1.12     0       
 1.66     1.96     5.58     2.79     0       
 1.99     2.62     1.06     3.49     0       
 2.06     2.42     0.889    7.04     0       
 2.09     2.86     1.16     2.19     0       
 1.63     2.71     4.84     0.216    0       
 1.6      2.55     5.21     0.374    0       
 1.71     1.94     5.37     1.04     0       
 2.05     2.81     0.879    2.94     0       
 1.8      1.55     4.5      4.07     0       
 2.78     2.75     1.63     1.99     0       
 2.26     2.87     1.84     0.352    0       
 1.86     2.68     2.41     0.324    0       
 2.08     2.23     0.901    6.77     0       
 1.71     2.01     5.33     1.11     0       
 2.02     2.35     0.917    6.37     0       
 2.05     2.89     0.839    2.17     0       
 1.81     1.86     4.65     1.6      0       
 1.93     2.42     4.27     0.515    0       
 2        1.99     1.01     6.41     0       
 2.08     2.65     0.994    4.95     0       
 2.66     2.16     2.22     2.89     0       
 1.99     2.34     0.949    5.78     0       
 1.97     2.14     0.99     6.12     0       
 2.01     2.68     0.806    6.49     0       
 2.05     2.55     0.984    5.41     0       
 2.07     2.52     0.842    6.67     0       
 2.28     2.87     1.77     1.24     0       
 1.84     1.38     5.15     1.58     0       
 2.17     2.14     1.01     5.87     0       
 1.62     2.59     5.26     0.257    0       
 1.76     1.72     4.96     0.595    0       
 1.68     2.5      4.86     0.256    0       
 2.04     2.87     0.635    2.58     0       
 2.09     1.77     1.12     6.48     0       
 1.65     2.56     4.52     0.858    0       
 2.54     2.71     1.91     1.41     0       
 1.75     1.72     4.9      1.83     0       
 2.05     2.45     1        5.52     0       
 1.99     2.21     0.957    5.92     0       
 2.06     2.61     0.87     5.76     0       
 2.05     2.69     0.824    5.47     0       
 2.05     2.86     0.659    2.51     0       
 1.77     1.48     4.18     4.76     0       
 2.18     2.59     0.997    4.94     0       
 2.33     2.31     2.12     1.7      0       
 1.63     2.54     4.54     0.857    0       
 2.05     2.69     0.871    5.58     0       
 1.7      2.72     3.83     0.191    0       
 1.75     1.71     4.7      3.64     0       
 1.99     2.55     1.12     3.62     0       
 1.99     2.38     0.91     6.23     0       
 2.62     2.37     2.27     0.0872   0       
 2.67     2.41     1.72     1.44     0       
 1.82     2.15     2.36     5.96     0       
 2.55     2.64     1.87     2.03     0       
 2.04     2.7      0.796    6.26     0       
 1.72     1.82     5.53     0.762    0       
 2.04     2.53     0.942    5.52     0       
 1.75     2.35     4.89     0.197    0       
 2.09     2.47     3.65     0.161    0       
 2.01     2.57     2.26     0.794    0       
 2.01     2.28     2.43     4.45     0       
 2.19     1.28     5.39     2.47     0       
 1.75     2.45     4.69     0.276    0       
 2.05     2.64     0.848    5.84     0       
 1.64     2.76     4.61     0.585    0       
 2.01     2.53     0.897    6.1      0       
 1.67     2.86     4.13     0.151    0       
 1.75     2.31     4.43     0.646    0       
 2.02     2.76     0.914    5.33     0       
 2.06     2.12     0.975    6.96     0       
 1.58     2.8      4.03     1.95     0       
 2.03     2.73     0.898    5.33     0       
 1.94     2.59     2.2      0.945    0       
 1.71     2.76     3.62     0.266    0       
 2.01     2.21     0.935    6.82     0       
 2.01     2.65     0.86     5.81     0       
 1.67     2.33     4.43     2.55     0       
 2.13     2.78     1.92     1.72     0       
 1.99     2.28     0.969    5.73     0       
 1.58     2.63     4.17     1.36     0       
 1.71     2.14     5.02     0.567    0       
 1.91     2.56     2.16     1.19     0       
 1.75     2.73     3.03     0.106    0       
 2.07     2.43     0.887    6.46     0       
 1.67     2.33     4.94     0.559    0       
 1.57     2.42     5.37     0.616    0       
 1.7      2.18     4.94     0.897    0       
 2.07     2.48     0.875    6.3      0       
 2.06     2.53     0.82     7.38     0       
 2.74     2.35     1.7      1.14     0       
 1.77     2.5      2.85     0.449    0       
 1.7      2.12     5.32     0.159    0       
 1.68     2.2      5.24     1.22     0       
 1.65     2.17     4.95     3.64     0       
 1.97     2.58     2.18     0.924    0       
 1.79     1.87     5.38     0.021    0       
 1.77     2.09     5.3      0.0359   0       
 2.3      2.38     2.79     1.17     0       
 1.65     2.45     4.96     0.404    0       
 2.53     2.71     1.91     1.81     0       
 1.7      2.69     4.81     0.255    0       
 1.92     2.66     2.7      0.272    0       
 2        2.31     0.937    6.28     0       
 2.16     2.83     1.96     1.23     0       
 1.8      2.47     4.68     0.259    0       
 2.14     2.85     1.08     2.56     0       
 2.08     2.75     0.918    4.45     0       
 2.13     2.91     2.05     0.367    0       
 1.7      2.28     3.44     1.31     0       
 2.17     2.64     0.871    4.92     0       
 1.87     2.67     2.46     0.762    0       
 1.62     2.29     5.27     0.577    0       
 2.01     2.8      0.836    4.48     0       
 1.7      1.98     5.35     1.25     0       
 2.01     2.59     0.876    5.99     0       
 2.07     2.64     0.849    5.66     0       
 1.94     2.59     2.32     0.728    0       
 1.99     2.34     0.924    5.92     0       
 2.29     2.44     2.42     1.03     0       
 1.75     1.76     4.97     0.874    0       
 1.73     1.92     5.32     0.548    0       
 2.18     2.31     0.953    5.78     0       
 2.03     2.69     0.796    6.28     0       
 1.91     2.46     2.28     1.23     0       
 2.17     2.4      0.949    5.67     0       
 1.98     2.62     2.16     0.77     0       
 2.31     2.34     2.07     1.99     0       
 2.33     2.32     2.22     1.3      0       
 2.31     2.41     1.99     0.999    0       
 2.06     2.51     1.95     2.19     0       
 2.01     2.55     2.27     0.806    0       
 1.77     2.48     2.9      0.532    0       
 1.68     2.25     5.55     0.104    0       
 1.82     2.07     4.71     0.743    0       
 2        1.98     1.01     6.44     0       
 2.12     2.91     2.06     0.399    0       
 1.66     2.15     4.98     3.75     0       
 2.07     2.56     0.827    6.2      0       
 2.08     2.02     0.985    6.21     0       
 2.07     2.55     0.847    6.18     0       
 2.04     2.82     0.689    3.45     0       
 2.32     2.34     2.15     1.66     0       
 1.81     2.36     2.89     5.04     0       
 2.74     2.45     1.7      0.286    0       
 2        2.26     0.943    6.35     0       
 2.21     2.49     2.05     2.85     0       
 1.76     2.15     4.14     1.15     0       
 1.96     2.15     0.984    6.06     0       
 1.69     2.33     3.48     0.891    0       
 2.07     2.58     0.872    5.88     0       
 1.76     1.58     4.61     3.72     0       
 1.8      2.25     4.11     0.755    0       
 1.75     2.31     4.28     0.453    0       
 2.04     2.52     0.94     5.57     0       
 1.72     2.15     4.81     1.64     0       
 2        2.51     0.855    7.1      0       
 2.07     2.48     0.881    6.26     0       
 1.65     2.17     4.93     3.63     0       
 1.68     2.86     3.03     1.39     0       
 2.13     2.61     0.846    4.98     0       
 1.77     2.49     2.83     0.463    0       
 1.62     2.52     5.27     0.164    0       
 1.73     2.21     4.25     1.04     0       
 2.12     2.09     0.974    7.02     0       
 1.58     2.33     5.67     0.837    0       
 2        2.8      1.01     3.11     0       
 2.62     2.68     1.75     1.56     0       
 1.83     2.37     2.5      3.13     0       
 2.42     2.8      1.61     0.958    0       
 2.1      2.62     0.842    5.01     0       
 1.64     2.75     4.68     0.61     0       
 1.68     2.21     5.21     0.9      0       
 2.19     2.33     0.942    5.74     0       
 2.03     2.69     0.79     6.29     0       
 1.83     1.56     4.94     1.62     0       
 1.99     2.52     1.14     3.67     0       
 2.06     2.14     0.931    6.13     0       
 1.99     2.33     0.929    5.94     0       
 1.66     2.41     5.22     0.354    0       
 1.75     2.13     5.06     1.09     0       
 2.1      2.46     3.71     0.0979   0       
 1.59     2.36     5.42     0.879    0       
 1.76     2.13     5.15     0.133    0       
 2        2.56     0.841    7.19     0       
 1.58     2.8      4.09     2.12     0       
 2.09     2.54     0.878    6.06     0       
 1.75     2.32     4.29     0.594    0       
 1.73     2.24     3.88     0.987    0       
 2.55     2.62     1.87     2.48     0       
 2        2.22     0.938    6.79     0       
 1.73     1.79     5.27     0.48     0       
 1.67     2.87     3.16     1.24     0       
 2        2.64     0.889    5.75     0       
 2.04     2.86     0.611    2.63     0       
 1.88     2.72     2.38     0.0667   0       
 2.02     2.89     1.3      2.16     0       
 2        2.31     0.941    6.29     0       
 2.01     2.86     0.653    2.65     0       
 1.75     1.83     4.9      0.697    0       
 1.68     2.86     2.93     1.52     0       
 1.64     2.57     3.74     0.868    0       
 1.65     2.24     5.11     2        0       
 2.02     2.9      0.937    2.15     0       
 1.75     2.73     2.58     0.749    0       
 1.59     2.81     3.44     1.76     0       
 2.07     2.13     0.943    6.15     0       
 2.03     2.72     0.862    5.63     0       
 2.1      1.85     1.05     6.88     0       
 2.01     2.54     0.894    6.01     0       
 1.98     2.34     0.928    5.91     0       
 2.03     2.2      0.926    6.86     0       
 1.7      2.26     4.95     0.735    0       
 2.3      2.41     2.04     0.971    0       
 1.8      2.25     4.15     0.757    0       
 2.12     2.62     0.846    5.02     0       
 2.03     2.71     0.813    6.18     0       
 1.7      2.72     3.87     0.298    0       
 1.78     2.24     5.03     0.0555   0       
 1.98     2.65     1.1      3.37     0       
 1.63     2.82     5.07     0.289    0       
 1.72     1.89     5.34     1.29     0       
 1.72     1.55     4.56     5.03     0       
 1.68     1.91     5.45     1.72     0       
 1.63     2.72     5.05     0.23     0       
 2.06     2.42     0.887    7.04     0       
 2.26     2.87     1.84     0.342    0       
 2.01     2.8      0.846    4.66     0       
 2.31     2.34     2.15     1.76     0       
 2.07     2.54     0.849    6.2      0       
 2.74     2.46     1.69     0.278    0       
 1.82     2.66     2.69     0.326    0       
 1.77     2.5      2.8      0.449    0       
 1.79     2.06     4.82     0.247    0       
 2.29     2.44     2.4      1.02     0       
 2.08     2.56     0.859    6.07     0       
 1.99     2.28     0.938    6.32     0       
 2.51     2.77     1.63     0.663    0       
 2.13     2.27     1.48     5.12     0       
 1.68     2.21     5.19     1.19     0       
 1.67     2.41     5.21     0.239    0       
 2.67     2.41     1.71     0.271    0       
 1.75     2.17     4.93     0.509    0       
 2.31     2.35     2.04     1.98     0       
 1.69     2.86     3.05     1.36     0       
 1.68     2.19     5.28     1.13     0       
 2.07     2.13     0.935    6.17     0       
 1.78     2.7      2.38     0.0969   0       
 1.73     2.18     5.19     0.121    0       
 1.73     2.79     3.28     0.00639  0       
 2.08     2.86     0.596    2.74     0       
 1.39     0.00703  75       75       75      
 0.00185  3.9      122      122      122     
mat_end
 --------------------------- 
