base_seed=1243 

 parameters for this run were: 
NaTa_t.soma.gNaTa_tbar 
Nap_Et2.soma.gNap_Et2bar 
K_Pst.soma.gK_Pstbar 
K_Tst.soma.gK_Tstbar 
SK_E2.soma.gSK_E2bar 
SKv3_1.soma.gSKv3_1bar 
Ca_HVA.soma.gCa_HVAbar 
Ca_LVAst.soma.gCa_LVAstbar 
CaDynamics_E2.soma.gamma 
CaDynamics_E2.soma.decay 
NaTa_t.axon.gNaTa_tbar 
Nap_Et2.axon.gNap_Et2bar 
K_Pst.axon.gK_Pstbar 
K_Tst.axon.gK_Tstbar 
SK_E2.axon.gSK_E2bar 
SKv3_1.axon.gSKv3_1bar 
Ca_HVA.axon.gCa_HVAbar 
Ca_LVAst.axon.gCa_LVAstbar 
CaDynamics_E2.axon.gamma 
CaDynamics_E2.axon.decay 
none.soma.g_pas 
none.axon.g_pas 
none.dend.g_pas 
none.apic.g_pas 
Im.apic.gImbar 
NaTa_t.apic.gNaTa_tbar 
SKv3_1.apic.gSKv3_1bar 
Ca_HVA.apic.gCa_HVAbar 
Ca_LVAst.apic.gCa_LVAstbar 
SK_E2.apic.gSK_E2bar 
CaDynamics_E2.apic.gamma 
CaDynamics_E2.apic.decay 

 at generation 498 error matrix was: 
1000 5
 1.55     3.26     6.31     5.07     0       
 1.45     2.37     7.96     7.46     0       
 1.55     3.21     6.56     7.52     0       
 1.45     2.34     7.85     7.97     0       
 1.43     2.41     7.85     6.66     0       
 1.55     3.27     6.29     4.83     0       
 1.49     2.36     7.68     7.26     0       
 1.63     3.25     6.12     5.2      0       
 1.44     2.4      7.85     6.64     0       
 1.43     2.41     7.83     6.91     0       
 1.45     2.42     7.85     6.51     0       
 1.48     2.39     7.95     6.7      0       
 1.45     2.39     7.65     7.71     0       
 1.48     2.36     7.81     7.28     0       
 1.6      3.28     6.1      6.15     0       
 1.56     3.21     6.63     7.42     0       
 1.49     2.48     7.94     5.05     0       
 1.48     2.41     7.74     6.64     0       
 1.59     3.25     6.24     4.85     0       
 1.44     2.42     7.63     7.08     0       
 1.44     2.4      7.68     7.5      0       
 1.64     3.21     6.53     7.93     0       
 1.49     2.49     7.89     5.19     0       
 1.61     3.23     6.2      6.04     0       
 1.49     2.37     7.98     6.76     0       
 1.51     3.23     6.61     7.81     0       
 1.44     2.38     7.93     7.49     0       
 1.45     2.4      7.95     6.77     0       
 1.45     2.35     7.89     7.81     0       
 1.46     2.38     7.73     7.65     0       
 1.46     2.41     7.93     6.58     0       
 1.47     2.42     7.83     6.08     0       
 1.45     2.33     7.98     7.7      0       
 1.52     2.37     7.81     7.18     0       
 1.52     2.48     8        5.41     0       
 1.46     2.5      7.79     5.86     0       
 1.54     2.47     7.95     5.69     0       
 1.47     2.5      7.82     5.78     0       
 1.49     2.42     7.75     6.56     0       
 1.45     2.43     7.79     6.47     0       
 1.45     2.37     7.95     7.29     0       
 1.49     2.37     7.99     6.86     0       
 1.47     2.35     7.8      7.46     0       
 1.51     2.33     7.78     7.65     0       
 1.53     3.26     6.33     5.05     0       
 1.45     2.4      7.9      6.69     0       
 1.48     2.34     7.71     7.68     0       
 1.53     2.3      7.96     7.9      0       
 1.51     2.49     7.81     5.1      0       
 1.44     2.45     7.72     6.68     0       
 1.46     2.39     7.86     6.67     0       
 1.48     2.32     7.96     7.53     0       
 1.49     2.42     7.75     6.22     0       
 1.49     2.38     7.87     6.85     0       
 1.63     3.21     6.55     7.69     0       
 1.45     2.37     7.98     7.62     0       
 1.46     2.35     7.78     7.62     0       
 1.54     2.48     7.88     5.16     0       
 1.5      2.33     7.74     7.51     0       
 1.54     2.49     7.74     5.57     0       
 1.54     2.39     7.77     6.77     0       
 1.43     2.4      7.77     7.34     0       
 1.49     2.32     7.96     7.57     0       
 1.52     3.26     6.31     5.19     0       
 1.58     3.21     6.54     7.57     0       
 1.53     3.21     6.55     7.76     0       
 1.44     2.41     7.76     7.04     0       
 1.44     2.34     8        8        0       
 1.5      3.25     6.29     6.3      0       
 1.54     2.42     7.62     6.61     0       
 1.58     2.48     7.94     5.21     0       
 1.44     2.41     7.67     6.72     0       
 1.44     2.44     7.65     6.61     0       
 1.49     2.48     7.94     5.05     0       
 1.51     3.23     6.59     7.8      0       
 1.53     2.48     7.9      5.12     0       
 1.45     2.4      7.77     7.16     0       
 1.51     3.24     6.33     7.16     0       
 1.58     3.26     6.17     4.81     0       
 1.52     3.27     6.28     4.5      0       
 1.64     3.21     6.55     7.67     0       
 1.48     2.35     7.76     7.52     0       
 1.43     2.41     7.82     6.86     0       
 1.45     2.44     7.7      6.43     0       
 1.51     2.31     7.97     7.66     0       
 1.45     2.37     7.92     7.39     0       
 1.48     2.39     7.79     6.77     0       
 1.57     3.21     6.55     7.41     0       
 1.47     2.45     7.64     6.15     0       
 1.57     2.48     7.87     5.43     0       
 1.55     3.21     6.61     7.36     0       
 1.45     2.37     7.97     7.29     0       
 1.54     3.21     6.5      7.89     0       
 1.56     3.21     6.62     7.46     0       
 1.55     3.21     6.5      7.73     0       
 1.47     2.34     7.68     7.95     0       
 1.44     2.38     7.78     7.6      0       
 1.56     2.32     7.86     7.88     0       
 1.45     2.44     7.59     6.79     0       
 1.52     3.25     6.23     5.82     0       
 1.47     2.42     7.8      6.45     0       
 1.44     2.41     7.88     6.79     0       
 1.54     2.3      8        7.73     0       
 1.44     2.41     7.76     6.83     0       
 1.52     3.27     6.23     5.13     0       
 1.6      3.21     6.56     7.71     0       
 1.46     2.35     7.76     7.68     0       
 1.46     2.31     7.99     7.97     0       
 1.47     2.41     7.77     6.8      0       
 1.49     2.33     7.76     7.95     0       
 1.5      2.36     7.62     7.62     0       
 1.55     3.23     6.13     5.65     0       
 1.43     2.42     7.77     6.72     0       
 1.5      3.26     6.17     6.11     0       
 1.61     3.23     6.17     5.71     0       
 1.54     2.37     7.67     7.27     0       
 1.52     3.25     6.35     5.93     0       
 1.59     2.48     7.95     5.5      0       
 1.51     2.48     7.95     4.97     0       
 1.46     2.37     7.89     7.48     0       
 1.44     2.4      7.88     6.84     0       
 1.58     2.48     7.8      5.55     0       
 1.44     2.34     7.91     7.97     0       
 1.54     2.39     7.78     6.62     0       
 1.5      2.48     7.95     5.48     0       
 1.54     3.27     6.41     4.2      0       
 1.59     2.49     7.8      5.07     0       
 1.55     3.26     6.33     5.02     0       
 1.43     2.41     7.75     6.83     0       
 1.46     2.4      7.91     6.34     0       
 1.46     2.41     7.78     6.72     0       
 1.56     3.26     6.19     4.66     0       
 1.45     2.38     7.75     7.56     0       
 1.46     2.33     7.9      7.47     0       
 1.5      2.32     7.91     7.44     0       
 1.46     2.5      7.78     5.82     0       
 1.46     2.32     7.89     7.95     0       
 1.48     2.43     7.64     6.55     0       
 1.53     3.26     6.35     4.97     0       
 1.48     2.33     7.68     7.81     0       
 1.45     2.41     7.78     6.88     0       
 1.47     2.42     7.73     6.68     0       
 1.52     3.27     6.31     4.64     0       
 1.46     2.38     7.73     7.4      0       
 1.49     2.39     7.62     6.77     0       
 1.54     3.2      6.53     7.87     0       
 1.44     2.42     7.74     6.63     0       
 1.47     2.42     7.66     6.2      0       
 1.6      2.5      7.66     5.92     0       
 1.46     2.38     7.78     7.04     0       
 1.43     2.43     7.8      6.8      0       
 1.47     2.42     7.58     6.86     0       
 1.43     2.39     7.8      7.64     0       
 1.44     2.37     7.94     7.23     0       
 1.53     2.39     7.92     6.61     0       
 1.54     2.41     7.76     6.67     0       
 1.48     2.38     7.9      6.85     0       
 1.53     3.28     6.1      6.15     0       
 1.55     3.21     6.63     7.33     0       
 1.44     2.38     7.72     7.2      0       
 1.49     2.37     7.96     6.88     0       
 1.51     3.23     6.56     7.68     0       
 1.46     2.37     7.89     7.41     0       
 1.46     2.41     7.75     6.61     0       
 1.52     3.25     6.4      5.37     0       
 1.47     2.42     7.75     6.07     0       
 1.49     2.33     7.82     7.51     0       
 1.51     2.48     7.84     5.39     0       
 1.49     2.37     7.89     6.79     0       
 1.48     2.35     7.65     7.94     0       
 1.49     2.48     7.9      5.15     0       
 1.51     2.49     7.83     5.01     0       
 1.53     2.48     7.91     5.14     0       
 1.48     2.4      7.93     6.61     0       
 1.5      2.33     7.85     7.49     0       
 1.45     2.38     7.79     7.27     0       
 1.46     2.5      7.81     5.82     0       
 1.47     2.34     7.68     7.97     0       
 1.46     2.51     7.67     5.96     0       
 1.57     2.48     7.83     5.69     0       
 1.55     3.21     6.47     7.8      0       
 1.58     2.47     7.96     5.7      0       
 1.55     3.21     6.53     7.44     0       
 1.55     2.48     7.96     4.95     0       
 1.51     3.25     6.4      5.77     0       
 1.46     2.42     7.88     6.25     0       
 1.43     2.43     7.87     6.81     0       
 1.47     2.5      7.68     6.02     0       
 1.6      2.48     7.99     5.5      0       
 1.44     2.42     7.63     7.33     0       
 1.43     2.4      7.67     7.81     0       
 1.54     2.37     7.89     6.96     0       
 1.55     2.34     7.86     7.29     0       
 1.47     2.35     7.82     7.3      0       
 1.54     2.38     7.89     6.78     0       
 1.47     2.39     8        6.66     0       
 1.52     3.26     6.21     5.5      0       
 1.49     2.33     7.71     7.71     0       
 1.47     2.41     7.77     6.75     0       
 1.55     3.21     6.55     7.62     0       
 1.54     2.37     7.88     6.85     0       
 1.54     2.48     7.91     5        0       
 1.55     3.21     6.58     7.53     0       
 1.43     2.41     7.83     6.89     0       
 1.44     2.42     7.72     6.81     0       
 1.52     2.43     7.69     6.05     0       
 1.51     3.23     6.53     7.57     0       
 1.44     2.37     7.93     7.62     0       
 1.46     2.5      7.69     6.13     0       
 1.52     3.25     6.36     6.08     0       
 1.47     2.5      7.78     5.81     0       
 1.6      2.48     7.94     5.52     0       
 1.55     3.28     6.11     5.82     0       
 1.48     2.39     7.59     7.34     0       
 1.53     3.23     6.16     5.85     0       
 1.58     2.48     7.92     4.9      0       
 1.46     2.37     7.89     7.44     0       
 1.58     2.48     7.75     5.59     0       
 1.44     2.42     7.67     6.73     0       
 1.48     2.38     7.69     6.83     0       
 1.52     3.26     6.18     5.53     0       
 1.45     2.38     7.82     7.67     0       
 1.43     2.42     7.76     6.79     0       
 1.49     2.41     7.64     6.57     0       
 1.53     3.26     6.31     5.12     0       
 1.46     2.5      7.77     5.86     0       
 1.52     3.28     6.13     5.64     0       
 1.46     2.37     7.81     7.79     0       
 1.6      2.5      7.66     5.92     0       
 1.48     2.33     7.67     7.7      0       
 1.44     2.41     7.59     7.04     0       
 1.49     2.4      7.84     6.53     0       
 1.53     3.25     6.23     5.33     0       
 1.47     2.44     7.55     6.45     0       
 1.43     2.4      7.78     7.2      0       
 1.5      2.32     7.93     7.48     0       
 1.51     2.4      7.64     6.75     0       
 1.44     2.45     7.65     6.61     0       
 1.49     2.33     7.6      7.91     0       
 1.45     2.37     7.95     7.63     0       
 1.48     2.35     7.83     7.45     0       
 1.52     2.31     7.94     7.67     0       
 1.54     2.41     7.78     6.54     0       
 1.52     2.32     7.78     7.78     0       
 1.49     2.43     7.65     6.1      0       
 1.52     3.25     6.46     6        0       
 1.58     2.48     7.92     5.47     0       
 1.45     2.38     7.83     7.31     0       
 1.49     2.33     7.74     7.58     0       
 1.53     2.36     7.79     7.29     0       
 1.51     3.21     6.2      7.68     0       
 1.45     2.41     7.86     6.42     0       
 1.55     3.21     6.6      7.32     0       
 1.46     2.44     7.57     6.34     0       
 1.58     2.48     7.96     5.45     0       
 1.55     3.27     6.3      4.81     0       
 1.55     3.21     6.54     7.63     0       
 1.45     2.33     7.82     7.62     0       
 1.44     2.41     7.89     6.79     0       
 1.53     2.48     7.91     5        0       
 1.56     3.21     6.51     7.72     0       
 1.45     2.31     7.93     7.85     0       
 1.5      2.33     7.75     7.43     0       
 1.54     2.36     7.67     7.34     0       
 1.47     2.42     7.81     6.45     0       
 1.54     2.37     7.82     7.07     0       
 1.52     3.25     6.36     6.09     0       
 1.51     2.49     7.75     5.11     0       
 1.62     3.21     6.53     7.67     0       
 1.49     2.48     7.94     5.31     0       
 1.59     3.26     6.14     4.49     0       
 1.48     2.34     7.9      7.28     0       
 1.48     2.32     7.86     7.64     0       
 1.53     2.49     7.77     5.09     0       
 1.52     3.28     6.21     5.08     0       
 1.53     3.23     6.13     5.21     0       
 1.47     2.39     7.83     6.81     0       
 1.48     2.36     7.84     6.97     0       
 1.47     2.35     7.73     7.42     0       
 1.46     2.5      7.66     5.84     0       
 1.51     3.25     6.25     5.93     0       
 1.52     2.48     7.89     5.46     0       
 1.46     2.43     7.63     6.59     0       
 1.55     2.38     7.67     7.06     0       
 1.48     2.32     7.86     7.59     0       
 1.44     2.41     7.77     7.02     0       
 1.44     2.34     7.96     7.96     0       
 1.5      3.26     6.25     5.92     0       
 1.6      3.21     6.48     7.83     0       
 1.43     2.42     7.76     6.75     0       
 1.51     3.24     6.29     6.77     0       
 1.51     2.31     7.97     7.52     0       
 1.54     2.39     7.86     6.11     0       
 1.54     3.27     6.56     4.72     0       
 1.52     2.5      7.69     5.23     0       
 1.48     2.39     7.78     6.81     0       
 1.48     2.39     7.61     7.67     0       
 1.46     2.43     7.67     6.51     0       
 1.43     2.43     7.8      6.99     0       
 1.48     2.37     7.96     6.86     0       
 1.56     3.21     6.63     7.36     0       
 1.52     3.25     6.37     5.56     0       
 1.45     2.38     7.76     7.47     0       
 1.49     2.31     7.96     7.7      0       
 1.45     2.32     7.86     8        0       
 1.47     2.5      7.66     5.84     0       
 1.52     2.48     7.82     5.62     0       
 1.55     3.23     6.23     5.75     0       
 1.51     3.26     6.22     5.78     0       
 1.51     2.49     7.94     4.94     0       
 1.58     3.23     6.26     6.12     0       
 1.53     3.26     6.32     5.08     0       
 1.45     2.4      7.89     6.86     0       
 1.5      2.33     7.74     7.69     0       
 1.49     2.32     7.96     7.51     0       
 1.53     2.3      7.96     7.97     0       
 1.44     2.41     7.73     6.85     0       
 1.43     2.42     7.92     7.08     0       
 1.48     2.35     7.69     7.38     0       
 1.49     2.41     7.86     6.3      0       
 1.47     2.42     7.67     6.49     0       
 1.49     2.35     7.69     7.53     0       
 1.55     3.2      6.59     7.68     0       
 1.52     3.25     6.48     6.14     0       
 1.43     2.43     7.87     6.72     0       
 1.55     3.21     6.53     7.56     0       
 1.43     2.4      7.71     7.46     0       
 1.45     2.37     7.95     7.61     0       
 1.48     2.35     7.76     7.66     0       
 1.54     2.36     7.82     7.21     0       
 1.51     3.21     6.21     7.72     0       
 1.55     3.21     6.6      7.32     0       
 1.54     3.26     6.62     4.89     0       
 1.48     2.35     7.81     7.29     0       
 1.43     2.41     7.82     6.9      0       
 1.55     3.21     6.62     7.38     0       
 1.58     2.48     7.68     5.81     0       
 1.56     3.26     6.12     4.78     0       
 1.49     2.33     7.82     7.48     0       
 1.49     2.33     7.6      7.83     0       
 1.53     3.26     6.35     5.14     0       
 1.54     2.37     7.88     6.86     0       
 1.55     3.21     6.56     7.6      0       
 1.46     2.34     7.81     7.95     0       
 1.46     2.35     7.65     7.82     0       
 1.43     2.41     7.78     6.95     0       
 1.49     2.42     7.74     5.97     0       
 1.46     2.42     7.75     6.33     0       
 1.47     2.5      7.79     5.83     0       
 1.52     3.26     6.22     5.75     0       
 1.49     2.42     7.8      5.95     0       
 1.45     2.41     7.63     6.82     0       
 1.45     2.38     7.74     7.5      0       
 1.53     2.49     7.81     5.65     0       
 1.44     2.44     7.62     6.6      0       
 1.46     2.35     7.65     7.6      0       
 1.53     3.21     6.5      7.74     0       
 1.44     2.41     7.74     6.63     0       
 1.48     2.36     7.65     7.38     0       
 1.47     2.39     8        6.77     0       
 1.52     3.25     6.22     5.42     0       
 1.43     2.4      7.68     7.4      0       
 1.51     2.3      7.98     7.76     0       
 1.43     2.41     7.89     6.81     0       
 1.47     2.4      7.94     6.32     0       
 1.48     2.32     7.85     7.86     0       
 1.52     3.27     6.24     4.8      0       
 1.49     2.37     7.89     6.79     0       
 1.51     2.49     7.83     4.96     0       
 1.47     2.4      7.97     6.59     0       
 1.54     3.23     6.21     5.63     0       
 1.49     2.41     7.64     6.59     0       
 1.56     3.21     6.51     7.84     0       
 1.44     2.4      7.88     7.02     0       
 1.43     2.42     7.77     6.77     0       
 1.54     3.27     6.5      4.62     0       
 1.47     2.35     7.67     7.46     0       
 1.53     2.32     7.87     7.78     0       
 1.47     2.38     7.79     6.8      0       
 1.45     2.36     7.91     7.81     0       
 1.44     2.42     7.6      6.91     0       
 1.52     3.27     6.27     4.62     0       
 1.45     2.44     7.68     6.39     0       
 1.49     2.33     7.74     7.54     0       
 1.45     2.4      7.95     6.72     0       
 1.45     2.32     7.86     7.6      0       
 1.47     2.5      7.67     5.87     0       
 1.45     2.38     7.64     7.57     0       
 1.55     3.23     6.18     5.28     0       
 1.45     2.4      7.9      6.92     0       
 1.46     2.5      7.7      5.86     0       
 1.5      2.33     7.74     7.59     0       
 1.43     2.41     7.73     6.92     0       
 1.47     2.33     7.92     7.32     0       
 1.59     2.48     7.78     5.48     0       
 1.47     2.32     7.8      7.74     0       
 1.54     3.28     6.3      4.45     0       
 1.47     2.45     7.64     6.11     0       
 1.47     2.34     7.96     7.41     0       
 1.52     3.24     6.45     6.19     0       
 1.46     2.5      7.81     5.87     0       
 1.44     2.42     7.63     7.35     0       
 1.58     2.48     7.81     5.61     0       
 1.51     2.4      7.62     6.72     0       
 1.45     2.33     7.86     7.9      0       
 1.53     3.25     6.36     5.18     0       
 1.48     2.39     7.79     6.79     0       
 1.47     2.5      7.87     5.86     0       
 1.52     3.26     6.17     5.92     0       
 1.47     2.5      7.72     6.03     0       
 1.51     2.48     7.91     5.48     0       
 1.52     3.23     6.15     5.64     0       
 1.48     2.39     7.96     6.67     0       
 1.58     2.48     7.81     5.27     0       
 1.44     2.41     7.76     6.92     0       
 1.45     2.36     7.9      7.82     0       
 1.52     3.27     6.28     4.55     0       
 1.46     2.37     7.99     6.81     0       
 1.49     2.33     7.7      7.42     0       
 1.49     2.32     7.96     7.61     0       
 1.47     2.5      7.67     6.01     0       
 1.52     2.48     7.82     5.45     0       
 1.44     2.38     7.68     7.24     0       
 1.45     2.4      7.89     6.74     0       
 1.5      2.33     7.73     7.61     0       
 1.49     2.32     7.96     7.59     0       
 1.44     2.41     7.73     6.91     0       
 1.52     3.25     6.38     6.06     0       
 1.42     2.43     7.83     6.75     0       
 1.51     3.22     6.05     6.19     0       
 1.43     2.41     7.83     6.71     0       
 1.58     2.48     7.73     5.59     0       
 1.55     3.26     6.17     4.46     0       
 1.49     2.33     7.6      7.83     0       
 1.43     2.38     7.85     7.46     0       
 1.53     2.47     7.97     5.54     0       
 1.5      2.49     7.83     5.17     0       
 1.57     3.21     6.54     7.48     0       
 1.54     3.28     6.37     4.37     0       
 1.53     2.48     7.91     5.14     0       
 1.48     2.4      7.9      6.59     0       
 1.44     2.41     7.63     6.83     0       
 1.42     2.42     7.96     7.25     0       
 1.45     2.38     7.85     7.33     0       
 1.45     2.38     7.74     7.32     0       
 1.48     2.4      7.75     6.8      0       
 1.46     2.35     7.88     7.46     0       
 1.59     2.48     7.93     5.65     0       
 1.53     2.48     7.97     4.93     0       
 1.51     3.23     6.58     7.71     0       
 1.49     2.48     7.94     5.06     0       
 1.61     3.23     6.19     5.94     0       
 1.44     2.38     7.82     7.5      0       
 1.5      2.36     7.66     7.38     0       
 1.56     3.26     6.19     4.78     0       
 1.47     2.42     7.58     6.87     0       
 1.52     3.25     6.4      5.42     0       
 1.47     2.42     7.75     5.92     0       
 1.51     2.48     7.84     5.66     0       
 1.54     2.38     7.89     6.72     0       
 1.47     2.5      7.79     5.8      0       
 1.48     2.39     7.61     7.53     0       
 1.51     2.49     7.94     4.94     0       
 1.58     3.23     6.25     5.96     0       
 1.53     3.26     6.33     5.08     0       
 1.5      2.33     7.74     7.57     0       
 1.53     2.3      7.96     7.8      0       
 1.48     2.33     7.94     7.2      0       
 1.48     2.35     7.69     7.46     0       
 1.46     2.42     7.81     6.22     0       
 1.47     2.42     7.65     6.12     0       
 1.55     3.21     6.53     7.59     0       
 1.53     2.39     7.78     6.58     0       
 1.45     2.37     7.95     7.39     0       
 1.51     2.32     7.79     7.4      0       
 1.44     2.41     7.76     7.04     0       
 1.52     3.25     6.38     5.5      0       
 1.52     3.26     6.37     5.25     0       
 1.48     2.32     7.77     7.7      0       
 1.46     2.5      7.74     6.03     0       
 1.44     2.42     7.65     7.38     0       
 1.45     2.4      7.78     7.19     0       
 1.51     3.24     6.31     7.04     0       
 1.51     2.32     7.93     7.52     0       
 1.46     2.38     7.73     7.16     0       
 1.46     2.42     7.58     6.64     0       
 1.52     2.5      7.67     5.76     0       
 1.52     2.35     7.63     7.56     0       
 1.52     3.25     6.3      5.5      0       
 1.49     2.49     7.92     5.2      0       
 1.46     2.5      7.75     5.96     0       
 1.51     2.3      7.97     7.78     0       
 1.47     2.45     7.64     6.16     0       
 1.44     2.38     7.72     7.55     0       
 1.47     2.42     7.8      6.46     0       
 1.54     3.2      6.54     7.95     0       
 1.47     2.42     7.64     6.24     0       
 1.55     3.21     6.62     7.4      0       
 1.48     2.4      7.86     6.64     0       
 1.56     3.21     6.47     7.74     0       
 1.43     2.43     7.87     6.76     0       
 1.52     3.26     6.21     5.64     0       
 1.55     3.21     6.57     7.61     0       
 1.52     2.43     7.69     6.02     0       
 1.48     2.41     7.64     6.69     0       
 1.53     2.48     7.91     5.13     0       
 1.54     2.36     7.64     7.51     0       
 1.47     2.42     7.81     6.3      0       
 1.49     2.48     7.95     5.31     0       
 1.47     2.36     7.84     7.22     0       
 1.47     2.35     7.74     7.46     0       
 1.46     2.5      7.67     5.87     0       
 1.45     2.38     7.77     7.48     0       
 1.47     2.31     7.91     7.91     0       
 1.51     3.25     6.24     5.71     0       
 1.46     2.43     7.63     6.58     0       
 1.55     2.38     7.65     6.87     0       
 1.44     2.41     7.77     6.77     0       
 1.6      3.21     6.48     7.86     0       
 1.51     3.24     6.29     6.7      0       
 1.47     2.38     7.88     6.96     0       
 1.54     3.27     6.49     4.53     0       
 1.52     2.5      7.69     5.24     0       
 1.46     2.43     7.71     6.55     0       
 1.47     2.38     7.91     6.9      0       
 1.43     2.43     7.79     7.12     0       
 1.46     2.5      7.79     6.02     0       
 1.45     2.36     7.91     7.88     0       
 1.46     2.5      7.7      6.09     0       
 1.52     3.25     6.36     5.64     0       
 1.45     2.38     7.75     7.65     0       
 1.49     2.31     7.96     7.75     0       
 1.46     2.32     7.84     7.97     0       
 1.55     3.26     6.17     4.51     0       
 1.52     2.48     7.87     5.37     0       
 1.47     2.33     7.81     7.98     0       
 1.51     3.26     6.22     5.79     0       
 1.51     2.49     7.83     4.93     0       
 1.58     3.23     6.26     6.16     0       
 1.53     3.26     6.32     5.08     0       
 1.5      2.33     7.74     7.67     0       
 1.48     2.33     7.95     7.2      0       
 1.47     2.42     7.65     6.36     0       
 1.52     3.25     6.46     5.91     0       
 1.43     2.43     7.87     6.99     0       
 1.55     3.21     6.53     7.53     0       
 1.43     2.4      7.71     7.38     0       
 1.45     2.37     7.95     7.35     0       
 1.49     2.33     7.74     7.39     0       
 1.54     2.36     7.77     7.23     0       
 1.51     3.21     6.15     7.2      0       
 1.49     2.33     7.79     7.39     0       
 1.49     2.33     7.59     7.88     0       
 1.53     3.26     6.34     5.06     0       
 1.55     3.21     6.54     7.6      0       
 1.46     2.34     7.81     7.86     0       
 1.46     2.35     7.65     7.85     0       
 1.49     2.42     7.74     5.89     0       
 1.46     2.42     7.76     6.13     0       
 1.52     3.26     6.21     5.64     0       
 1.45     2.38     7.74     7.51     0       
 1.53     2.48     7.82     5.22     0       
 1.44     2.44     7.62     6.6      0       
 1.46     2.35     7.65     7.61     0       
 1.53     3.21     6.49     7.77     0       
 1.44     2.41     7.77     6.75     0       
 1.48     2.36     7.65     7.5      0       
 1.51     2.3      7.97     7.82     0       
 1.43     2.41     7.89     6.81     0       
 1.54     3.23     6.22     5.71     0       
 1.49     2.41     7.64     6.59     0       
 1.57     3.2      6.54     7.87     0       
 1.54     3.27     6.48     4.56     0       
 1.47     2.36     7.67     7.46     0       
 1.45     2.36     7.9      7.89     0       
 1.44     2.42     7.6      6.78     0       
 1.52     3.27     6.26     4.66     0       
 1.45     2.44     7.68     6.39     0       
 1.45     2.4      7.84     6.79     0       
 1.45     2.38     7.65     7.46     0       
 1.45     2.4      7.9      7.1      0       
 1.5      2.33     7.74     7.59     0       
 1.43     2.41     7.73     6.87     0       
 1.59     2.48     7.78     5.49     0       
 1.47     2.32     7.8      7.55     0       
 1.52     3.24     6.46     6.16     0       
 1.58     2.48     7.81     5.59     0       
 1.48     2.5      7.87     5.88     0       
 1.47     2.5      7.72     5.87     0       
 1.51     2.48     7.96     5.56     0       
 1.48     2.39     7.87     6.72     0       
 1.44     2.41     7.63     6.72     0       
 1.45     2.36     7.9      7.91     0       
 1.52     3.27     6.29     4.45     0       
 1.45     2.37     7.95     6.89     0       
 1.49     2.32     7.96     7.8      0       
 1.47     2.5      7.67     6.02     0       
 1.5      2.33     7.74     7.47     0       
 1.53     2.28     7.92     7.84     0       
 1.48     2.38     7.85     6.96     0       
 1.55     3.21     6.56     7.55     0       
 1.46     2.35     7.66     7.57     0       
 1.49     2.42     7.64     6.32     0       
 1.46     2.42     7.75     6.31     0       
 1.45     2.41     7.62     6.73     0       
 1.45     2.38     7.74     7.51     0       
 1.53     2.49     7.81     5.65     0       
 1.51     2.49     7.83     4.98     0       
 1.44     2.41     7.6      6.87     0       
 1.5      2.4      7.82     6.44     0       
 1.52     2.32     7.78     7.7      0       
 1.52     3.25     6.43     5.76     0       
 1.51     3.21     6.07     6.4      0       
 1.59     2.48     7.84     5.23     0       
 1.46     2.44     7.67     6.26     0       
 1.43     2.37     7.98     7.36     0       
 1.49     2.36     7.66     7.38     0       
 1.56     3.21     6.63     7.38     0       
 1.49     2.48     7.92     5.6      0       
 1.46     2.5      7.67     5.88     0       
 1.47     2.5      7.82     5.8      0       
 1.46     2.4      7.86     6.78     0       
 1.54     2.48     7.9      5.07     0       
 1.48     2.4      7.9      6.58     0       
 1.5      2.33     7.85     7.53     0       
 1.43     2.4      7.77     7.25     0       
 1.52     3.26     6.31     5.13     0       
 1.51     3.26     6.26     6.06     0       
 1.49     2.48     7.95     4.99     0       
 1.48     2.39     7.8      6.71     0       
 1.52     2.49     7.77     5.53     0       
 1.47     2.34     7.68     7.92     0       
 1.44     2.38     7.72     7.54     0       
 1.48     2.34     7.85     7.53     0       
 1.46     2.35     7.75     7.77     0       
 1.46     2.31     7.97     7.79     0       
 1.43     2.42     7.77     6.59     0       
 1.44     2.4      7.69     7.17     0       
 1.45     2.38     7.74     7.44     0       
 1.59     2.48     7.81     5.55     0       
 1.48     2.34     7.88     7.4      0       
 1.45     2.36     7.88     7.66     0       
 1.46     2.38     7.73     7.43     0       
 1.54     3.23     6.27     6.03     0       
 1.49     2.42     7.69     6.11     0       
 1.46     2.38     7.68     6.95     0       
 1.43     2.43     7.8      6.64     0       
 1.55     3.21     6.52     7.76     0       
 1.49     2.48     7.95     5.26     0       
 1.45     2.39     7.65     6.85     0       
 1.47     2.34     7.68     7.82     0       
 1.55     2.48     7.99     4.91     0       
 1.52     3.25     6.36     5.55     0       
 1.44     2.42     7.58     7.48     0       
 1.43     2.4      7.67     7.78     0       
 1.54     2.37     7.89     6.93     0       
 1.46     2.32     7.94     7.52     0       
 1.46     2.34     7.79     7.49     0       
 1.44     2.37     7.93     7.82     0       
 1.43     2.42     7.75     6.89     0       
 1.45     2.37     7.98     7.35     0       
 1.54     2.48     7.9      4.93     0       
 1.43     2.4      7.78     7.24     0       
 1.53     3.21     6.55     7.75     0       
 1.5      2.48     7.95     5.04     0       
 1.6      2.48     7.94     5        0       
 1.51     3.23     6.38     7.47     0       
 1.43     2.41     7.82     6.65     0       
 1.45     2.44     7.62     6.55     0       
 1.44     2.41     7.63     6.9      0       
 1.5      2.36     7.7      7.32     0       
 1.52     3.25     6.32     5.87     0       
 1.59     2.47     7.94     5.53     0       
 1.51     2.48     7.95     5.03     0       
 1.44     2.4      7.89     6.87     0       
 1.44     2.34     7.98     7.97     0       
 1.5      2.48     7.93     5.5      0       
 1.44     2.38     7.74     7.67     0       
 1.45     2.37     7.9      7.56     0       
 1.52     3.25     6.42     5.93     0       
 1.42     2.43     7.82     7.29     0       
 1.44     2.38     7.73     7.58     0       
 1.49     2.38     7.74     6.99     0       
 1.46     2.37     7.72     7.14     0       
 1.45     2.37     7.86     7.56     0       
 1.58     2.49     7.77     5.38     0       
 1.56     3.21     6.45     7.62     0       
 1.53     2.48     7.98     5.53     0       
 1.46     2.44     7.64     6.4      0       
 1.52     3.26     6.19     5.81     0       
 1.46     2.37     7.88     7.37     0       
 1.43     2.42     7.97     7.02     0       
 1.55     3.27     6.29     4.83     0       
 1.59     3.26     6.12     4.07     0       
 1.44     2.42     7.73     6.83     0       
 1.44     2.42     7.59     6.98     0       
 1.55     3.21     6.57     7.56     0       
 1.45     2.34     7.85     7.97     0       
 1.55     3.27     6.3      4.86     0       
 1.49     2.36     7.68     7.27     0       
 1.49     2.41     7.75     6.51     0       
 1.63     3.25     6.11     5.08     0       
 1.44     2.4      7.85     6.68     0       
 1.43     2.41     7.83     6.66     0       
 1.45     2.42     7.85     6.51     0       
 1.45     2.39     7.65     7.71     0       
 1.48     2.36     7.81     7.28     0       
 1.48     2.41     7.74     6.64     0       
 1.6      3.25     6.22     4.93     0       
 1.44     2.4      7.68     7.44     0       
 1.64     3.21     6.53     7.93     0       
 1.49     2.49     7.91     5.19     0       
 1.45     2.33     7.86     7.67     0       
 1.44     2.37     7.99     7.24     0       
 1.52     2.48     7.92     5.39     0       
 1.47     2.5      7.82     5.86     0       
 1.53     3.26     6.31     5.21     0       
 1.51     2.49     7.81     5.11     0       
 1.46     2.5      7.75     5.93     0       
 1.63     3.21     6.56     7.64     0       
 1.45     2.37     7.98     7.63     0       
 1.46     2.35     7.86     7.48     0       
 1.54     2.48     7.89     4.93     0       
 1.5      2.33     7.74     7.5      0       
 1.43     2.4      7.77     7.35     0       
 1.51     2.3      7.97     7.79     0       
 1.58     3.21     6.54     7.54     0       
 1.5      3.26     6.28     6.19     0       
 1.58     2.48     7.94     5.22     0       
 1.44     2.44     7.65     6.61     0       
 1.53     2.48     7.9      5.01     0       
 1.5      3.24     6.33     7.25     0       
 1.43     2.41     7.82     6.76     0       
 1.45     2.44     7.68     6.58     0       
 1.51     2.31     7.97     7.65     0       
 1.45     2.37     7.93     7.45     0       
 1.47     2.45     7.64     6.14     0       
 1.45     2.37     7.97     7.29     0       
 1.56     3.21     6.62     7.45     0       
 1.52     2.31     7.95     7.62     0       
 1.45     2.44     7.6      6.63     0       
 1.44     2.41     7.88     6.97     0       
 1.44     2.41     7.63     6.93     0       
 1.46     2.35     7.76     7.51     0       
 1.47     2.41     7.77     6.8      0       
 1.52     3.25     6.36     6.09     0       
 1.51     2.48     7.96     4.98     0       
 1.46     2.37     7.89     7.46     0       
 1.44     2.41     7.88     6.83     0       
 1.58     2.48     7.8      5.56     0       
 1.44     2.34     7.89     7.98     0       
 1.5      2.48     7.95     5.56     0       
 1.54     3.27     6.42     4.26     0       
 1.59     2.49     7.8      5.23     0       
 1.55     3.26     6.33     4.98     0       
 1.43     2.41     7.88     6.53     0       
 1.54     2.4      7.92     6.25     0       
 1.5      2.32     7.91     7.6      0       
 1.46     2.5      7.79     5.85     0       
 1.48     2.33     7.68     7.81     0       
 1.45     2.41     7.78     6.87     0       
 1.52     3.27     6.3      4.56     0       
 1.46     2.38     7.73     7.8      0       
 1.54     3.2      6.54     7.98     0       
 1.44     2.42     7.7      6.89     0       
 1.47     2.42     7.73     6.21     0       
 1.43     2.43     7.8      6.8      0       
 1.47     2.42     7.58     6.79     0       
 1.44     2.39     7.8      7.66     0       
 1.44     2.37     7.94     7.28     0       
 1.54     2.39     7.96     6.48     0       
 1.54     2.41     7.76     6.67     0       
 1.55     3.21     6.62     7.3      0       
 1.44     2.38     7.65     7.45     0       
 1.52     3.25     6.39     5.36     0       
 1.47     2.42     7.75     6.06     0       
 1.48     2.41     7.86     6.31     0       
 1.51     2.48     7.87     5.52     0       
 1.51     2.49     7.91     5.1      0       
 1.53     2.48     7.92     4.93     0       
 1.57     2.48     7.83     5.69     0       
 1.58     2.47     7.96     5.7      0       
 1.51     3.25     6.4      5.76     0       
 1.46     2.42     7.88     6.26     0       
 1.44     2.42     7.63     7.08     0       
 1.54     2.37     7.89     6.88     0       
 1.47     2.35     7.82     7.31     0       
 1.54     2.38     7.89     6.75     0       
 1.55     3.21     6.55     7.72     0       
 1.55     3.21     6.57     7.57     0       
 1.43     2.41     7.83     6.89     0       
 1.51     3.23     6.53     7.51     0       
 1.44     2.37     7.93     7.53     0       
 1.52     3.25     6.35     6.03     0       
 1.48     2.39     7.59     7.34     0       
 1.53     3.23     6.14     5.72     0       
 1.58     2.48     7.91     4.9      0       
 1.58     2.48     7.75     5.59     0       
 1.52     3.26     6.18     5.59     0       
 1.53     3.26     6.3      5.15     0       
 1.46     2.5      7.77     5.86     0       
 1.53     2.49     7.79     5.31     0       
 1.48     2.33     7.67     7.69     0       
 1.44     2.41     7.59     7.03     0       
 1.53     3.25     6.24     5.24     0       
 1.43     2.4      7.65     7.4      0       
 1.5      2.32     7.93     7.43     0       
 1.52     2.32     7.94     7.59     0       
 1.54     2.41     7.78     6.54     0       
 1.52     3.25     6.46     6.03     0       
 1.58     2.48     7.91     5.56     0       
 1.45     2.38     7.84     7.27     0       
 1.49     2.33     7.74     7.58     0       
 1.51     3.21     6.2      7.7      0       
 1.58     2.48     7.96     5.44     0       
 1.55     3.27     6.29     4.85     0       
 1.45     2.33     7.82     7.55     0       
 1.53     2.48     7.91     5.1      0       
 1.5      2.33     7.75     7.41     0       
 1.54     2.36     7.63     7.53     0       
 1.52     3.25     6.36     6.05     0       
 1.51     2.49     7.75     5.11     0       
 1.62     3.21     6.52     7.69     0       
 1.49     2.48     7.94     5.3      0       
 1.48     2.34     7.9      7.27     0       
 1.52     3.28     6.21     5.13     0       
 1.53     3.23     6.13     5.09     0       
 1.47     2.35     7.77     7.47     0       
 1.51     3.26     6.24     5.7      0       
 1.46     2.43     7.63     6.58     0       
 1.56     2.38     7.68     6.87     0       
 1.48     2.32     7.86     7.58     0       
 1.44     2.41     7.76     7.01     0       
 1.5      3.26     6.25     5.92     0       
 1.6      3.21     6.48     7.79     0       
 1.43     2.42     7.76     6.74     0       
 1.51     3.24     6.29     6.81     0       
 1.54     3.27     6.59     4.81     0       
 1.45     2.39     7.72     6.82     0       
 1.48     2.37     7.96     6.88     0       
 1.56     3.21     6.63     7.33     0       
 1.52     3.25     6.38     5.57     0       
 1.45     2.38     7.76     7.58     0       
 1.47     2.33     7.81     7.96     0       
 1.51     2.49     7.83     4.95     0       
 1.58     3.23     6.26     6.06     0       
 1.45     2.4      7.89     7.12     0       
 1.46     2.5      7.75     5.93     0       
 1.5      2.33     7.74     7.67     0       
 1.49     2.32     7.96     7.58     0       
 1.53     2.3      7.96     8        0       
 1.44     2.41     7.73     6.83     0       
 1.47     2.41     7.86     6.37     0       
 1.52     2.42     7.69     6.31     0       
 1.49     2.35     7.69     7.48     0       
 1.55     3.2      6.55     7.72     0       
 1.52     3.25     6.48     6.08     0       
 1.43     2.43     7.87     6.66     0       
 1.43     2.4      7.71     7.38     0       
 1.51     3.21     6.21     7.72     0       
 1.55     3.21     6.6      7.35     0       
 1.54     3.26     6.61     4.89     0       
 1.43     2.41     7.82     6.9      0       
 1.55     3.21     6.62     7.35     0       
 1.56     3.26     6.12     4.75     0       
 1.49     2.33     7.6      7.84     0       
 1.53     3.26     6.35     5.04     0       
 1.46     2.34     7.74     7.78     0       
 1.46     2.35     7.65     7.82     0       
 1.43     2.41     7.78     6.65     0       
 1.46     2.42     7.75     6.33     0       
 1.52     3.26     6.21     5.66     0       
 1.47     2.42     7.79     6.09     0       
 1.53     2.49     7.81     5.29     0       
 1.44     2.44     7.62     6.64     0       
 1.46     2.35     7.65     7.61     0       
 1.53     3.21     6.5      7.78     0       
 1.44     2.4      7.68     7.39     0       
 1.45     2.38     7.66     7.28     0       
 1.51     2.3      7.98     7.91     0       
 1.48     2.32     7.85     7.83     0       
 1.52     3.27     6.24     4.81     0       
 1.47     2.4      7.99     6.62     0       
 1.56     3.21     6.51     7.84     0       
 1.44     2.4      7.82     7.05     0       
 1.43     2.42     7.78     6.65     0       
 1.53     2.32     7.87     7.73     0       
 1.47     2.38     7.85     7.03     0       
 1.45     2.36     7.91     7.91     0       
 1.44     2.42     7.6      6.81     0       
 1.52     3.27     6.22     4.99     0       
 1.49     2.33     7.74     7.55     0       
 1.45     2.4      7.95     6.72     0       
 1.47     2.5      7.66     6.1      0       
 1.55     3.23     6.19     5.4      0       
 1.45     2.4      7.9      7.02     0       
 1.5      2.33     7.74     7.68     0       
 1.44     2.41     7.73     6.83     0       
 1.59     2.48     7.78     5.4      0       
 1.47     2.45     7.64     6.11     0       
 1.47     2.34     7.96     7.41     0       
 1.52     3.24     6.45     6.11     0       
 1.44     2.42     7.63     7.32     0       
 1.58     2.48     7.81     5.62     0       
 1.53     3.26     6.34     5.05     0       
 1.52     3.26     6.17     5.92     0       
 1.51     2.48     7.92     5.44     0       
 1.52     3.23     6.12     5.37     0       
 1.45     2.36     7.91     7.78     0       
 1.52     3.27     6.29     4.5      0       
 1.46     2.37     7.99     6.81     0       
 1.49     2.32     7.96     7.61     0       
 1.49     2.33     7.73     7.52     0       
 1.52     3.25     6.38     6.04     0       
 1.51     3.21     6.07     6.48     0       
 1.43     2.41     7.83     6.71     0       
 1.49     2.33     7.6      7.69     0       
 1.46     2.34     7.78     7.7      0       
 1.51     2.49     7.81     5.17     0       
 1.54     3.28     6.37     4.36     0       
 1.48     2.4      7.9      6.59     0       
 1.43     2.42     7.97     7.14     0       
 1.45     2.38     7.85     7.32     0       
 1.45     2.38     7.73     7.47     0       
 1.48     2.41     7.65     6.8      0       
 1.54     2.48     7.88     5.15     0       
 1.61     3.23     6.19     5.91     0       
 1.44     2.38     7.82     7.44     0       
 1.55     3.26     6.2      4.89     0       
 1.51     2.48     7.88     5.44     0       
 1.49     2.41     7.64     6.57     0       
 1.48     2.39     7.61     7.41     0       
 1.51     2.49     7.94     4.94     0       
 1.58     3.23     6.23     5.72     0       
 1.53     3.26     6.32     5.1      0       
 1.5      2.33     7.74     7.57     0       
 1.47     2.35     7.69     7.39     0       
 1.55     3.21     6.52     7.6      0       
 1.53     2.39     7.78     6.74     0       
 1.45     2.37     7.95     7.59     0       
 1.48     2.35     7.76     7.62     0       
 1.49     2.33     7.74     7.54     0       
 1.54     2.36     7.82     7.16     0       
 1.51     3.21     6.19     7.53     0       
 1.54     3.27     6.49     4.7      0       
 1.46     2.35     7.79     7.48     0       
 1.43     2.41     7.76     6.83     0       
 1.53     3.26     6.34     4.98     0       
 1.46     2.35     7.65     7.81     0       
 1.52     3.26     6.18     5.47     0       
 1.45     2.38     7.74     7.49     0       
 1.44     2.44     7.62     6.52     0       
 1.49     2.42     7.7      6.38     0       
 1.48     2.32     7.85     7.87     0       
 1.56     3.21     6.51     7.85     0       
 1.43     2.42     7.78     6.78     0       
 1.54     3.27     6.51     4.55     0       
 1.48     2.32     7.93     7.42     0       
 1.45     2.39     7.69     6.89     0       
 1.45     2.36     7.91     7.81     0       
 1.45     2.32     7.86     7.71     0       
 1.43     2.41     7.73     6.92     0       
 1.54     2.48     7.9      5.1      0       
 1.45     2.4      7.77     7.12     0       
 1.5      2.33     7.76     7.52     0       
 1.57     3.21     6.56     7.52     0       
 1.47     2.44     7.54     6.73     0       
 1.47     2.35     7.8      7.43     0       
 1.48     2.39     7.88     6.69     0       
 1.52     2.37     7.69     7.19     0       
 1.49     2.26     7.98     7.91     0       
 1.49     2.33     7.76     7.83     0       
 1.53     2.39     7.78     6.74     0       
 1.55     3.26     6.31     5.06     0       
 1.56     3.26     6.1      4.92     0       
 1.5      2.32     8        7.48     0       
 1.46     2.36     7.75     7.76     0       
 1.42     2.43     7.8      6.63     0       
 1.48     2.38     7.87     6.91     0       
 1.6      2.48     7.96     5.47     0       
 1.54     2.41     7.67     6.45     0       
 1.44     2.38     7.87     7.25     0       
 1.5      3.26     6.28     6.12     0       
 1.53     2.48     7.9      5.31     0       
 1.58     3.26     6.16     4.89     0       
 1.43     2.41     7.82     6.91     0       
 1.51     2.31     7.96     7.75     0       
 1.5      2.31     7.84     7.92     0       
 1.5      2.4      7.86     5.72     0       
 1.46     2.35     7.73     7.72     0       
 1.47     2.37     7.92     6.99     0       
 1.47     2.42     7.57     7        0       
 1.44     2.42     7.73     6.82     0       
 1.45     2.44     7.58     6.31     0       
 1.59     3.26     6.12     4.07     0       
 1.44     2.42     7.73     6.83     0       
 247      247      6.4      0.316    100     
 1.56     3.26     3.43     20       100     
 1.62     0.00137  77.1     77.1     77.1    
 0.000618 2.34     75.4     75.4     75.4    
mat_end
 --------------------------- 
