base_seed=4321 

 parameters for this run were: 
NaTa_t.soma.gNaTa_tbar 
Nap_Et2.soma.gNap_Et2bar 
K_Pst.soma.gK_Pstbar 
K_Tst.soma.gK_Tstbar 
SK_E2.soma.gSK_E2bar 
SKv3_1.soma.gSKv3_1bar 
Ca_HVA.soma.gCa_HVAbar 
Ca_LVAst.soma.gCa_LVAstbar 
CaDynamics_E2.soma.gamma 
CaDynamics_E2.soma.decay 
NaTa_t.axon.gNaTa_tbar 
Nap_Et2.axon.gNap_Et2bar 
K_Pst.axon.gK_Pstbar 
K_Tst.axon.gK_Tstbar 
SK_E2.axon.gSK_E2bar 
SKv3_1.axon.gSKv3_1bar 
Ca_HVA.axon.gCa_HVAbar 
Ca_LVAst.axon.gCa_LVAstbar 
CaDynamics_E2.axon.gamma 
CaDynamics_E2.axon.decay 
none.soma.g_pas 
none.axon.g_pas 
none.dend.g_pas 
none.apic.g_pas 
Im.apic.gImbar 
NaTa_t.apic.gNaTa_tbar 
SKv3_1.apic.gSKv3_1bar 
Ca_HVA.apic.gCa_HVAbar 
Ca_LVAst.apic.gCa_LVAstbar 
SK_E2.apic.gSK_E2bar 
CaDynamics_E2.apic.gamma 
CaDynamics_E2.apic.decay 

 at generation 673 error matrix was: 
1000 5
 0.97     0.00238  82.2     82.2     82.2    
 2.67     3.64     4.11     20       100     
 0.301    0.0319   77.5     77.5     77.5    
 0.0417   0.112    77.9     77.9     77.9    
 0.00422  1.59     77.6     77.6     77.6    
 0.0593   0.0812   78.5     78.5     78.5    
 0.775    0.0071   76       76       76      
 0.0384   0.118    76.8     76.8     76.8    
 2.65     3.68     3.95     20       100     
 0.0239   0.133    78       78       78      
 2.67     3.43     5.14     20       100     
 0.163    0.0119   83       83       83      
 0.61     0.00183  82.4     82.4     82.4    
 0.00478  0.262    80.4     80.4     80.4    
 0.202    0.0337   79.6     79.6     79.6    
 0.0593   0.13     76.2     76.2     76.2    
 2.14     0.00187  75.7     75.7     75.7    
 0.0566   0.166    75.4     75.4     75.4    
 0.0417   0.101    79.7     79.7     79.7    
 0.00858  0.0691   80.1     80.1     80.1    
 0.439    0.0103   75.8     75.8     75.8    
 0.00542  1.03     77.4     77.4     77.4    
 0.0241   0.337    75.6     75.6     75.6    
 0.21     0.0584   78       78       78      
 0.21     0.041    79.1     79.1     79.1    
 0.0632   0.162    75.2     75.2     75.2    
 0.0193   0.205    76.2     76.2     76.2    
 0.119    0.084    77.6     77.6     77.6    
 0.037    0.0325   82.2     82.2     82.2    
 0.00434  0.468    78.6     78.6     78.6    
 0.238    0.0699   75.4     75.4     75.4    
 2.65     3.43     5.14     20       100     
 0.104    0.145    75.5     75.5     75.5    
 0.0638   0.129    76.2     76.2     76.2    
 0.0196   0.129    79.4     79.4     79.4    
 2.34     0.00138  82.6     82.6     82.6    
 0.000828 2.55     80.2     80.2     80.2    
 2.66     3.67     4.19     20       100     
 0.114    0.0887   78       78       78      
 0.056    0.0974   79.7     79.7     79.7    
 0.166    0.0248   82       82       82      
 0.0939   0.0418   78.2     78.2     78.2    
 0.00821  0.11     83.5     83.5     83.5    
 0.00727  0.124    81.2     81.2     81.2    
 0.0371   0.0513   81       81       81      
 0.00729  0.13     78.5     78.5     78.5    
 0.139    0.0288   82.9     82.9     82.9    
 0.035    0.119    79.5     79.5     79.5    
 0.57     0.00299  79.6     79.6     79.6    
 0.0852   0.00678  85       85       85      
 0.296    0.0202   79.1     79.1     79.1    
 0.26     0.0517   77.1     77.1     77.1    
 0.0255   0.173    75.4     75.4     75.4    
 2.62     3.6      5.06     20       100     
 0.00953  0.463    76.4     76.4     76.4    
 0.191    0.0669   76.9     76.9     76.9    
 0.0929   0.145    76       76       76      
 0.541    0.00903  75.7     75.7     75.7    
 2.54     3.6      4.24     20       100     
 0.0535   0.0958   80       80       80      
 0.0052   0.207    81.6     81.6     81.6    
 0.00726  0.205    81       81       81      
 2.65     3.63     4.24     20       100     
 0.0368   0.109    79.5     79.5     79.5    
 0.0314   0.0241   84.4     84.4     84.4    
 0.0226   0.145    76.5     76.5     76.5    
 0.0965   0.161    75.3     75.3     75.3    
 0.0525   0.015    83.6     83.6     83.6    
 0.0144   0.232    76.1     76.1     76.1    
 0.138    0.0148   83.8     83.8     83.8    
 0.0809   0.0296   81.2     81.2     81.2    
 0.266    0.00189  84.1     84.1     84.1    
 0.0318   0.0477   83.3     83.3     83.3    
 0.0403   0.113    78.3     78.3     78.3    
 0.0668   0.0652   79.4     79.4     79.4    
 0.176    0.0349   79.2     79.2     79.2    
 0.162    0.0123   82.3     82.3     82.3    
 0.412    0.0492   75       75       75      
 0.0802   0.0127   84.8     84.8     84.8    
 0.338    0.00869  76.1     76.1     76.1    
 0.0223   0.167    78.1     78.1     78.1    
 2.67     3.49     5.09     20       100     
 0.143    0.109    75       75       75      
 0.0813   0.0198   83.4     83.4     83.4    
 0.0206   0.122    78.4     78.4     78.4    
 0.00913  0.477    75       75       75      
 1.34     0.00267  79.8     79.8     79.8    
 0.0369   0.155    76       76       76      
 0.776    0.0157   75       75       75      
 0.18     0.0743   75       75       75      
 0.0225   0.0273   84.7     84.7     84.7    
 0.239    0.0656   75       75       75      
 0.0226   0.135    76.3     76.3     76.3    
 0.00962  0.182    77.7     77.7     77.7    
 0.00427  0.0335   83.8     83.8     83.8    
 0.03     0.0507   82.3     82.3     82.3    
 0.00213  1.84     75       75       75      
 2.2      0.00232  75       75       75      
 0.0122   0.242    76.4     76.4     76.4    
 0.0214   0.12     78.5     78.5     78.5    
 0.00164  2.07     82.3     82.3     82.3    
 0.0842   0.164    75       75       75      
 0.78     0.00336  75       75       75      
 0.169    0.00552  80.1     80.1     80.1    
 0.0211   0.18     77.2     77.2     77.2    
 0.017    0.115    80       80       80      
 0.0531   0.0549   80.4     80.4     80.4    
 0.562    0.00655  79.5     79.5     79.5    
 100      20       11.6     19.5     100     
 0.125    0.131    75       75       75      
 0.0555   0.187    75       75       75      
 0.431    0.0183   75       75       75      
 0.063    0.146    75.5     75.5     75.5    
 0.374    0.0487   75.9     75.9     75.9    
 0.119    0.0771   76.9     76.9     76.9    
 0.319    0.0494   76.8     76.8     76.8    
 0.146    0.0911   75       75       75      
 0.0844   0.0938   77.4     77.4     77.4    
 0.334    0.0179   78.3     78.3     78.3    
 1.03     0.00292  75       75       75      
 2.69     3.71     3.74     20       100     
 2.35     0.000536 83       83       83      
 0.000649 0.411    83.1     83.1     83.1    
 0.0529   0.473    75       75       75      
 0.129    0.118    75.5     75.5     75.5    
 0.00555  0.213    76.5     76.5     76.5    
 0.00872  0.812    78       78       78      
 0.00777  0.383    78.4     78.4     78.4    
 0.121    0.0823   78.2     78.2     78.2    
 0.101    0.112    77.7     77.7     77.7    
 0.149    0.0939   77.4     77.4     77.4    
 0.16     0.103    76.4     76.4     76.4    
 0.128    0.0931   77.5     77.5     77.5    
 0.163    0.0937   77.4     77.4     77.4    
 0.434    0.0235   76.1     76.1     76.1    
 0.488    0.0462   75       75       75      
 0.438    0.0242   75.7     75.7     75.7    
 0.491    0.0233   75       75       75      
 0.377    0.0595   76       76       76      
 0.126    0.16     75.1     75.1     75.1    
 0.142    0.139    75.8     75.8     75.8    
 0.569    0.0082   80       80       80      
 0.14     0.152    75       75       75      
 0.133    0.15     75.4     75.4     75.4    
 0.461    0.00781  81.7     81.7     81.7    
 0.33     0.00789  83.9     83.9     83.9    
 0.177    0.011    85       85       85      
 0.527    0.00648  82.4     82.4     82.4    
 0.224    0.00895  80.3     80.3     80.3    
 0.185    0.0304   80.6     80.6     80.6    
 0.184    0.00975  81.1     81.1     81.1    
 0.0794   0.0618   80.5     80.5     80.5    
 0.202    0.00798  84.6     84.6     84.6    
 0.0937   0.173    75       75       75      
 0.00275  3.42     79.5     79.5     79.5    
 0.00604  0.109    84.2     84.2     84.2    
 0.00411  2.69     77.3     77.3     77.3    
 0.00243  2.29     81.4     81.4     81.4    
 0.00446  0.203    84.4     84.4     84.4    
 0.0104   0.261    77.7     77.7     77.7    
 0.00979  0.411    78       78       78      
 0.351    0.0184   78.6     78.6     78.6    
 0.433    0.00991  78.3     78.3     78.3    
 0.437    0.0538   75       75       75      
 0.0916   0.066    79.9     79.9     79.9    
 0.0348   0.0649   83.4     83.4     83.4    
 0.0611   0.356    75       75       75      
 0.061    0.353    75.1     75.1     75.1    
 0.0753   0.193    75       75       75      
 0.349    0.00742  84.2     84.2     84.2    
 0.163    0.0356   81.3     81.3     81.3    
 0.177    0.0337   81.3     81.3     81.3    
 0.0184   0.372    77.6     77.6     77.6    
 0.074    0.0187   85.8     85.8     85.8    
 0.0776   0.0234   83.8     83.8     83.8    
 0.133    0.0374   81.2     81.2     81.2    
 0.0245   0.151    77.8     77.8     77.8    
 2.63     3.63     4.29     20       100     
 2.6      3.63     5.04     20       100     
 2.61     3.62     5.14     20       100     
 2.61     3.63     4.98     20       100     
 2.63     3.61     4.85     20       100     
 2.65     3.63     4.26     20       100     
 0.271    0.0699   77.6     77.6     77.6    
 0.0532   0.207    75.8     75.8     75.8    
 0.035    0.238    75.7     75.7     75.7    
 0.0559   0.207    75.7     75.7     75.7    
 0.649    0.00701  82.2     82.2     82.2    
 0.727    0.00591  82.1     82.1     82.1    
 0.0136   0.135    80       80       80      
 0.016    0.184    79.4     79.4     79.4    
 0.0164   0.251    78.6     78.6     78.6    
 0.017    0.173    79.1     79.1     79.1    
 0.0179   0.813    75.1     75.1     75.1    
 0.0152   0.997    75       75       75      
 0.0344   0.488    75.3     75.3     75.3    
 0.235    0.0424   79       79       79      
 0.176    0.0309   82.3     82.3     82.3    
 0.00445  0.847    79       79       79      
 0.00654  0.603    79.6     79.6     79.6    
 0.0924   0.0392   83.2     83.2     83.2    
 0.132    0.037    83.7     83.7     83.7    
 0.103    0.0479   82.2     82.2     82.2    
 0.0915   0.0479   82.6     82.6     82.6    
 0.23     0.0788   77.3     77.3     77.3    
 0.165    0.0858   77.8     77.8     77.8    
 0.201    0.0791   77.8     77.8     77.8    
 0.00403  0.755    83.9     83.9     83.9    
 0.00336  1.3      85.3     85.3     85.3    
 0.0294   0.398    76.6     76.6     76.6    
 1.2      0.0037   81.7     81.7     81.7    
 0.861    0.00483  79.1     79.1     79.1    
 0.787    0.0113   75       75       75      
 0.00967  0.109    84.7     84.7     84.7    
 0.0657   0.0691   80.2     80.2     80.2    
 0.0154   0.0901   85.8     85.8     85.8    
 0.0954   0.17     75.6     75.6     75.6    
 0.079    0.175    76.1     76.1     76.1    
 0.00653  0.476    82.3     82.3     82.3    
 0.741    0.00483  82.8     82.8     82.8    
 1.35     0.0019   82.5     82.5     82.5    
 0.127    0.136    76.9     76.9     76.9    
 1.35     0.00226  83.2     83.2     83.2    
 0.777    0.0221   75       75       75      
 0.312    0.0696   78.3     78.3     78.3    
 0.0812   0.131    78.3     78.3     78.3    
 0.0467   0.173    76.9     76.9     76.9    
 0.182    0.115    75       75       75      
 0.973    0.00284  84.4     84.4     84.4    
 0.0301   0.0813   82.7     82.7     82.7    
 0.0409   0.144    77.4     77.4     77.4    
 0.174    0.0272   83.5     83.5     83.5    
 0.00123  1.14     85.7     85.7     85.7    
 0.0807   0.163    76.1     76.1     76.1    
 0.79     0.0108   77.5     77.5     77.5    
 0.0238   0.385    77.2     77.2     77.2    
 0.00926  0.114    80.7     80.7     80.7    
 0.00658  0.466    82.5     82.5     82.5    
 2.14     0.00395  77.7     77.7     77.7    
 0.175    0.0255   83.6     83.6     83.6    
 0.0538   0.129    78.6     78.6     78.6    
 0.0214   0.475    76.3     76.3     76.3    
 0.0244   0.193    78.7     78.7     78.7    
 0.0413   0.134    80.5     80.5     80.5    
 0.00801  0.324    82.2     82.2     82.2    
 0.0115   0.0958   86       86       86      
 0.087    0.144    76.2     76.2     76.2    
 0.0929   0.119    77.3     77.3     77.3    
 0.0693   0.124    78.8     78.8     78.8    
 0.891    0.00537  75       75       75      
 0.192    0.0905   77.7     77.7     77.7    
 0.0247   0.0961   81.5     81.5     81.5    
 0.0103   1.6      75       75       75      
 0.109    0.0612   78.9     78.9     78.9    
 0.151    0.0335   83.7     83.7     83.7    
 0.319    0.0368   77.5     77.5     77.5    
 0.314    0.0609   77.8     77.8     77.8    
 0.18     0.115    75.9     75.9     75.9    
 0.0624   0.169    76.6     76.6     76.6    
 0.351    0.0843   76.8     76.8     76.8    
 0.339    0.0258   79.9     79.9     79.9    
 0.0253   0.0853   81.8     81.8     81.8    
 0.119    0.0104   85.8     85.8     85.8    
 0.0608   0.142    78.3     78.3     78.3    
 0.198    0.112    75       75       75      
 0.043    0.051    82.5     82.5     82.5    
 0.0463   0.116    80.1     80.1     80.1    
 2.64     3.6      4.48     20       100     
 0.237    0.0449   78.7     78.7     78.7    
 0.108    0.0456   80       80       80      
 0.0207   0.5      75       75       75      
 0.209    0.0847   75.9     75.9     75.9    
 0.399    0.0817   75.2     75.2     75.2    
 0.122    0.12     77       77       77      
 0.148    0.117    75       75       75      
 0.147    0.148    75.7     75.7     75.7    
 0.0421   0.0488   82.9     82.9     82.9    
 0.385    0.0774   75.7     75.7     75.7    
 0.0978   0.0768   78.9     78.9     78.9    
 0.112    0.0146   86.3     86.3     86.3    
 0.0409   0.0471   83.4     83.4     83.4    
 0.148    0.115    75.6     75.6     75.6    
 0.0134   0.146    80.2     80.2     80.2    
 0.0844   0.0393   83       83       83      
 0.0229   0.137    79.2     79.2     79.2    
 0.108    0.107    78.5     78.5     78.5    
 0.114    0.157    76.2     76.2     76.2    
 0.487    0.0129   76.6     76.6     76.6    
 0.967    0.00364  86.4     86.4     86.4    
 0.0211   0.486    76.6     76.6     76.6    
 0.145    0.0349   81.8     81.8     81.8    
 0.121    0.044    81.3     81.3     81.3    
 2.68     0.00322  75       75       75      
 0.197    0.0497   79.6     79.6     79.6    
 0.0578   0.108    79.9     79.9     79.9    
 0.143    0.13     76.5     76.5     76.5    
 0.563    0.0121   76.5     76.5     76.5    
 0.00897  0.2      80.6     80.6     80.6    
 2.68     3.7      4        20       100     
 0.0808   0.128    78.5     78.5     78.5    
 0.657    0.0156   76.2     76.2     76.2    
 0.0718   0.235    75.1     75.1     75.1    
 0.0838   0.179    75.5     75.5     75.5    
 0.533    0.0128   76.8     76.8     76.8    
 0.373    0.0119   76.8     76.8     76.8    
 0.0148   0.0918   82.3     82.3     82.3    
 0.0783   0.147    76.8     76.8     76.8    
 0.154    0.0298   82.8     82.8     82.8    
 0.0982   0.163    75.4     75.4     75.4    
 0.175    0.0568   79.9     79.9     79.9    
 0.384    0.0847   75.9     75.9     75.9    
 0.0334   0.0924   81.5     81.5     81.5    
 0.0694   0.168    76.3     76.3     76.3    
 0.0344   0.195    76.8     76.8     76.8    
 0.193    0.112    75       75       75      
 0.0673   0.151    76.6     76.6     76.6    
 0.0566   0.0678   81.1     81.1     81.1    
 0.013    0.487    75.6     75.6     75.6    
 0.00603  1.1      78.3     78.3     78.3    
 0.0449   0.121    78.9     78.9     78.9    
 0.0372   0.175    75.8     75.8     75.8    
 0.0239   0.255    76.7     76.7     76.7    
 0.643    0.0112   77.5     77.5     77.5    
 0.2      0.0535   78.4     78.4     78.4    
 0.168    0.0207   85.1     85.1     85.1    
 0.172    0.0532   80       80       80      
 0.0253   0.0539   84.7     84.7     84.7    
 0.214    0.0966   75       75       75      
 0.107    0.0377   81.4     81.4     81.4    
 0.0452   0.0376   83.8     83.8     83.8    
 0.361    0.0622   77.3     77.3     77.3    
 0.0516   0.197    75.8     75.8     75.8    
 0.0463   0.0356   86.1     86.1     86.1    
 0.347    0.0273   79.3     79.3     79.3    
 0.152    0.0906   77.8     77.8     77.8    
 0.00865  2.36     75       75       75      
 0.0705   0.0902   79.4     79.4     79.4    
 0.0305   0.0706   81.6     81.6     81.6    
 0.0406   0.135    78.6     78.6     78.6    
 0.224    0.0874   75       75       75      
 0.064    0.139    77.3     77.3     77.3    
 0.0965   0.038    83.5     83.5     83.5    
 0.0746   0.215    75       75       75      
 0.281    0.0427   78.8     78.8     78.8    
 0.0672   0.0236   84.1     84.1     84.1    
 0.0611   0.227    75.5     75.5     75.5    
 0.181    0.00891  85.5     85.5     85.5    
 0.0181   0.208    78.9     78.9     78.9    
 0.0855   0.0291   83.8     83.8     83.8    
 0.136    0.137    76.1     76.1     76.1    
 0.00354  3.21     75       75       75      
 0.0338   0.322    76.1     76.1     76.1    
 0.00854  0.399    81.9     81.9     81.9    
 0.0089   0.466    81.5     81.5     81.5    
 0.141    0.105    78       78       78      
 0.168    0.112    77.4     77.4     77.4    
 0.106    0.117    78.5     78.5     78.5    
 0.106    0.113    78.8     78.8     78.8    
 0.624    0.0396   75.5     75.5     75.5    
 0.564    0.0378   75.6     75.6     75.6    
 0.743    0.0284   75       75       75      
 0.562    0.041    75       75       75      
 0.529    0.0292   75.7     75.7     75.7    
 0.769    0.0234   75       75       75      
 0.735    0.0309   75.3     75.3     75.3    
 0.435    0.0729   76.7     76.7     76.7    
 0.672    0.0275   75.8     75.8     75.8    
 0.492    0.0421   76.5     76.5     76.5    
 0.648    0.0388   75       75       75      
 0.091    0.143    78.1     78.1     78.1    
 0.00896  3.31     75.8     75.8     75.8    
 0.00902  3.37     75       75       75      
 0.0095   3.17     75.3     75.3     75.3    
 0.0761   0.0965   79.9     79.9     79.9    
 0.0348   0.0782   82.2     82.2     82.2    
 0.0393   0.0888   81.7     81.7     81.7    
 0.05     0.078    82.5     82.5     82.5    
 0.748    0.00885  81.2     81.2     81.2    
 0.193    0.0265   81.3     81.3     81.3    
 0.192    0.0115   83.3     83.3     83.3    
 0.366    0.00957  81.6     81.6     81.6    
 0.327    0.0191   80.6     80.6     80.6    
 0.27     0.02     82.1     82.1     82.1    
 0.32     0.0093   85.6     85.6     85.6    
 0.0921   0.0658   82.3     82.3     82.3    
 0.154    0.103    78.8     78.8     78.8    
 0.157    0.0938   78.9     78.9     78.9    
 0.546    0.00739  85.9     85.9     85.9    
 0.228    0.0213   80.5     80.5     80.5    
 0.0947   0.0646   82.2     82.2     82.2    
 0.0495   0.0448   84.7     84.7     84.7    
 0.0987   0.185    75.3     75.3     75.3    
 0.147    0.191    75       75       75      
 0.23     0.103    75       75       75      
 0.434    0.0985   75       75       75      
 0.23     0.108    75.7     75.7     75.7    
 0.24     0.0707   78.5     78.5     78.5    
 0.202    0.0785   78.8     78.8     78.8    
 0.25     0.0606   78.4     78.4     78.4    
 0.0514   0.189    76.7     76.7     76.7    
 0.0124   0.284    78.7     78.7     78.7    
 0.0341   0.269    77       77       77      
 0.0117   0.448    79.8     79.8     79.8    
 0.00459  3.47     78.5     78.5     78.5    
 0.00705  0.34     84.5     84.5     84.5    
 0.00429  3.47     81.8     81.8     81.8    
 0.0136   0.928    78.5     78.5     78.5    
 0.0111   0.841    79       79       79      
 0.0144   0.86     78.1     78.1     78.1    
 0.0593   0.202    75.9     75.9     75.9    
 0.00817  0.154    86       86       86      
 0.0117   0.307    79.8     79.8     79.8    
 0.0447   0.225    76.7     76.7     76.7    
 0.016    0.773    76       76       76      
 0.0063   0.118    86.5     86.5     86.5    
 0.0671   0.129    79.1     79.1     79.1    
 0.0376   0.195    76.9     76.9     76.9    
 0.0147   0.614    76.2     76.2     76.2    
 0.0338   0.361    77       77       77      
 0.0679   0.166    76.9     76.9     76.9    
 0.0788   0.0682   82.4     82.4     82.4    
 0.059    0.0801   82.2     82.2     82.2    
 0.118    0.168    75.6     75.6     75.6    
 0.106    0.168    75.5     75.5     75.5    
 0.181    0.059    79.9     79.9     79.9    
 0.383    0.032    77.3     77.3     77.3    
 0.395    0.0315   77       77       77      
 0.375    0.0134   81.2     81.2     81.2    
 0.456    0.0119   78.3     78.3     78.3    
 0.456    0.0212   78.1     78.1     78.1    
 0.488    0.0123   77       77       77      
 0.0153   0.0984   83.4     83.4     83.4    
 0.456    0.0245   77.4     77.4     77.4    
 0.00899  0.214    83       83       83      
 0.695    0.0218   76.9     76.9     76.9    
 0.778    0.0168   76.8     76.8     76.8    
 0.146    0.0358   82.5     82.5     82.5    
 0.443    0.0808   75       75       75      
 0.447    0.0733   76.1     76.1     76.1    
 0.615    0.0105   78.3     78.3     78.3    
 0.449    0.0111   81.4     81.4     81.4    
 0.451    0.0117   79.3     79.3     79.3    
 0.373    0.0224   78.7     78.7     78.7    
 0.479    0.0637   76.5     76.5     76.5    
 0.456    0.0552   76.9     76.9     76.9    
 0.128    0.108    78.6     78.6     78.6    
 0.458    0.0665   75       75       75      
 0.542    0.0628   75.3     75.3     75.3    
 0.0233   0.151    79.8     79.8     79.8    
 0.0135   0.191    80.7     80.7     80.7    
 0.0801   0.32     75       75       75      
 0.0843   0.212    75       75       75      
 0.0725   0.399    75.6     75.6     75.6    
 0.0733   0.409    75.6     75.6     75.6    
 0.0625   0.491    75       75       75      
 0.0942   0.197    75.7     75.7     75.7    
 0.135    0.21     75       75       75      
 0.158    0.0257   84.3     84.3     84.3    
 0.143    0.0377   81.6     81.6     81.6    
 0.0937   0.0267   85       85       85      
 0.119    0.0241   85.3     85.3     85.3    
 0.0892   0.0263   86       86       86      
 0.103    0.0801   79.4     79.4     79.4    
 0.0439   0.0497   85.9     85.9     85.9    
 0.0803   0.0331   85.6     85.6     85.6    
 0.111    0.0348   83.9     83.9     83.9    
 0.0874   0.0509   84.5     84.5     84.5    
 0.103    0.112    79.8     79.8     79.8    
 0.457    0.0778   75.9     75.9     75.9    
 0.0912   0.0417   84.9     84.9     84.9    
 0.151    0.186    75       75       75      
 0.149    0.165    75.2     75.2     75.2    
 0.0378   0.165    78.2     78.2     78.2    
 0.0262   0.191    78.4     78.4     78.4    
 0.152    0.137    75.5     75.5     75.5    
 0.0303   0.159    79.1     79.1     79.1    
 0.0258   0.285    78.6     78.6     78.6    
 0.0382   0.152    78.8     78.8     78.8    
 0.153    0.121    77.1     77.1     77.1    
 0.227    0.0891   76       76       76      
 0.282    0.0887   77       77       77      
 0.209    0.0863   77.2     77.2     77.2    
 0.0438   0.523    75       75       75      
 0.192    0.0505   80.8     80.8     80.8    
 0.161    0.0605   80.2     80.2     80.2    
 0.129    0.0572   82.2     82.2     82.2    
 0.224    0.0559   80.1     80.1     80.1    
 0.196    0.0461   80.7     80.7     80.7    
 0.0315   0.575    75       75       75      
 0.0336   0.501    75.7     75.7     75.7    
 0.0745   0.0669   82.7     82.7     82.7    
 0.0663   0.066    83.4     83.4     83.4    
 0.0911   0.0657   82.7     82.7     82.7    
 0.0644   0.0662   83       83       83      
 0.0648   0.0697   82.6     82.6     82.6    
 2.64     3.63     5        20       100     
 2.65     3.65     4.5      20       100     
 2.68     3.63     4.9      20       100     
 0.171    0.0133   86.3     86.3     86.3    
 0.0346   0.0882   82.5     82.5     82.5    
 0.0358   0.0888   82       82       82      
 0.045    0.0866   82.2     82.2     82.2    
 0.0294   0.0954   84.9     84.9     84.9    
 0.038    0.284    76.5     76.5     76.5    
 0.294    0.0763   77.9     77.9     77.9    
 0.81     0.00662  82.1     82.1     82.1    
 0.324    0.0549   77.7     77.7     77.7    
 0.155    0.12     76.3     76.3     76.3    
 0.0115   0.165    80.8     80.8     80.8    
 0.433    0.0118   78.4     78.4     78.4    
 0.275    0.02     83       83       83      
 0.132    0.0408   83.1     83.1     83.1    
 0.299    0.0843   77.5     77.5     77.5    
 0.116    0.157    76.6     76.6     76.6    
 0.0121   3.17     75.4     75.4     75.4    
 0.136    0.049    83       83       83      
 0.115    0.0319   84.4     84.4     84.4    
 0.0948   0.18     75.4     75.4     75.4    
 0.0167   0.346    77.9     77.9     77.9    
 0.06     0.209    75.9     75.9     75.9    
 0.0433   0.382    76.1     76.1     76.1    
 0.132    0.0631   80.8     80.8     80.8    
 0.199    0.0693   79.6     79.6     79.6    
 0.141    0.0787   79.6     79.6     79.6    
 0.0397   0.129    80.8     80.8     80.8    
 0.567    0.0101   79.2     79.2     79.2    
 0.307    0.0723   77.9     77.9     77.9    
 2.72     0.00837  75       75       75      
 0.316    0.0836   77.3     77.3     77.3    
 0.175    0.0506   80.8     80.8     80.8    
 0.0124   2.21     78       78       78      
 0.23     0.0719   79.6     79.6     79.6    
 0.105    0.128    78.7     78.7     78.7    
 0.0261   0.32     78.1     78.1     78.1    
 0.813    0.0138   75       75       75      
 0.26     0.0565   79.2     79.2     79.2    
 0.0655   0.061    83.7     83.7     83.7    
 0.165    0.068    79.7     79.7     79.7    
 0.107    0.16     76.8     76.8     76.8    
 0.911    0.00847  75       75       75      
 0.085    0.0602   83.9     83.9     83.9    
 0.151    0.127    77.8     77.8     77.8    
 0.219    0.0774   78.9     78.9     78.9    
 0.127    0.0317   84.2     84.2     84.2    
 0.203    0.114    77.2     77.2     77.2    
 0.0589   0.148    79.1     79.1     79.1    
 0.0669   0.091    80.6     80.6     80.6    
 0.0541   0.181    76.8     76.8     76.8    
 0.0105   0.127    82.3     82.3     82.3    
 0.336    0.0867   77.1     77.1     77.1    
 0.389    0.101    75       75       75      
 0.0866   0.147    77.6     77.6     77.6    
 0.0694   0.412    75       75       75      
 0.125    0.129    77.7     77.7     77.7    
 0.266    0.0862   77.8     77.8     77.8    
 0.0857   0.16     77.5     77.5     77.5    
 0.977    0.00559  82.3     82.3     82.3    
 0.098    0.18     76.4     76.4     76.4    
 1.02     0.00536  81.8     81.8     81.8    
 0.0523   0.161    78.4     78.4     78.4    
 0.0274   0.527    75.1     75.1     75.1    
 0.0598   0.0649   84.2     84.2     84.2    
 0.208    0.0915   78.7     78.7     78.7    
 1.31     0.00518  84.2     84.2     84.2    
 0.343    0.0803   77.5     77.5     77.5    
 0.154    0.0494   81.2     81.2     81.2    
 0.402    0.0136   79.6     79.6     79.6    
 0.0204   0.124    82.3     82.3     82.3    
 0.136    0.164    76.2     76.2     76.2    
 0.229    0.0757   79       79       79      
 0.123    0.0838   79.4     79.4     79.4    
 0.347    0.05     79.5     79.5     79.5    
 0.00988  0.21     81.1     81.1     81.1    
 0.157    0.124    75       75       75      
 0.154    0.0714   80.3     80.3     80.3    
 2.26     0.00467  85.1     85.1     85.1    
 0.0286   0.167    77.8     77.8     77.8    
 0.23     0.0891   76       76       76      
 0.0101   0.786    80       80       80      
 0.209    0.116    75.9     75.9     75.9    
 0.0636   0.125    80.3     80.3     80.3    
 0.0888   0.137    78.6     78.6     78.6    
 0.0255   1.09     75       75       75      
 0.137    0.193    75       75       75      
 0.171    0.063    80.2     80.2     80.2    
 0.112    0.0727   79.7     79.7     79.7    
 0.0115   2.74     78.8     78.8     78.8    
 0.0125   2.73     77.6     77.6     77.6    
 1.74     0.00579  75.9     75.9     75.9    
 0.322    0.0481   80.4     80.4     80.4    
 0.103    0.145    77.3     77.3     77.3    
 0.787    0.015    75.1     75.1     75.1    
 0.137    0.0725   80.1     80.1     80.1    
 0.108    0.0561   82.4     82.4     82.4    
 0.14     0.134    77.2     77.2     77.2    
 0.396    0.0379   77       77       77      
 2.68     3.65     4.41     20       100     
 0.0131   3.29     75       75       75      
 0.0248   1.6      75.2     75.2     75.2    
 0.0851   0.137    78.7     78.7     78.7    
 0.0316   0.0907   83.2     83.2     83.2    
 0.0216   1.74     75       75       75      
 0.0118   3.19     75.1     75.1     75.1    
 0.0145   1.92     75.6     75.6     75.6    
 1.04     0.00724  78.8     78.8     78.8    
 0.0929   0.162    76.7     76.7     76.7    
 0.113    0.0899   78.9     78.9     78.9    
 0.0569   0.161    77.5     77.5     77.5    
 0.344    0.0464   79.7     79.7     79.7    
 0.0355   0.373    76.2     76.2     76.2    
 0.0134   2.08     76.9     76.9     76.9    
 0.0184   2.72     75       75       75      
 0.251    0.0588   79.1     79.1     79.1    
 0.34     0.0519   79.3     79.3     79.3    
 2.62     3.63     5.03     20       100     
 0.0552   0.237    76.1     76.1     76.1    
 0.0563   0.133    79.1     79.1     79.1    
 0.00469  0.937    79.3     79.3     79.3    
 0.24     0.0794   78.1     78.1     78.1    
 0.0258   0.456    77.7     77.7     77.7    
 0.00198  1.43     85.8     85.8     85.8    
 0.067    0.0786   81.6     81.6     81.6    
 2.64     3.61     4.99     20       100     
 0.0515   0.123    80.4     80.4     80.4    
 0.042    0.0503   85.8     85.8     85.8    
 0.143    0.157    76.8     76.8     76.8    
 1.71     0.00708  76.4     76.4     76.4    
 0.911    0.0132   75       75       75      
 0.0466   0.192    77.5     77.5     77.5    
 0.0853   0.151    78.6     78.6     78.6    
 0.0306   0.124    82.8     82.8     82.8    
 0.14     0.0314   84.8     84.8     84.8    
 0.114    0.13     78.2     78.2     78.2    
 0.114    0.0699   81       81       81      
 0.0693   0.0836   81.2     81.2     81.2    
 0.0155   0.139    80       80       80      
 0.157    0.169    75       75       75      
 0.194    0.116    77.1     77.1     77.1    
 0.175    0.0315   83.8     83.8     83.8    
 0.0822   0.153    78.4     78.4     78.4    
 0.054    0.0706   82.8     82.8     82.8    
 0.0335   0.116    80.9     80.9     80.9    
 0.0306   0.138    82.1     82.1     82.1    
 0.787    0.017    75       75       75      
 0.0114   0.282    80.8     80.8     80.8    
 1.01     0.00529  85.6     85.6     85.6    
 0.0285   0.171    79.3     79.3     79.3    
 0.194    0.104    78.7     78.7     78.7    
 0.0231   0.222    79.3     79.3     79.3    
 1.02     0.00668  80.2     80.2     80.2    
 0.0252   0.221    79.2     79.2     79.2    
 0.0141   0.152    81.3     81.3     81.3    
 0.175    0.12     76.2     76.2     76.2    
 0.00847  0.46     82.8     82.8     82.8    
 0.0973   0.0577   83       83       83      
 0.0294   0.14     79.5     79.5     79.5    
 0.0701   0.0734   80.7     80.7     80.7    
 0.00904  1.47     79.3     79.3     79.3    
 0.104    0.0589   82.7     82.7     82.7    
 0.0981   0.13     78.4     78.4     78.4    
 0.0544   0.171    77.7     77.7     77.7    
 0.0667   0.482    75.7     75.7     75.7    
 0.0757   0.157    77.9     77.9     77.9    
 2.64     3.64     4.64     20       100     
 0.12     0.166    75.9     75.9     75.9    
 0.024    0.173    79.6     79.6     79.6    
 0.135    0.164    75.5     75.5     75.5    
 0.0322   0.155    78.8     78.8     78.8    
 0.143    0.185    75.4     75.4     75.4    
 0.039    0.191    78.1     78.1     78.1    
 0.108    0.0601   83.5     83.5     83.5    
 0.0613   0.072    83.2     83.2     83.2    
 0.203    0.0782   80.4     80.4     80.4    
 0.0387   0.301    77       77       77      
 0.121    0.0799   80.4     80.4     80.4    
 0.133    0.0644   80.9     80.9     80.9    
 0.012    1.37     79.3     79.3     79.3    
 0.0413   0.863    75.3     75.3     75.3    
 0.925    0.012    75       75       75      
 0.0714   0.424    75.2     75.2     75.2    
 0.0203   2.78     75       75       75      
 0.0125   3.15     79.1     79.1     79.1    
 0.151    0.111    79.4     79.4     79.4    
 0.125    0.208    76.1     76.1     76.1    
 0.0974   0.104    80.9     80.9     80.9    
 0.116    0.245    75.3     75.3     75.3    
 0.122    0.232    75       75       75      
 0.0636   0.178    78       78       78      
 0.811    0.0222   75       75       75      
 0.192    0.0516   81.6     81.6     81.6    
 0.37     0.0269   82       82       82      
 0.0295   1.25     75       75       75      
 0.0109   0.156    84.4     84.4     84.4    
 0.153    0.104    79.5     79.5     79.5    
 0.244    0.0132   85.8     85.8     85.8    
 0.0141   0.134    85.9     85.9     85.9    
 0.0109   0.156    84.4     84.4     84.4    
 0.244    0.0272   82.1     82.1     82.1    
 2.71     3.65     4.41     20       100     
 0.00717  1.08     82.1     82.1     82.1    
 0.0132   3.42     75       75       75      
 0.0165   3.23     75.5     75.5     75.5    
 0.0355   0.432    76.7     76.7     76.7    
 0.231    0.0824   78.8     78.8     78.8    
 0.283    0.0656   79       79       79      
 0.0548   0.126    80.4     80.4     80.4    
 0.0449   0.278    76.8     76.8     76.8    
 0.648    0.0146   77.5     77.5     77.5    
 0.111    0.157    78.6     78.6     78.6    
 0.0222   1.92     75.3     75.3     75.3    
 0.361    0.0864   77.2     77.2     77.2    
 0.203    0.119    77.3     77.3     77.3    
 0.0702   0.169    77.1     77.1     77.1    
 0.0681   0.427    76.1     76.1     76.1    
 0.0697   0.259    76.6     76.6     76.6    
 0.0714   0.265    76.5     76.5     76.5    
 0.215    0.0931   78.8     78.8     78.8    
 0.421    0.0654   77.8     77.8     77.8    
 0.0534   0.152    79.2     79.2     79.2    
 0.0306   0.201    78       78       78      
 0.126    0.192    76       76       76      
 0.442    0.0481   77.3     77.3     77.3    
 0.503    0.0747   75.8     75.8     75.8    
 0.00672  0.962    86       86       86      
 0.069    0.17     78.9     78.9     78.9    
 0.974    0.00956  75       75       75      
 0.105    0.0815   80.9     80.9     80.9    
 0.0689   0.0745   83.1     83.1     83.1    
 0.192    0.0559   80.9     80.9     80.9    
 0.0588   0.586    75       75       75      
 0.0598   0.58     75.8     75.8     75.8    
 0.0262   0.225    78.5     78.5     78.5    
 0.0241   0.115    83.4     83.4     83.4    
 0.347    0.104    75.6     75.6     75.6    
 0.0886   0.271    75.1     75.1     75.1    
 0.274    0.107    75       75       75      
 0.315    0.106    75       75       75      
 0.214    0.0834   79       79       79      
 0.296    0.0707   78.6     78.6     78.6    
 0.0381   0.209    77.6     77.6     77.6    
 0.0201   0.428    79.1     79.1     79.1    
 0.0174   0.458    79       79       79      
 0.123    0.214    75.9     75.9     75.9    
 0.109    0.0645   82.9     82.9     82.9    
 0.112    0.0323   85.9     85.9     85.9    
 0.489    0.0126   79.7     79.7     79.7    
 0.0878   0.165    78.7     78.7     78.7    
 0.0661   0.144    79.6     79.6     79.6    
 0.207    0.115    77.3     77.3     77.3    
 0.301    0.0821   78       78       78      
 0.0405   0.1      82       82       82      
 0.0287   0.377    78.1     78.1     78.1    
 0.105    0.0936   80.5     80.5     80.5    
 0.563    0.0427   75       75       75      
 0.663    0.0325   75.9     75.9     75.9    
 0.743    0.0317   75.4     75.4     75.4    
 0.755    0.031    75.5     75.5     75.5    
 0.752    0.0327   75       75       75      
 0.544    0.038    75.7     75.7     75.7    
 0.531    0.0481   76.1     76.1     76.1    
 0.582    0.0352   76.7     76.7     76.7    
 0.615    0.0324   77       77       77      
 0.741    0.0298   75.9     75.9     75.9    
 0.0147   2.54     78.7     78.7     78.7    
 0.0452   0.188    77.9     77.9     77.9    
 0.0968   0.156    78.7     78.7     78.7    
 0.0443   0.204    78       78       78      
 0.154    0.142    77.5     77.5     77.5    
 0.0654   0.0672   83.7     83.7     83.7    
 0.428    0.073    77.4     77.4     77.4    
 0.4      0.0374   78.5     78.5     78.5    
 0.0198   0.132    83.7     83.7     83.7    
 0.346    0.0753   78.1     78.1     78.1    
 0.00911  1.01     80       80       80      
 0.102    0.216    76.1     76.1     76.1    
 0.213    0.0381   82.5     82.5     82.5    
 0.0821   0.226    76.6     76.6     76.6    
 0.14     0.166    76.5     76.5     76.5    
 0.302    0.0608   79.8     79.8     79.8    
 0.397    0.0451   79.3     79.3     79.3    
 0.155    0.0494   84.3     84.3     84.3    
 0.0576   0.138    79.6     79.6     79.6    
 0.119    0.184    76.7     76.7     76.7    
 0.0743   0.0781   82.4     82.4     82.4    
 0.173    0.0465   81.7     81.7     81.7    
 0.981    0.00719  83.1     83.1     83.1    
 0.0991   0.055    85       85       85      
 2.15     0.00725  76.6     76.6     76.6    
 0.076    0.0925   81.6     81.6     81.6    
 0.114    0.126    79.6     79.6     79.6    
 0.015    2.73     76.9     76.9     76.9    
 0.101    0.0681   82.7     82.7     82.7    
 0.0565   0.511    76.3     76.3     76.3    
 0.605    0.0138   79.2     79.2     79.2    
 0.0896   0.309    75       75       75      
 0.0896   0.232    75.7     75.7     75.7    
 0.299    0.0583   80.7     80.7     80.7    
 0.108    0.19     76.6     76.6     76.6    
 0.166    0.026    84.7     84.7     84.7    
 0.203    0.0365   82.7     82.7     82.7    
 0.117    0.107    80       80       80      
 0.173    0.0834   80.1     80.1     80.1    
 0.041    0.15     79.8     79.8     79.8    
 0.775    0.0117   78.4     78.4     78.4    
 0.0245   0.416    78.9     78.9     78.9    
 0.0147   0.608    79.1     79.1     79.1    
 0.0744   0.401    75.7     75.7     75.7    
 0.00715  0.644    86.4     86.4     86.4    
 0.0358   0.312    77.3     77.3     77.3    
 0.047    0.223    77.4     77.4     77.4    
 0.00988  0.13     86.5     86.5     86.5    
 0.0128   1.09     79.1     79.1     79.1    
 0.0151   0.465    78.9     78.9     78.9    
 0.0366   0.416    77.2     77.2     77.2    
 0.0241   0.24     79.7     79.7     79.7    
 0.0741   0.447    75       75       75      
 0.209    0.0396   81.5     81.5     81.5    
 0.0347   0.125    82       82       82      
 0.0999   0.082    81.1     81.1     81.1    
 0.0149   0.622    78.2     78.2     78.2    
 0.0514   0.0516   85.3     85.3     85.3    
 0.228    0.125    75       75       75      
 0.1      0.0968   80.6     80.6     80.6    
 0.2      0.128    75       75       75      
 0.0102   0.735    82       82       82      
 0.00986  3.42     79.2     79.2     79.2    
 0.0972   0.115    79.9     79.9     79.9    
 0.22     0.125    75       75       75      
 0.217    0.0309   81.8     81.8     81.8    
 0.26     0.0125   84.9     84.9     84.9    
 0.25     0.0137   85.1     85.1     85.1    
 0.204    0.023    85.3     85.3     85.3    
 0.249    0.0157   85.8     85.8     85.8    
 0.228    0.026    82.6     82.6     82.6    
 0.239    0.0382   81.1     81.1     81.1    
 0.393    0.0218   80.5     80.5     80.5    
 0.138    0.204    75       75       75      
 0.197    0.0252   84.3     84.3     84.3    
 0.364    0.0201   82.2     82.2     82.2    
 0.36     0.0195   82.6     82.6     82.6    
 0.198    0.0207   86.3     86.3     86.3    
 0.455    0.0221   80.3     80.3     80.3    
 0.382    0.103    75.8     75.8     75.8    
 0.658    0.0111   79.5     79.5     79.5    
 0.0349   0.762    77.2     77.2     77.2    
 0.193    0.0828   79.6     79.6     79.6    
 0.204    0.0471   81.5     81.5     81.5    
 0.0256   0.8      77.1     77.1     77.1    
 0.0721   0.331    76.5     76.5     76.5    
 0.326    0.0538   80.9     80.9     80.9    
 0.0266   0.193    79.7     79.7     79.7    
 0.0361   0.16     79.2     79.2     79.2    
 0.0653   0.0711   85.1     85.1     85.1    
 2.72     0.00839  75       75       75      
 0.232    0.0976   76.2     76.2     76.2    
 0.215    0.115    78.5     78.5     78.5    
 0.0357   0.965    75.7     75.7     75.7    
 0.372    0.0466   80.8     80.8     80.8    
 0.0333   0.917    76.6     76.6     76.6    
 0.0373   0.0913   82.3     82.3     82.3    
 0.0822   0.161    78.8     78.8     78.8    
 0.133    0.144    77.9     77.9     77.9    
 0.0203   0.162    81.1     81.1     81.1    
 0.123    0.179    76.3     76.3     76.3    
 0.13     0.185    75.9     75.9     75.9    
 0.159    0.0425   83.8     83.8     83.8    
 0.16     0.124    76.7     76.7     76.7    
 0.225    0.0736   80.3     80.3     80.3    
 0.0236   0.521    78.1     78.1     78.1    
 0.00961  0.403    82.1     82.1     82.1    
 0.137    0.124    79.6     79.6     79.6    
 0.0581   0.239    76.7     76.7     76.7    
 2.15     0.00625  81.2     81.2     81.2    
 0.125    0.143    78.8     78.8     78.8    
 0.0132   3.45     77.8     77.8     77.8    
 0.0256   0.127    83.2     83.2     83.2    
 0.0148   0.522    79.1     79.1     79.1    
 0.102    0.289    75       75       75      
 0.0482   0.276    77.1     77.1     77.1    
 0.0547   0.875    75       75       75      
 0.196    0.0621   80.7     80.7     80.7    
 0.21     0.107    78.9     78.9     78.9    
 0.484    0.0308   77.9     77.9     77.9    
 0.0414   0.132    81.1     81.1     81.1    
 0.378    0.0276   79.4     79.4     79.4    
 0.151    0.117    78.6     78.6     78.6    
 0.29     0.107    76.1     76.1     76.1    
 0.0883   0.416    75       75       75      
 0.245    0.115    75       75       75      
 0.274    0.0592   80       80       80      
 0.0307   0.138    82.2     82.2     82.2    
 0.0779   0.0925   81.1     81.1     81.1    
 0.272    0.0834   78.2     78.2     78.2    
 0.0412   0.237    77.4     77.4     77.4    
 0.0406   0.147    79.9     79.9     79.9    
 0.13     0.132    79       79       79      
 0.083    0.26     76.4     76.4     76.4    
 0.991    0.00869  76       76       76      
 0.0178   0.186    84       84       84      
 0.0993   0.17     76.9     76.9     76.9    
 0.658    0.0154   77.5     77.5     77.5    
 0.0114   0.977    79.7     79.7     79.7    
 0.0194   0.108    83.9     83.9     83.9    
 0.00874  1.27     79.8     79.8     79.8    
 0.399    0.0696   77.7     77.7     77.7    
 0.0277   0.113    83.7     83.7     83.7    
 0.00857  1.47     79.5     79.5     79.5    
 0.609    0.0171   77.4     77.4     77.4    
 0.0209   0.108    84.4     84.4     84.4    
 0.404    0.0885   77       77       77      
 0.0165   0.0986   84.6     84.6     84.6    
 0.819    0.0134   78.3     78.3     78.3    
 0.237    0.0946   76.9     76.9     76.9    
 0.00483  2.63     83.7     83.7     83.7    
 0.00613  0.961    86.2     86.2     86.2    
 0.0372   0.825    75.4     75.4     75.4    
 0.0346   0.217    78       78       78      
 0.129    0.221    75       75       75      
 0.0366   0.113    82.1     82.1     82.1    
 0.201    0.117    78       78       78      
 0.0151   2.69     75.6     75.6     75.6    
 0.0158   3.29     75       75       75      
 1.07     0.00545  86.2     86.2     86.2    
 0.0147   3.18     77.1     77.1     77.1    
 0.0547   0.12     81.3     81.3     81.3    
 0.0224   0.339    79.8     79.8     79.8    
 0.485    0.0185   78.4     78.4     78.4    
 0.557    0.0708   75       75       75      
 0.0411   0.518    75.8     75.8     75.8    
 0.241    0.0725   78.8     78.8     78.8    
 0.267    0.0639   80.3     80.3     80.3    
 0.368    0.0486   79.9     79.9     79.9    
 0.276    0.065    79.1     79.1     79.1    
 0.0173   0.641    77.5     77.5     77.5    
 0.0158   0.844    77.4     77.4     77.4    
 0.062    0.195    76.8     76.8     76.8    
 0.0131   0.304    79.9     79.9     79.9    
 0.056    0.156    79.2     79.2     79.2    
 0.173    0.0905   78.9     78.9     78.9    
 0.0544   0.203    77.6     77.6     77.6    
 0.161    0.0835   79.7     79.7     79.7    
 0.185    0.0391   84.5     84.5     84.5    
 0.238    0.0167   83.5     83.5     83.5    
 0.735    0.0293   76.2     76.2     76.2    
 0.735    0.0282   76.6     76.6     76.6    
 0.141    0.134    77.5     77.5     77.5    
 0.117    0.185    76.3     76.3     76.3    
 0.0094   3.46     77.8     77.8     77.8    
 0.158    0.131    75       75       75      
 0.158    0.136    75.2     75.2     75.2    
 0.16     0.125    75.7     75.7     75.7    
 0.0359   0.0795   82.8     82.8     82.8    
 0.0617   0.0907   81.9     81.9     81.9    
 0.0449   0.0955   82       82       82      
 0.0108   3.49     75       75       75      
 0.264    0.0116   83.4     83.4     83.4    
 0.142    0.198    75       75       75      
 0.0597   0.0783   85.2     85.2     85.2    
 0.0116   0.356    82.9     82.9     82.9    
 0.0755   0.0697   82.8     82.8     82.8    
 0.0922   0.139    78.8     78.8     78.8    
 0.0669   0.145    79.3     79.3     79.3    
 0.119    0.0848   80.4     80.4     80.4    
 0.152    0.176    75.7     75.7     75.7    
 0.826    0.017    75       75       75      
 0.0278   0.142    80.1     80.1     80.1    
 0.018    0.205    81.7     81.7     81.7    
 0.074    0.168    77.8     77.8     77.8    
 0.408    0.0195   81.9     81.9     81.9    
 0.00549  1.32     83.4     83.4     83.4    
 0.717    0.0105   82.1     82.1     82.1    
 0.15     0.0467   84.9     84.9     84.9    
 2.65     3.69     4.6      20       100     
 0.717    0.0146   78.5     78.5     78.5    
 0.729    0.0238   77.3     77.3     77.3    
 0.487    0.0778   75       75       75      
 0.486    0.0724   77       77       77      
 0.0422   0.142    80.1     80.1     80.1    
 0.376    0.0228   81.8     81.8     81.8    
 0.0771   0.0642   85       85       85      
 0.445    0.0811   75       75       75      
 0.831    0.00731  83.2     83.2     83.2    
 2.68     3.68     4.59     20       100     
 0.122    0.104    80.1     80.1     80.1    
 1.08     0.00919  75.8     75.8     75.8    
 0.217    0.0896   77.5     77.5     77.5    
 0.434    0.0901   76.5     76.5     76.5    
 0.0435   0.803    75       75       75      
 0.0248   0.199    80.9     80.9     80.9    
 0.0144   3.42     75       75       75      
 0.114    0.215    76.6     76.6     76.6    
 0.968    0.0101   76.3     76.3     76.3    
 0.156    0.0467   82.6     82.6     82.6    
 0.528    0.0456   77.3     77.3     77.3    
 2.69     3.71     3.74     20       100     
 0.412    0.0492   75       75       75      
 247      247      5.78     15.4     100     
 2.69     3.71     3.74     20       100     
 2.35     0.000536 83       83       83      
 0.000649 0.411    83.1     83.1     83.1    
mat_end
 --------------------------- 
