1000 5
 2.39     2.4      0.954    1.95     0       
 2.4      2.35     0.936    2.12     0       
 2.21     2.93     2.61     0.13     0       
 2.42     2.38     0.93     2.08     0       
 2.18     2.6      4.7      0.504    0       
 2.22     1.64     3.71     2.15     0       
 2.26     2.82     2.81     0.339    0       
 2.28     1.5      1.63     1.74     0       
 2.24     2.89     3.77     0.144    0       
 2.43     2.94     0.859    3.39     0       
 2.38     2.89     1.05     1.92     0       
 2.38     2.95     1.12     1.04     0       
 2.25     2.94     2.2      0.426    0       
 2.22     2.49     4.94     0.709    0       
 2.5      2.92     1.23     0.242    0       
 2.2      2.86     2.36     0.614    0       
 2.64     0.501    2.27     3.31     0       
 2.21     2.93     2.26     0.821    0       
 2.5      1.6      1.13     2.5      0       
 2.35     1.69     1.05     3.13     0       
 2.48     2.86     0.775    3.24     0       
 2.27     2.63     2.66     1.33     0       
 2.36     2.97     1.25     0.492    0       
 2.19     2.93     2.42     0.525    0       
 2.23     2.96     2.27     0.444    0       
 2.19     2.93     2.55     0.474    0       
 2.23     1.44     3.62     2.75     0       
 2.18     2.58     4.96     0.606    0       
 2.34     2.93     1.08     1.27     0       
 2.52     2.84     0.747    3.8      0       
 2.25     2.83     2.01     0.961    0       
 2.47     2.91     0.753    4.2      0       
 2.35     2.87     1.34     1.86     0       
 2.39     2.95     1.16     1.02     0       
 2.23     2.65     4.97     0.403    0       
 2.19     2.96     2.95     0.312    0       
 2.53     2.85     0.799    1.64     0       
 2.23     1.28     3.75     2.79     0       
 2.49     2.84     0.88     1.77     0       
 2.45     2.29     1.05     1.86     0       
 2.28     2.56     2.95     1.32     0       
 2.19     2.91     2.36     0.806    0       
 2.37     2.97     1.03     0.711    0       
 2.26     0.66     3.68     2.7      0       
 2.49     2.88     1.14     0.776    0       
 2.51     2.85     0.981    1.06     0       
 2.36     2.22     0.975    2.25     0       
 2.2      2.94     2.32     1        0       
 2.22     0.953    4.06     2.84     0       
 2.51     2.82     0.753    3.92     0       
 2.23     2.63     3.62     0.896    0       
 2.48     2.14     1.11     1.89     0       
 2.36     2.96     1.21     0.94     0       
 2.35     2.01     1.01     2.61     0       
 2.3      1.36     2.4      0.255    0       
 2.24     2.71     3.46     0.521    0       
 2.18     2.61     4.7      0.514    0       
 2.21     2.96     2.26     0.54     0       
 2.38     2.86     1.1      1.77     0       
 2.18     2.77     2.28     2.54     0       
 2.21     2.86     2.32     0.57     0       
 2.22     1.64     3.7      2.31     0       
 2.52     2.76     0.863    4.25     0       
 2.58     1.48     1.17     2.28     0       
 2.5      1.71     1.08     2.65     0       
 2.23     2.76     1.97     1.36     0       
 2.37     1.02     1.16     5.36     0       
 2.34     2.91     1.27     1.78     0       
 2.32     3.03     1.24     1.92     0       
 2.2      2.74     3.72     0.766    0       
 2.39     1.71     0.987    3.13     0       
 2.33     1.97     1.81     0.937    0       
 2.24     2.72     2.37     0.862    0       
 2.48     2.84     0.752    3.82     0       
 2.23     1.62     3.7      1.21     0       
 2.18     2.91     2.68     0.745    0       
 2.38     1.73     1.04     2.82     0       
 2.38     2.15     0.944    2.69     0       
 2.28     1.38     1.36     4.08     0       
 2.49     2.91     1.2      0.357    0       
 2.39     0.737    1.67     1.13     0       
 2.46     2.35     0.897    3.91     0       
 2.41     2.98     1.06     0.46     0       
 2.35     1.93     1.03     2.48     0       
 2.37     2.05     0.902    5.09     0       
 2.25     2.8      2.13     0.699    0       
 2.38     2.41     0.899    2.89     0       
 2.39     2.27     0.883    4.16     0       
 2.25     2.93     2.29     0.384    0       
 2.49     2.57     0.898    2.07     0       
 2.58     1.36     1.22     2.09     0       
 2.34     0.926    1.27     5.44     0       
 2.25     1.15     3.67     0.991    0       
 2.33     2.15     0.993    2.3      0       
 2.46     2.28     1.05     1.81     0       
 2.58     1.46     1.27     2.15     0       
 2.34     2.93     1.08     1.29     0       
 2.19     2.75     3.37     1.98     0       
 2.25     0.641    3.67     3.06     0       
 2.53     2.9      1.11     0.643    0       
 2.27     2.76     1.97     0.883    0       
 2.44     2.31     1.07     1.79     0       
 2.38     2.98     1.27     0.35     0       
 2.55     2.82     0.77     3.76     0       
 2.16     2.84     3.16     1.73     0       
 2.22     2.96     2.15     0.72     0       
 2.52     2.19     1.11     1.9      0       
 2.27     2.74     1.77     1.08     0       
 2.25     2.69     2.31     1.36     0       
 2.47     2.87     1.05     0.879    0       
 2.3      1.64     1.4      1.61     0       
 2.24     2.84     2.03     0.735    0       
 2.55     1.25     1.08     3.34     0       
 2.37     2.97     1.07     0.69     0       
 2.39     2.38     0.992    1.84     0       
 2.27     0.628    2.66     3.59     0       
 2.35     1.59     1.07     3.09     0       
 2.33     1.55     1.26     2.78     0       
 2.27     2.92     3.12     0.0793   0       
 2.29     1.48     1.63     1.77     0       
 2.39     2.95     1.22     0.862    0       
 2.37     2.19     0.991    1.95     0       
 2.23     2.65     4.96     0.388    0       
 2.39     1.61     1.04     3.11     0       
 2.24     2.66     4.72     0.419    0       
 2.53     2.83     0.864    1.86     0       
 2.21     2.86     2.33     0.614    0       
 2.26     2.82     2.08     0.916    0       
 2.25     2.64     3.46     0.867    0       
 2.25     2.68     3.23     1.04     0       
 2.35     2.97     1.23     0.596    0       
 2.31     1.65     1.32     1.97     0       
 2.38     2.33     0.931    3.04     0       
 2.28     1.56     3.18     2.15     0       
 2.26     2.54     2.61     1.66     0       
 2.39     1.42     1.08     3.32     0       
 2.16     2.79     3.18     1.71     0       
 2.28     1.61     2.27     1.51     0       
 2.19     2.89     2.67     0.876    0       
 2.22     1.46     3.7      2.49     0       
 2.21     2.78     2.23     0.969    0       
 2.45     2.94     0.89     2.89     0       
 2.46     2.94     0.851    3.27     0       
 2.2      2.98     2.58     0.461    0       
 2.35     2.96     1.28     0.611    0       
 2.25     2.74     3.87     0.289    0       
 2.4      0.857    1.11     5.56     0       
 2.45     2.95     0.872    2.97     0       
 2.5      1.61     1.07     2.94     0       
 2.49     2.47     0.922    2.12     0       
 2.21     2.93     2.73     0.491    0       
 2.27     1.3      1.94     2.27     0       
 2.25     2.51     2.62     1.75     0       
 2.41     2.94     1        1.2      0       
 2.19     2.72     3.56     2        0       
 2.4      2.94     1.19     0.982    0       
 2.18     2.54     5.05     0.618    0       
 2.24     2.56     3.06     1.45     0       
 2.22     0.887    3.95     3.42     0       
 2.27     2.69     1.86     1.02     0       
 2.24     2.68     4.83     0.337    0       
 2.35     2.02     1.01     2.59     0       
 2.19     2.92     3        0.448    0       
 2.35     1.03     1.16     5.35     0       
 2.37     2.92     0.987    1.43     0       
 2.28     1.38     1.33     3.99     0       
 2.37     1.23     1.8      0.247    0       
 2.46     2.97     1.03     0.752    0       
 2.41     2.28     0.921    3.89     0       
 2.37     1.75     0.991    3.19     0       
 2.36     2.85     1.36     1.72     0       
 2.37     2.87     1.09     1.78     0       
 2.51     2.83     0.939    1.57     0       
 2.18     2.6      4.84     0.574    0       
 2.25     2.56     3.33     1.17     0       
 2.35     1.56     1.07     3.57     0       
 2.38     2.33     0.924    2.91     0       
 2.41     2.92     0.854    3.58     0       
 2.27     2.64     3.32     0.849    0       
 2.4      2.97     1.26     0.439    0       
 2.28     0.919    3.31     2.77     0       
 2.19     2.96     2.74     0.396    0       
 2.37     1.83     1.03     2.71     0       
 2.28     1.07     1.7      3.08     0       
 2.43     2.5      0.912    2.01     0       
 2.24     2.86     3.79     0.143    0       
 2.21     2.78     2.3      0.99     0       
 2.18     2.76     2.22     1.85     0       
 2.25     2.74     3.71     0.279    0       
 2.38     2.96     1.22     0.75     0       
 2.58     1.53     1.15     2.23     0       
 2.24     2.82     2.11     1.07     0       
 2.39     2.39     0.942    2.08     0       
 2.51     2.88     0.824    1.05     0       
 2.39     1.66     0.989    3.86     0       
 2.41     2.11     0.895    4.88     0       
 2.36     1.38     1.08     2.8      0       
 2.19     2.95     2.58     0.462    0       
 2.4      2.9      1.07     1.68     0       
 2.24     2.68     2.31     1.81     0       
 2.21     2.72     2.36     1.24     0       
 2.48     2.9      1        1.15     0       
 2.2      2.91     3.07     0.483    0       
 2.42     2.14     0.955    2.49     0       
 2.34     1.77     1.02     3.17     0       
 2.39     2.88     1.09     1.74     0       
 2.25     2.57     3.2      1.13     0       
 2.38     2.33     0.928    2.91     0       
 2.41     2.95     1.45     0.652    0       
 2.27     1.3      3.74     0.66     0       
 2.4      2.35     0.937    2.12     0       
 2.23     2.66     4.92     0.39     0       
 2.41     2.95     1.04     1.12     0       
 2.41     2.98     1.21     0.517    0       
 2.37     1.78     1.03     2.75     0       
 2.25     1.16     3.65     1.1      0       
 2.33     1.62     1.27     2.72     0       
 2.37     2.86     1.1      1.8      0       
 2.36     2.96     1.29     0.597    0       
 2.25     2.76     3.73     0.205    0       
 2.22     2.65     2.67     2.06     0       
 2.35     2.96     1.26     0.706    0       
 2.23     2.68     3.13     1.55     0       
 2.39     2.95     1.53     0.768    0       
 2.37     2.43     0.902    3.61     0       
 2.24     2.71     3.62     0.487    0       
 2.36     2        0.96     2.71     0       
 2.54     2.91     1.02     0.624    0       
 2.22     1.63     3.7      2.66     0       
 2.26     2.81     2.96     0.373    0       
 2.19     2.92     2.39     0.594    0       
 2.24     2.72     2.19     1.21     0       
 2.32     1.75     1.25     5.1      0       
 2.25     2.51     2.7      1.77     0       
 2.34     3        1.28     0.0343   0       
 2.51     2.83     0.771    3.71     0       
 2.38     1.91     0.922    4.59     0       
 2.2      2.92     2.9      0.422    0       
 2.45     2.94     0.902    2.65     0       
 2.27     1.1      1.77     2.55     0       
 2.35     2.88     1.16     1.78     0       
 2.26     2.77     1.61     0.935    0       
 2.35     2.98     1.27     0.475    0       
 2.37     2.96     1.23     0.673    0       
 2.4      2.89     1.06     1.71     0       
 2.49     2.58     0.894    1.99     0       
 2.38     2.36     0.907    3.13     0       
 2.17     2.78     2.35     1.15     0       
 2.25     2.91     2.43     0.397    0       
 2.2      2.7      2.78     2.38     0       
 2.22     2.67     3.52     0.69     0       
 2.36     2.94     1.23     1.06     0       
 2.35     2.86     1.32     1.66     0       
 2.24     1.28     3.75     0.738    0       
 2.27     1.12     1.57     3.1      0       
 2.42     1.88     0.982    2.96     0       
 2.28     1.46     2.09     1.72     0       
 2.23     2.69     3.17     1.5      0       
 2.49     2.54     0.905    2.34     0       
 2.52     2.9      1.09     0.636    0       
 2.4      2.39     0.945    1.96     0       
 2.21     2.96     2.16     0.716    0       
 2.24     1.16     4.14     1.33     0       
 2.28     1.55     1.63     1.71     0       
 2.4      1.85     0.923    4.44     0       
 2.19     2.89     3.76     0.366    0       
 2.4      2.34     0.941    2.55     0       
 2.4      1.92     0.911    5.03     0       
 2.37     2.41     0.923    2.85     0       
 2.36     2.89     1.09     1.74     0       
 2.36     2.86     1.11     1.67     0       
 2.41     3        1.29     0.0998   0       
 2.18     2.92     3        0.423    0       
 2.63     0.404    3.04     3.47     0       
 2.32     3.02     1.17     2.22     0       
 2.26     2.92     2.31     0.412    0       
 2.39     1.25     1.09     3.3      0       
 2.24     2.56     3.06     1.44     0       
 2.37     2.92     0.987    1.43     0       
 2.43     2.5      0.913    2        0       
 2.38     2.96     1.24     0.664    0       
 2.26     1.34     3.5      0.919    0       
 2.4      1.79     0.926    5.23     0       
 2.23     2.67     3.11     1.55     0       
 2.42     2.37     0.905    3.09     0       
 2.24     1.18     4.12     1.09     0       
 2.2      2.99     2.56     0.447    0       
 2.4      1.95     0.915    4.81     0       
 2.37     1.85     1.02     2.67     0       
 2.24     2.7      4.77     0.26     0       
 2.24     2.68     4.82     0.326    0       
 2.38     2.08     1        2.37     0       
 2.24     2.79     2.37     0.939    0       
 2.26     2.93     2.17     0.429    0       
 2.22     2.72     2.16     1.21     0       
 2.22     1.58     3.68     2.53     0       
 2.19     2.89     3.81     0.374    0       
 2.35     2.86     1.29     1.66     0       
 2.37     1.75     0.997    3.18     0       
 2.36     2.96     1.27     0.768    0       
 2.35     2.87     1.11     1.61     0       
 2.28     2.91     3.23     0.186    0       
 2.39     2.88     1.1      1.68     0       
 2.19     2.9      3.55     0.25     0       
 2.39     0.863    1.18     5.38     0       
 2.25     2.55     2.04     1.71     0       
 2.23     2.68     3.45     0.551    0       
 2.21     2.79     2.41     0.938    0       
 2.21     2.93     2.51     0.502    0       
 2.19     2.95     2.7      0.335    0       
 2.51     2.91     1.11     0.508    0       
 2.43     2.5      0.916    1.98     0       
 2.39     2.44     0.932    2.38     0       
 2.43     2.11     0.896    4.88     0       
 2.35     1.45     1.08     2.77     0       
 2.41     2.95     1.51     0.703    0       
 2.38     1.93     0.932    4.37     0       
 2.5      2.58     0.892    1.93     0       
 2.19     2.9      3.1      0.583    0       
 2.42     1.04     1.18     5.29     0       
 2.34     2.02     0.961    2.71     0       
 2.28     1.51     1.46     1.95     0       
 2.5      2.82     0.938    1.6      0       
 2.23     1.29     3.66     3        0       
 2.37     1.74     1.03     2.88     0       
 2.35     2.86     1.25     1.85     0       
 2.36     2.86     1.11     1.66     0       
 2.42     1.82     0.921    5.11     0       
 2.24     1.23     4.03     0.777    0       
 2.48     2.84     0.888    1.7      0       
 2.35     2.86     1.31     1.91     0       
 2.23     2.71     4.92     0.211    0       
 2.38     2.41     0.899    2.9      0       
 2.19     2.75     3.42     2.08     0       
 2.51     2.83     0.866    1.91     0       
 2.21     2.93     2.57     0.312    0       
 2.44     2.49     0.922    2.06     0       
 2.19     2.95     2.61     0.456    0       
 2.22     2.71     2.51     1.27     0       
 2.26     1.34     3.52     1.89     0       
 2.4      1.85     0.927    4.44     0       
 2.52     2.82     0.763    3.74     0       
 2.36     2.96     1.28     0.875    0       
 2.27     2.93     3.05     0.21     0       
 2.25     2.52     3.29     1.26     0       
 2.3      2.74     1.88     0.971    0       
 2.25     2.95     2.23     0.571    0       
 2.51     2.88     0.849    0.962    0       
 2.35     2.08     1.02     2.09     0       
 2.19     2.97     2.88     0.334    0       
 2.4      2.39     0.953    1.97     0       
 2.25     2.58     3.15     1.11     0       
 2.25     2.91     2.43     0.4      0       
 2.25     2.58     5.12     0.459    0       
 2.39     1.84     0.93     5.02     0       
 2.35     2.88     1.11     1.79     0       
 2.29     0.608    3.29     3.19     0       
 2.24     2.68     2.37     1.79     0       
 2.38     2.33     0.934    2.9      0       
 2.37     1.91     0.917    4.59     0       
 2.39     1.84     0.912    5.12     0       
 2.49     2.54     0.909    2.25     0       
 2.42     2.97     1.22     0.446    0       
 2.22     1.53     3.69     2.62     0       
 2.27     1.34     3.48     1.08     0       
 2.38     2.33     0.935    3.04     0       
 2.2      2.89     3.7      0.348    0       
 2.44     2.92     0.871    3.58     0       
 2.36     2.35     0.92     3.52     0       
 2.37     1.78     1.02     2.72     0       
 2.19     2.92     2.38     0.582    0       
 2.38     1.29     1.09     3.3      0       
 2.37     2.97     1.25     0.603    0       
 2.33     1.63     1.28     2.44     0       
 2.34     2.08     0.967    2.5      0       
 2.26     1.33     3.49     2.38     0       
 2.46     2.97     1.02     0.714    0       
 2.39     2.33     0.935    2.89     0       
 2.41     2.11     0.897    4.87     0       
 2.39     2.89     1.09     1.66     0       
 2.29     2.75     3.91     0.191    0       
 2.42     1.75     0.929    5.14     0       
 2.39     1.24     1.1      3.26     0       
 2.36     2.85     1.16     1.67     0       
 2.35     2.02     1.01     2.6      0       
 2.18     2.77     2.41     1.83     0       
 2.38     0.871    1.12     5.94     0       
 2.4      2.4      0.972    1.58     0       
 2.55     2.9      1.08     0.609    0       
 2.23     2.66     4.93     0.393    0       
 2.24     2.72     2.21     1.22     0       
 2.27     1.13     1.64     3.09     0       
 2.4      1.86     0.926    4.41     0       
 2.37     2.41     0.923    2.77     0       
 2.36     1.86     1.02     2.82     0       
 2.38     2.08     1.01     2.36     0       
 2.35     2.86     1.16     1.84     0       
 2.55     1.26     1.08     3.33     0       
 2.48     2.86     0.834    1.56     0       
 2.42     1.87     0.989    2.77     0       
 2.35     2.91     1.03     1.15     0       
 2.24     2.86     3.79     0.167    0       
 2.58     1.51     1.16     2.25     0       
 2.19     2.96     2.61     0.454    0       
 2.22     1.3      3.67     3.25     0       
 2.41     2.95     1.42     0.624    0       
 2.37     1.77     1.03     2.77     0       
 2.33     1.62     1.27     2.7      0       
 2.35     2.86     1.33     1.89     0       
 2.49     2.82     0.776    3.86     0       
 2.43     2.5      0.915    2.02     0       
 2.36     1.38     1.08     2.8      0       
 2.39     2.9      1.07     1.67     0       
 2.33     1.61     1.27     2.74     0       
 2.51     2.83     0.767    3.71     0       
 2.38     2.98     1.08     0.394    0       
 2.28     1.55     1.54     1.71     0       
 2.37     2.41     0.924    2.78     0       
 2.63     0.437    3.05     3.44     0       
 2.23     2.67     3.1      1.54     0       
 2.39     1.84     0.918    5.05     0       
 2.37     1.02     1.16     5.35     0       
 2.27     0.632    2.28     3.56     0       
 2.25     2.68     3.17     1.03     0       
 2.38     2.91     0.989    1.46     0       
 2.46     2.96     1.03     0.723    0       
 2.19     2.9      3.79     0.346    0       
 2.38     2.37     0.907    3.09     0       
 2.28     1.47     2.22     1.67     0       
 2.23     2.69     3.12     1.49     0       
 2.4      2.4      0.953    1.94     0       
 2.49     2.91     1.12     0.44     0       
 2.36     1.73     1.05     2.82     0       
 2.4      1.94     0.91     4.83     0       
 2.38     2.41     0.901    2.91     0       
 2.42     2.38     0.929    2.15     0       
 2.5      1.6      1.13     2.51     0       
 2.36     2.97     1.26     0.482    0       
 2.52     2.84     0.753    3.79     0       
 2.2      2.94     2.33     0.996    0       
 2.52     2.76     0.867    4.25     0       
 2.39     1.72     0.999    3.06     0       
 2.38     2.41     0.907    2.79     0       
 2.35     0.92     1.35     5.43     0       
 2.24     2.9      2.75     0.448    0       
 2.25     2.63     3.5      0.876    0       
 2.35     2.96     1.28     0.612    0       
 2.4      2.94     1.19     1.01     0       
 2.37     2.02     1.01     2.48     0       
 2.36     2.85     1.25     1.72     0       
 2.24     2.86     3.77     0.135    0       
 2.35     2.97     1.23     0.581    0       
 2.39     1.1      1.84     0.44     0       
 2.22     2.67     3.48     1.46     0       
 2.35     2.86     1.24     1.65     0       
 2.37     2.92     0.993    1.41     0       
 2.38     2.96     1.24     0.668    0       
 2.23     2.67     3.13     1.55     0       
 2.28     2.91     3.23     0.181    0       
 2.31     1.64     1.3      1.98     0       
 2.27     1.3      1.94     2.49     0       
 2.27     2.69     1.85     1.01     0       
 2.41     2.28     0.921    3.98     0       
 2.24     2.86     3.79     0.154    0       
 2.2      2.91     3.07     0.545    0       
 2.25     2.68     3.21     1.04     0       
 2.35     2.97     1.23     0.596    0       
 2.35     2.96     1.28     0.673    0       
 2.45     2.95     0.873    2.98     0       
 2.19     2.92     2.99     0.447    0       
 2.54     1.49     1.14     2.71     0       
 2.27     2.64     3.32     0.851    0       
 2.38     2.96     1.22     0.733    0       
 2.39     2.39     0.942    2.05     0       
 2.37     2.33     0.93     2.9      0       
 2.27     1.29     3.76     0.611    0       
 2.26     2.77     1.61     0.932    0       
 2.4      2.39     0.947    1.96     0       
 2.43     2.5      0.916    1.99     0       
 2.35     2.86     1.29     1.66     0       
 2.26     1.34     3.51     2.03     0       
 2.24     2.84     2.02     1.02     0       
 2.31     1.65     1.28     1.95     0       
 2.2      2.98     2.58     0.463    0       
 2.49     2.47     0.925    2.12     0       
 2.41     2.94     0.994    1.21     0       
 2.4      2.97     1.26     0.434    0       
 2.58     1.53     1.16     2.23     0       
 2.4      2.35     0.941    2.07     0       
 2.37     2.86     1.11     1.8      0       
 2.39     2.95     1.54     0.77     0       
 2.39     1.26     1.09     3.27     0       
 2.18     2.89     3.13     0.614    0       
 2.23     2.67     3.09     1.55     0       
 2.37     1.85     1.02     3        0       
 2.35     2.86     1.3      1.67     0       
 2.29     2.82     1.58     1.54     0       
 2.25     2.95     2.23     0.482    0       
 2.48     2.86     0.779    3.24     0       
 2.19     2.96     2.96     0.31     0       
 2.18     2.77     2.29     2.74     0       
 2.39     1.71     0.99     3.12     0       
 2.16     2.84     3.17     1.88     0       
 2.27     2.92     3.13     0.0839   0       
 2.24     2.66     4.73     0.377    0       
 2.24     2.9      2.75     0.448    0       
 2.21     2.86     2.34     0.615    0       
 2.26     2.82     2.07     1        0       
 2.25     2.64     3.45     0.862    0       
 2.31     1.65     1.31     1.97     0       
 2.38     2.33     0.931    3.02     0       
 2.26     2.54     2.61     1.66     0       
 2.25     2.72     4.12     0.375    0       
 2.28     1.61     2.27     1.51     0       
 2.22     1.46     3.72     2.47     0       
 2.21     2.78     2.23     0.971    0       
 2.45     2.94     0.892    2.68     0       
 2.46     2.94     0.852    3.27     0       
 2.2      2.98     2.58     0.461    0       
 2.4      0.856    1.11     5.56     0       
 2.45     2.95     0.873    2.97     0       
 2.5      1.6      1.07     2.98     0       
 2.49     2.47     0.924    2.1      0       
 2.21     2.93     2.71     0.465    0       
 2.27     1.3      1.94     2.39     0       
 2.25     2.51     2.41     1.74     0       
 2.41     2.94     0.992    1.21     0       
 2.4      2.94     1.19     1.04     0       
 2.24     2.56     3.07     1.45     0       
 2.27     2.69     1.86     1.02     0       
 2.24     2.68     4.81     0.326    0       
 2.35     2.02     1.01     2.59     0       
 2.19     2.92     2.99     0.447    0       
 2.35     1.04     1.15     5.54     0       
 2.37     2.92     0.982    1.43     0       
 2.28     1.38     1.33     3.99     0       
 2.37     1.22     1.77     0.322    0       
 2.46     2.97     1.02     0.709    0       
 2.37     1.75     1        3.19     0       
 2.36     2.85     1.36     1.72     0       
 2.37     2.87     1.09     1.78     0       
 2.18     2.6      4.86     0.571    0       
 2.35     1.56     1.07     3.58     0       
 2.41     2.92     0.856    3.57     0       
 2.27     2.64     3.32     0.851    0       
 2.28     0.928    3.35     2.86     0       
 2.19     2.96     2.7      0.393    0       
 2.37     1.83     1.03     2.68     0       
 2.28     1.08     1.67     3.08     0       
 2.24     2.86     3.76     0.14     0       
 2.21     2.78     2.31     1.41     0       
 2.18     2.76     2.22     1.7      0       
 2.24     2.74     3.7      0.279    0       
 2.41     1.67     0.992    3.65     0       
 2.52     2.9      1.1      0.575    0       
 2.41     2.11     0.898    4.79     0       
 2.36     1.38     1.08     2.8      0       
 2.19     2.96     2.59     0.454    0       
 2.4      2.9      1.07     1.68     0       
 2.24     2.68     2.34     1.81     0       
 2.21     2.67     3.86     1.4      0       
 2.21     2.72     2.17     1.24     0       
 2.48     2.9      0.999    1.18     0       
 2.2      2.91     3.07     0.481    0       
 2.41     2.14     0.954    2.49     0       
 2.25     2.57     3.2      1.13     0       
 2.41     2.95     1.44     0.652    0       
 2.27     1.3      3.74     0.616    0       
 2.4      2.35     0.942    2.12     0       
 2.23     2.66     4.92     0.39     0       
 2.41     2.98     1.22     0.512    0       
 2.37     1.78     1.03     2.83     0       
 2.25     1.16     3.65     1.08     0       
 2.37     2.86     1.1      1.8      0       
 2.36     2.96     1.29     0.597    0       
 2.22     2.65     2.67     1.99     0       
 2.35     2.96     1.27     0.691    0       
 2.23     2.68     3.13     1.55     0       
 2.39     2.95     1.53     0.769    0       
 2.37     2.43     0.909    3.6      0       
 2.24     2.71     3.62     0.488    0       
 2.36     2        0.96     2.71     0       
 2.54     2.91     1.02     0.627    0       
 2.22     1.63     3.71     2.49     0       
 2.26     2.81     3.02     0.373    0       
 2.19     2.92     2.37     0.625    0       
 2.32     1.76     1.26     5.01     0       
 2.25     2.51     2.64     1.76     0       
 2.34     3        1.28     0.11     0       
 2.51     2.83     0.77     3.71     0       
 2.2      2.92     2.89     0.422    0       
 2.45     2.94     0.908    2.69     0       
 2.35     2.88     1.16     1.78     0       
 2.26     2.77     1.61     0.935    0       
 2.35     2.98     1.27     0.477    0       
 2.49     2.58     0.892    1.99     0       
 2.38     2.36     0.908    3.12     0       
 2.17     2.78     2.49     0.986    0       
 2.25     2.91     2.42     0.414    0       
 2.2      2.7      2.77     2.57     0       
 2.22     2.67     3.53     0.69     0       
 2.35     2.86     1.31     1.66     0       
 2.24     1.28     3.75     0.739    0       
 2.27     1.12     1.57     3.1      0       
 2.42     1.88     0.991    2.96     0       
 2.23     2.69     3.15     1.5      0       
 2.49     2.54     0.907    2.35     0       
 2.52     2.9      1.09     0.635    0       
 2.4      2.21     0.945    2.58     0       
 2.21     2.96     2.16     0.717    0       
 2.28     1.55     1.59     1.71     0       
 2.4      1.85     0.929    4.41     0       
 2.4      2.34     0.941    2.34     0       
 2.4      1.92     0.91     5.01     0       
 2.36     2.89     1.09     1.74     0       
 2.36     2.86     1.11     1.67     0       
 2.41     3        1.29     0.0817   0       
 2.54     2.91     1.11     0.453    0       
 2.63     0.41     3.12     3.46     0       
 2.32     3.02     1.17     2.21     0       
 2.26     2.93     2.32     0.487    0       
 2.39     1.25     1.09     3.3      0       
 2.24     2.56     3.06     1.44     0       
 2.37     2.92     0.986    1.43     0       
 2.43     2.5      0.916    2        0       
 2.26     1.34     3.49     1.14     0       
 2.18     2.89     3.13     0.616    0       
 2.4      1.79     0.932    5.23     0       
 2.23     2.67     3.1      1.54     0       
 2.42     2.37     0.908    3.09     0       
 2.24     1.18     4.14     1.08     0       
 2.4      1.95     0.915    4.81     0       
 2.37     1.85     1.03     2.67     0       
 2.38     2.08     1        2.37     0       
 2.26     2.93     2.17     0.429    0       
 2.22     2.72     2.16     1.2      0       
 2.22     1.58     3.69     2.77     0       
 2.19     2.89     3.83     0.381    0       
 2.35     2.86     1.29     1.66     0       
 2.42     2.04     0.935    3.36     0       
 2.25     1.16     3.65     1.2      0       
 2.36     2.96     1.27     0.818    0       
 2.35     2.87     1.11     1.6      0       
 2.28     2.91     3.22     0.183    0       
 2.39     2.88     1.1      1.68     0       
 2.19     2.9      3.52     0.25     0       
 2.39     0.861    1.17     5.38     0       
 2.23     2.68     3.44     0.548    0       
 2.21     2.79     2.42     0.934    0       
 2.51     2.91     1.11     0.507    0       
 2.43     2.5      0.916    1.97     0       
 2.43     2.11     0.894    4.87     0       
 2.41     2.95     1.5      0.705    0       
 2.38     1.93     0.93     4.58     0       
 2.5      2.58     0.895    1.93     0       
 2.36     2.85     1.12     1.66     0       
 2.26     2.56     2.05     1.62     0       
 2.23     1.29     3.67     3.24     0       
 2.37     1.75     1.04     2.84     0       
 2.35     2.86     1.22     1.84     0       
 2.42     1.82     0.921    5.11     0       
 2.35     2.86     1.31     1.91     0       
 2.23     2.71     4.92     0.331    0       
 2.38     2.41     0.9      2.9      0       
 2.44     2.49     0.925    2.06     0       
 2.22     2.71     2.51     1.27     0       
 2.26     1.34     3.5      1.82     0       
 2.4      1.85     0.927    4.42     0       
 2.56     2.91     1.12     0.454    0       
 2.52     2.82     0.766    3.74     0       
 2.36     2.96     1.28     0.92     0       
 2.27     2.92     3.05     0.0604   0       
 2.25     2.52     3.28     1.26     0       
 2.3      2.74     1.85     0.967    0       
 2.25     2.95     2.24     0.589    0       
 2.51     2.88     0.85     0.962    0       
 2.35     2.08     1.01     2.09     0       
 2.4      2.39     0.949    1.98     0       
 2.25     2.58     3.15     1.11     0       
 2.25     2.58     5.13     0.459    0       
 2.39     1.84     0.929    5.03     0       
 2.35     2.88     1.11     1.79     0       
 2.25     1.12     3.68     1.02     0       
 2.29     0.608    3.34     3.44     0       
 2.24     2.68     2.37     1.79     0       
 2.38     2.33     0.933    2.9      0       
 2.37     1.91     0.917    4.6      0       
 2.39     1.84     0.914    5.12     0       
 2.4      0.52     1.73     0.596    0       
 2.41     3        1.3      0.00801  0       
 2.39     2.4      0.952    1.94     0       
 2.4      2.35     0.935    2.18     0       
 2.21     2.93     2.59     0.13     0       
 2.42     2.38     0.93     2.1      0       
 2.22     1.64     3.72     2.3      0       
 2.26     2.82     2.81     0.332    0       
 2.28     1.5      1.55     1.73     0       
 2.43     2.94     0.863    3.38     0       
 2.38     2.89     1.06     1.91     0       
 2.38     2.95     1.12     1.04     0       
 2.25     2.94     2.2      0.423    0       
 2.22     2.49     4.94     0.8      0       
 2.5      2.92     1.24     0.353    0       
 2.2      2.86     2.36     0.581    0       
 2.21     2.93     2.26     0.821    0       
 2.5      1.6      1.13     2.5      0       
 2.35     1.69     1.06     3.47     0       
 2.48     2.86     0.775    3.24     0       
 2.36     2.97     1.26     0.491    0       
 2.23     2.96     2.27     0.441    0       
 2.19     2.93     2.55     0.474    0       
 2.23     1.44     3.63     2.88     0       
 2.52     2.84     0.751    3.81     0       
 2.47     2.91     0.76     4.2      0       
 2.35     2.87     1.34     1.86     0       
 2.39     2.95     1.16     1.02     0       
 2.23     2.65     4.97     0.403    0       
 2.19     2.96     2.95     0.312    0       
 2.53     2.85     0.799    1.64     0       
 2.45     2.29     1.05     1.95     0       
 2.28     2.56     2.94     1.32     0       
 2.19     2.91     2.36     0.86     0       
 2.26     0.66     3.65     2.93     0       
 2.49     2.88     1.15     0.781    0       
 2.51     2.85     0.987    1.06     0       
 2.36     2.22     0.974    2.24     0       
 2.2      2.94     2.33     1        0       
 2.22     0.954    4.05     2.92     0       
 2.23     1.46     3.85     1.63     0       
 2.51     2.82     0.756    3.92     0       
 2.48     2.14     1.13     1.88     0       
 2.35     2.01     1.01     2.61     0       
 2.24     2.71     3.45     0.521    0       
 2.18     2.61     4.71     0.513    0       
 2.21     2.96     2.25     0.54     0       
 2.38     2.86     1.1      1.77     0       
 2.18     2.77     2.29     2.83     0       
 2.21     2.86     2.32     0.561    0       
 2.52     2.76     0.864    4.25     0       
 2.58     1.48     1.17     2.32     0       
 2.5      1.71     1.08     2.65     0       
 2.23     2.76     1.97     1.66     0       
 2.37     1.02     1.16     5.36     0       
 2.38     2.26     0.93     3.11     0       
 2.32     3.03     1.23     1.92     0       
 2.2      2.74     3.73     0.767    0       
 2.39     1.71     0.989    3.13     0       
 2.33     1.97     1.81     0.68     0       
 2.48     2.84     0.748    3.82     0       
 2.23     1.63     3.71     0.99     0       
 2.18     2.91     2.68     0.745    0       
 2.38     2.15     0.942    2.68     0       
 2.28     1.38     1.36     4.07     0       
 2.51     2.91     1.2      0.362    0       
 2.39     0.737    1.67     1.05     0       
 2.46     2.35     0.899    3.87     0       
 2.41     2.98     1.06     0.48     0       
 2.35     1.93     1.03     2.48     0       
 2.37     2.05     0.898    5.09     0       
 2.25     2.8      2.14     0.844    0       
 2.38     2.41     0.903    2.89     0       
 2.25     2.93     2.28     0.383    0       
 2.49     2.57     0.898    2.07     0       
 2.34     0.926    1.27     5.44     0       
 2.25     1.15     3.67     0.991    0       
 2.33     2.15     0.993    2.3      0       
 2.58     1.46     1.27     2.15     0       
 2.34     2.93     1.08     1.28     0       
 2.25     0.641    3.66     3        0       
 2.27     2.76     2        0.884    0       
 2.38     2.98     1.28     0.347    0       
 2.55     2.82     0.769    3.77     0       
 2.16     2.84     3.17     2.18     0       
 2.21     2.96     2.16     0.721    0       
 2.27     2.74     1.78     1.09     0       
 2.25     2.69     2.31     1.36     0       
 2.47     2.87     1.05     0.877    0       
 2.3      1.64     1.4      1.61     0       
 2.37     2.97     1.07     0.886    0       
 2.39     2.38     0.989    1.84     0       
 2.27     0.628    2.66     3.59     0       
 2.35     1.59     1.08     3.08     0       
 2.33     1.55     1.26     2.78     0       
 2.27     2.92     3.13     0.237    0       
 2.39     2.95     1.22     0.859    0       
 2.42     2.16     0.998    2.04     0       
 2.23     2.65     4.96     0.387    0       
 2.39     1.61     1.04     3.12     0       
 2.24     2.66     4.72     0.369    0       
 2.53     2.83     0.873    1.86     0       
 2.24     2.9      2.75     0.443    0       
 2.21     2.86     2.33     0.614    0       
 2.25     2.68     3.26     1.04     0       
 2.35     2.97     1.23     0.602    0       
 2.31     1.65     1.29     1.97     0       
 2.38     2.33     0.931    3.04     0       
 2.4      3        1.24     0.12     0       
 2.25     2.72     4.13     0.376    0       
 2.16     2.79     3.17     1.71     0       
 2.28     1.61     2.31     1.51     0       
 2.22     1.46     3.71     2.58     0       
 2.45     2.94     0.89     2.85     0       
 2.46     2.94     0.852    3.27     0       
 2.35     2.96     1.27     0.708    0       
 2.25     2.74     3.87     0.286    0       
 2.4      0.857    1.11     5.56     0       
 2.45     2.95     0.871    2.97     0       
 2.5      1.61     1.07     3.08     0       
 2.21     2.93     2.73     0.495    0       
 2.25     2.51     2.61     1.75     0       
 2.19     2.72     3.57     2        0       
 2.4      2.94     1.19     0.982    0       
 2.18     2.54     5.05     0.617    0       
 2.24     2.56     3.07     1.45     0       
 2.27     2.69     1.87     1.02     0       
 2.24     2.68     4.83     0.337    0       
 2.19     2.92     3        0.447    0       
 2.35     1.03     1.16     5.49     0       
 2.37     2.92     0.988    1.43     0       
 2.28     1.38     1.33     3.99     0       
 2.37     1.23     1.81     0.387    0       
 2.46     2.97     1.02     0.759    0       
 2.37     1.75     0.999    3.18     0       
 2.36     2.85     1.36     1.72     0       
 2.37     2.87     1.09     1.78     0       
 2.5      2.83     0.943    1.57     0       
 2.25     2.56     3.33     1.17     0       
 2.35     1.56     1.08     3.68     0       
 2.38     2.33     0.926    2.91     0       
 2.41     2.92     0.852    3.58     0       
 2.27     2.64     3.32     0.849    0       
 2.4      2.97     1.26     0.437    0       
 2.28     0.919    3.31     2.88     0       
 2.28     1.07     1.7      3.08     0       
 2.43     2.5      0.914    2.01     0       
 2.24     2.86     3.78     0.142    0       
 2.21     2.78     2.29     0.992    0       
 2.18     2.76     2.22     1.49     0       
 2.58     1.53     1.15     2.23     0       
 2.24     2.82     2.11     1.01     0       
 2.39     2.39     0.942    2.04     0       
 2.51     2.88     0.821    1.06     0       
 2.39     1.66     0.992    3.83     0       
 2.19     2.95     2.59     0.462    0       
 2.4      2.9      1.07     1.68     0       
 2.24     2.68     2.32     1.87     0       
 2.2      2.91     3.07     0.483    0       
 2.42     2.14     0.955    2.49     0       
 2.34     1.77     1.02     3.17     0       
 2.39     2.88     1.08     1.74     0       
 2.25     2.57     3.2      1.13     0       
 2.38     2.33     0.929    2.91     0       
 2.41     2.95     1.45     0.651    0       
 2.27     1.3      3.74     0.618    0       
 2.4      2.35     0.937    2.12     0       
 2.41     2.98     1.21     0.518    0       
 2.25     1.16     3.67     1.16     0       
 2.33     1.61     1.27     2.72     0       
 2.37     2.86     1.11     1.8      0       
 2.23     2.68     3.13     1.55     0       
 2.39     2.95     1.54     0.766    0       
 2.37     2.43     0.903    3.61     0       
 2.24     2.71     3.62     0.486    0       
 2.36     2        0.96     2.71     0       
 2.54     2.91     1.02     0.637    0       
 2.22     1.63     3.71     2.74     0       
 2.26     2.81     2.95     0.372    0       
 2.19     2.92     2.38     0.596    0       
 2.32     1.75     1.26     5.1      0       
 2.25     2.51     2.7      1.77     0       
 2.34     3        1.28     0.0105   0       
 2.51     2.83     0.768    3.7      0       
 2.38     1.91     0.921    4.59     0       
 2.27     1.11     1.87     2.54     0       
 2.35     2.88     1.16     1.78     0       
 2.26     2.77     1.61     0.935    0       
 2.35     2.98     1.26     0.476    0       
 2.37     2.96     1.23     0.683    0       
 2.4      2.89     1.07     1.7      0       
 2.49     2.58     0.893    2        0       
 2.38     2.36     0.907    3.13     0       
 2.17     2.78     2.35     0.99     0       
 2.25     2.91     2.43     0.396    0       
 2.2      2.7      2.78     2.42     0       
 2.22     2.67     3.53     0.689    0       
 2.36     2.94     1.22     1.06     0       
 2.35     2.86     1.3      1.66     0       
 2.24     1.28     3.73     0.738    0       
 2.27     1.12     1.57     3.1      0       
 2.42     1.88     0.985    2.96     0       
 2.28     1.46     2.06     1.72     0       
 2.23     2.69     3.16     1.5      0       
 2.49     2.54     0.907    2.34     0       
 2.52     2.9      1.09     0.627    0       
 2.21     2.96     2.16     0.71     0       
 2.4      1.85     0.928    4.43     0       
 2.19     2.89     3.76     0.366    0       
 2.4      2.34     0.942    2.37     0       
 2.37     2.41     0.92     2.85     0       
 2.36     2.89     1.09     1.75     0       
 2.36     2.86     1.11     1.67     0       
 2.41     3        1.3      0.0531   0       
 2.18     2.92     3.01     0.422    0       
 2.54     2.92     1.12     0.434    0       
 2.63     0.405    3.07     3.46     0       
 2.32     3.02     1.17     2.22     0       
 2.26     2.92     2.32     0.411    0       
 2.39     1.25     1.09     3.3      0       
 2.24     2.56     3.06     1.44     0       
 2.37     2.92     0.989    1.43     0       
 2.43     2.5      0.915    2        0       
 2.26     1.34     3.48     1.03     0       
 2.4      1.79     0.927    5.23     0       
 2.42     2.37     0.907    3.09     0       
 2.24     1.18     4.12     1.09     0       
 2.2      2.99     2.57     0.447    0       
 2.4      1.95     0.915    4.81     0       
 2.24     2.7      4.77     0.442    0       
 2.24     2.68     4.81     0.326    0       
 2.26     2.93     2.17     0.43     0       
 2.22     2.72     2.17     1.2      0       
 2.22     1.58     3.68     2.83     0       
 2.19     2.89     3.81     0.371    0       
 2.35     2.86     1.3      1.66     0       
 2.37     1.75     1        3.18     0       
 2.25     1.16     3.65     1.07     0       
 2.36     2.96     1.27     0.834    0       
 2.35     2.87     1.11     1.62     0       
 2.39     0.863    1.18     5.37     0       
 2.25     2.55     2.05     1.71     0       
 2.23     2.68     3.46     0.55     0       
 2.21     2.79     2.41     0.937    0       
 2.21     2.93     2.52     0.344    0       
 2.19     2.95     2.7      0.335    0       
 2.51     2.91     1.11     0.506    0       
 2.43     2.5      0.916    1.98     0       
 2.55     1.31     1.08     3.34     0       
 2.39     2.44     0.934    2.38     0       
 2.43     2.11     0.896    4.89     0       
 2.35     1.45     1.09     3        0       
 2.41     2.95     1.51     0.705    0       
 2.19     2.9      3.09     0.583    0       
 2.42     1.04     1.18     5.27     0       
 2.34     2.02     0.963    2.69     0       
 2.5      2.82     0.935    1.59     0       
 2.21     2.67     3.82     1.57     0       
 2.37     1.74     1.04     2.76     0       
 2.35     2.86     1.26     1.85     0       
 2.36     2.86     1.12     1.67     0       
 2.42     1.82     0.921    5.12     0       
 2.24     1.24     4.03     0.773    0       
 2.48     2.84     0.897    1.7      0       
 2.35     2.86     1.31     1.91     0       
 2.19     2.75     3.4      2        0       
 2.51     2.83     0.874    1.91     0       
 2.44     2.49     0.92     2.06     0       
 2.19     2.95     2.61     0.458    0       
 2.22     2.71     2.49     1.27     0       
 2.26     1.34     3.51     2.01     0       
 2.4      1.85     0.927    4.45     0       
 2.52     2.82     0.763    3.74     0       
 2.36     2.96     1.28     0.895    0       
 2.25     2.52     3.28     1.26     0       
 2.51     2.88     0.851    0.962    0       
 2.35     2.08     1.02     2.09     0       
 2.19     2.97     2.89     0.332    0       
 2.4      2.39     0.95     1.97     0       
 2.25     2.91     2.42     0.399    0       
 2.26     1.08     2.43     2.61     0       
 2.25     2.58     5.12     0.486    0       
 2.39     1.84     0.929    5.05     0       
 2.35     2.88     1.11     1.78     0       
 2.24     2.68     2.36     1.97     0       
 2.38     1.91     0.921    4.57     0       
 2.39     1.84     0.919    5.12     0       
 2.49     2.54     0.908    2.25     0       
 2.42     2.97     1.22     0.445    0       
 2.22     1.53     3.7      2.54     0       
 2.27     1.33     3.47     1.34     0       
 2.38     2.33     0.93     3.04     0       
 2.2      2.89     3.71     0.346    0       
 2.36     2.35     0.919    3.52     0       
 2.19     2.92     2.39     0.582    0       
 2.38     1.27     1.1      3.3      0       
 2.33     1.63     1.28     2.44     0       
 2.34     2.08     0.967    2.52     0       
 2.26     1.33     3.51     2.21     0       
 2.46     2.97     1.02     0.71     0       
 2.39     2.33     0.934    2.88     0       
 2.41     2.11     0.897    4.87     0       
 2.39     2.89     1.08     1.66     0       
 2.29     2.75     3.9      0.191    0       
 2.42     1.75     0.924    5.14     0       
 2.39     1.24     1.1      3.26     0       
 2.4      0.52     1.73     0.596    0       
 2.39     2.4      0.954    1.95     0       
 2.41     3        1.3      0.00801  0       
 2.51     2.99     0.68     10.2     0       
 2.19     0.00541  77.2     77.2     77.2    
 0.00207  0.78     78.2     78.2     78.2    
