base_seed=4321 

 parameters for this run were: 
NaTa_t.soma.gNaTa_tbar 
Nap_Et2.soma.gNap_Et2bar 
K_Pst.soma.gK_Pstbar 
K_Tst.soma.gK_Tstbar 
SK_E2.soma.gSK_E2bar 
SKv3_1.soma.gSKv3_1bar 
Ca_HVA.soma.gCa_HVAbar 
Ca_LVAst.soma.gCa_LVAstbar 
CaDynamics_E2.soma.gamma 
CaDynamics_E2.soma.decay 
NaTa_t.axon.gNaTa_tbar 
Nap_Et2.axon.gNap_Et2bar 
K_Pst.axon.gK_Pstbar 
K_Tst.axon.gK_Tstbar 
SK_E2.axon.gSK_E2bar 
SKv3_1.axon.gSKv3_1bar 
Ca_HVA.axon.gCa_HVAbar 
Ca_LVAst.axon.gCa_LVAstbar 
CaDynamics_E2.axon.gamma 
CaDynamics_E2.axon.decay 
none.soma.g_pas 
none.axon.g_pas 
none.dend.g_pas 
none.apic.g_pas 
Im.apic.gImbar 
NaTa_t.apic.gNaTa_tbar 
SKv3_1.apic.gSKv3_1bar 
Ca_HVA.apic.gCa_HVAbar 
Ca_LVAst.apic.gCa_LVAstbar 
SK_E2.apic.gSK_E2bar 
CaDynamics_E2.apic.gamma 
CaDynamics_E2.apic.decay 

 at generation 498 error matrix was: 
1000 5
 1.47     2.3      7.39     7.13     0       
 1.44     2.45     7.66     5.65     0       
 1.48     2.02     7.98     5.84     0       
 1.48     3.16     6.44     3.36     0       
 1.43     2.15     7.84     5.4      0       
 1.43     2.44     7.88     5.22     0       
 1.45     2.51     7.57     3.01     0       
 1.48     2.25     7.43     4.68     0       
 1.51     2.93     6.76     7.52     0       
 1.45     1.91     7.98     6.07     0       
 1.46     2.24     7.58     3.59     0       
 1.42     2.45     7.68     5.58     0       
 1.48     2.13     7.44     5.19     0       
 1.47     3.14     6.77     3.48     0       
 1.48     2.27     7.39     7.58     0       
 1.5      2.92     6.25     8        0       
 1.45     2.28     7.71     2.91     0       
 1.48     2.07     7.78     4.92     0       
 1.5      2.92     6.44     7.75     0       
 1.55     2.1      7.43     5.87     0       
 1.5      3.15     6.13     3.83     0       
 1.46     2.46     7.43     6.4      0       
 1.48     2.25     7.49     3.8      0       
 1.48     3.09     6.36     4.58     0       
 1.46     1.79     7.93     6.59     0       
 1.56     3.17     6.22     1.51     0       
 1.51     2.23     7.43     4.21     0       
 1.44     2.28     7.7      2.25     0       
 1.48     2.22     7.43     4.37     0       
 1.48     2.32     7.34     6.01     0       
 1.46     2.47     7.42     6.23     0       
 1.5      4.51     7.81     0.446    0       
 1.51     3.02     6.51     5.4      0       
 1.41     2        7.89     6.05     0       
 1.48     3.17     6.18     1.87     0       
 1.45     1.89     7.94     6.32     0       
 1.47     3.18     6.33     4.19     0       
 1.47     2.27     7.43     4.32     0       
 1.47     2.1      7.6      4.59     0       
 1.48     3.11     6.42     4.45     0       
 1.48     2.18     7.45     4.96     0       
 1.47     2.25     7.43     4.32     0       
 1.47     2.08     7.76     4.55     0       
 1.53     2.92     6.73     7.25     0       
 1.51     4.41     7.78     0.25     0       
 1.5      3.03     6.45     5.35     0       
 1.49     3.02     6.67     5.73     0       
 1.43     2.41     7.66     6.9      0       
 1.43     2.02     7.89     6        0       
 1.41     2.43     7.69     6.38     0       
 1.47     3.16     6.32     2.88     0       
 1.48     3.05     6.72     5.19     0       
 1.44     2.28     7.85     4.63     0       
 1.51     2.94     6.02     7        0       
 1.51     3.04     6.82     3.7      0       
 1.51     3.01     6.29     5.97     0       
 1.47     2.09     7.74     4.46     0       
 1.5      3.07     6.27     4.96     0       
 1.49     2.93     6.66     7.54     0       
 1.53     2.95     6.04     6.9      0       
 1.57     1.14     7.65     0.28     0       
 1.48     2.11     7.49     4.56     0       
 1.48     2.17     7.44     5.05     0       
 1.51     3.03     6.42     4.68     0       
 1.52     2.91     6        7.69     0       
 1.46     2.22     7.46     4.52     0       
 1.53     3.01     6.23     5.7      0       
 1.49     3.16     6.38     2.83     0       
 1.54     1.14     7.73     0.412    0       
 1.41     1.96     7.91     6.16     0       
 1.48     3.06     6.63     5.08     0       
 1.52     2.95     6.21     6.95     0       
 1.49     2.93     6.29     7.48     0       
 1.49     3.04     6.36     5.4      0       
 1.49     3.04     6.47     5.14     0       
 1.48     2.11     7.49     4.66     0       
 1.53     2.9      6.81     7.86     0       
 1.46     2.17     7.59     4.95     0       
 1.48     3.16     6.43     3.26     0       
 1.47     2.14     7.49     4.51     0       
 1.57     2.12     7.43     5.25     0       
 1.51     2.29     7.39     7.03     0       
 1.43     2.31     7.64     7.01     0       
 1.49     3.07     6.45     5.16     0       
 1.47     3.14     6.47     5.47     0       
 1.51     2.05     7.67     5.63     0       
 1.46     2.28     7.6      2.49     0       
 1.48     2.2      7.57     4.31     0       
 1.47     2.25     7.53     3.86     0       
 1.5      3.02     6.28     5.9      0       
 1.45     1.9      7.67     6.58     0       
 1.48     3.17     6.23     1.5      0       
 1.5      3.06     6.55     3.67     0       
 1.53     1.15     7.84     0.045    0       
 1.49     3.08     6.26     4.65     0       
 1.52     2.91     6.13     7.69     0       
 1.53     2.96     6.03     6.6      0       
 1.51     3.04     6.38     4.49     0       
 1.47     2.19     7.44     4.73     0       
 1.49     3.03     6.23     5.69     0       
 1.49     3.07     6.6      4.93     0       
 1.54     3.04     6.24     4.78     0       
 1.45     2.48     7.63     5.11     0       
 1.47     2.22     7.67     3.9      0       
 1.47     2.3      7.39     7.21     0       
 1.48     2.14     7.45     4.99     0       
 1.49     2.08     7.67     5.78     0       
 1.5      2.29     7.4      6.97     0       
 1.5      2.92     6.47     7.88     0       
 1.56     2.11     7.43     5.24     0       
 1.54     2.96     6.75     5.06     0       
 1.47     3.16     6.35     3.07     0       
 1.43     2.16     7.83     5.39     0       
 1.57     2.13     7.43     5.28     0       
 1.48     3.11     6.18     3.33     0       
 1.42     2.4      7.75     6.4      0       
 1.48     2.25     7.43     4.3      0       
 1.55     2.11     7.43     5.58     0       
 1.49     2.09     7.79     4.46     0       
 1.5      3.08     6.23     5.06     0       
 1.48     3.07     6.41     5.2      0       
 1.47     2.02     7.61     6.03     0       
 1.46     2.18     7.62     4.89     0       
 1.53     2.31     7.36     7.17     0       
 1.41     2.43     7.75     6.42     0       
 1.48     2.24     7.62     3.8      0       
 1.48     2.08     7.79     4.9      0       
 1.5      2.07     7.63     5.75     0       
 1.47     1.78     7.96     6.55     0       
 1.49     3.17     6.2      1.34     0       
 1.5      3.02     6.29     5.79     0       
 1.51     2.32     7.34     6.99     0       
 1.51     3.02     6.2      5.63     0       
 1.48     2.21     7.96     2.04     0       
 1.48     3.17     6.25     1.69     0       
 1.49     3.02     6.31     5.93     0       
 1.44     2.45     7.73     5.32     0       
 1.44     1.96     7.95     6.04     0       
 1.42     2.43     7.7      6        0       
 1.48     3.16     6.39     3.2      0       
 1.48     3.1      6.17     3.89     0       
 1.51     2.21     7.43     4.65     0       
 1.49     2.26     7.44     4.09     0       
 1.48     2.22     7.43     4.42     0       
 1.48     1.89     7.97     6.09     0       
 1.57     2.94     6.02     6.88     0       
 1.49     3.15     6.54     3.01     0       
 1.48     2.22     7.64     4.05     0       
 1.49     2.93     6.27     7.65     0       
 1.56     2.12     7.43     5.16     0       
 1.53     2.96     6.08     6.94     0       
 1.57     1.17     7.62     0.166    0       
 1.44     1.92     7.94     6.32     0       
 1.48     2.24     7.46     4.19     0       
 1.48     3.16     6.38     3.3      0       
 1.47     2.08     7.8      4.68     0       
 1.47     2.19     7.58     4.31     0       
 1.52     1.14     7.86     0.0412   0       
 1.49     3.01     6.41     6.28     0       
 1.46     2.15     7.64     4.89     0       
 1.48     3.17     6.27     1.98     0       
 1.53     1.15     7.77     0.121    0       
 1.53     3.25     6.03     4.53     0       
 1.46     2.31     7.34     6.43     0       
 1.44     2.28     7.89     4.31     0       
 1.45     2.27     7.77     3.26     0       
 1.51     4.49     7.74     0.595    0       
 1.5      2.98     6.05     6.59     0       
 1.55     2.11     7.42     5.61     0       
 1.47     2.28     7.61     2.69     0       
 1.48     3.16     6.33     2.97     0       
 1.5      3.02     6.3      6.41     0       
 1.4      2.19     7.76     5.8      0       
 1.54     1.14     7.74     0.18     0       
 1.55     3.05     6.15     4.68     0       
 1.48     2.28     7.54     2.4      0       
 1.48     3.09     6.32     4.46     0       
 1.46     2.12     7.72     4.21     0       
 1.51     2.89     6.3      7.92     0       
 1.5      2.91     6.67     7.79     0       
 1.42     2.3      7.75     7.13     0       
 1.48     2.21     7.92     2.08     0       
 1.5      3.05     6.22     4.71     0       
 1.49     2.98     6.09     6.8      0       
 1.49     3.16     6.4      2.85     0       
 1.49     2.09     7.65     4.75     0       
 1.49     3.02     6.32     5.99     0       
 1.43     2.16     7.82     5.37     0       
 1.57     2.19     7.43     5.05     0       
 1.5      3.08     6.35     3.49     0       
 1.5      2.28     7.5      3.01     0       
 1.46     2.2      7.43     4.91     0       
 1.47     3.15     6.61     5.35     0       
 1.54     2.11     7.43     5.66     0       
 1.5      2.92     6.14     7.55     0       
 1.5      3.06     6.48     3.6      0       
 1.51     3.05     6.34     4.26     0       
 1.49     3.02     6.58     5.73     0       
 1.51     2.29     7.39     7.11     0       
 1.48     2.19     7.45     4.35     0       
 1.58     3.15     6.18     1.8      0       
 1.52     1.14     7.84     0.179    0       
 1.49     3.01     6.38     6.12     0       
 1.53     3.04     6.16     5.02     0       
 1.53     3.02     6.11     5.24     0       
 1.48     3.09     6.32     4.65     0       
 1.45     2.01     7.69     5.92     0       
 1.49     3.07     6.31     5.38     0       
 1.49     2.93     6.63     7.54     0       
 1.49     4.17     7.72     1.19     0       
 1.48     3.09     6.36     4.68     0       
 1.47     2.25     7.5      4.04     0       
 1.49     2.94     6.22     7.33     0       
 1.48     3.06     6.63     5.37     0       
 1.43     2.02     7.72     5.93     0       
 1.47     3.17     6.28     2.59     0       
 1.45     1.88     7.7      6.59     0       
 1.43     2.45     7.75     5.35     0       
 1.43     2.01     7.91     5.94     0       
 1.51     3.02     6.61     4.88     0       
 1.48     2.19     7.43     4.81     0       
 1.5      4.56     7.82     0.157    0       
 1.48     2.08     7.83     4.89     0       
 1.49     2.94     6.49     7.5      0       
 1.5      3.08     6.21     4.9      0       
 1.51     2.2      7.43     4.86     0       
 1.57     3.05     6.07     3.74     0       
 1.47     2.21     7.44     4.67     0       
 1.48     3.07     6.41     5.22     0       
 1.49     2.12     7.42     5.51     0       
 1.43     1.97     7.88     6.03     0       
 1.57     2.25     7.45     4.12     0       
 1.55     2.48     7.35     5.9      0       
 1.5      4.53     7.72     1.02     0       
 1.49     3.08     6.2      4.45     0       
 1.48     2.91     6.72     7.96     0       
 1.45     2.01     7.67     6.07     0       
 1.57     2.96     6.14     4.92     0       
 1.46     2.09     7.65     4.57     0       
 1.52     3.01     6.24     6.39     0       
 1.47     2.08     7.82     4.89     0       
 1.43     2.44     7.8      5.23     0       
 1.48     3.09     6.36     4.72     0       
 1.5      2.03     7.53     5.98     0       
 1.46     2.27     7.77     2.58     0       
 1.48     1.9      7.98     5.97     0       
 1.49     3.15     6.47     3.01     0       
 1.43     1.82     7.96     6.59     0       
 1.49     2.94     6.16     7.42     0       
 1.41     2.18     7.8      5.83     0       
 1.49     3.17     6.3      2.24     0       
 1.5      3.03     6.38     5.24     0       
 1.46     2.22     7.73     3.94     0       
 1.51     3.01     6.62     5.63     0       
 1.43     2.16     7.79     5.4      0       
 1.47     3.16     6.47     3.21     0       
 1.46     2.24     7.61     3.76     0       
 1.48     2.22     7.64     4.12     0       
 1.47     2.23     7.53     4.41     0       
 1.47     3.18     6.3      3.94     0       
 1.46     2.28     7.62     2.51     0       
 1.49     3.02     6.25     5.84     0       
 1.52     2.92     6.76     7.14     0       
 1.48     3.08     6.39     5.05     0       
 1.52     3.04     6.35     4.47     0       
 1.49     2.24     7.69     2.02     0       
 1.54     4.48     7.72     0.0238   0       
 1.52     2.99     6.42     6.45     0       
 1.53     3.05     6.34     4.45     0       
 1.6      3.06     6.06     3.75     0       
 1.46     2.26     7.51     4.03     0       
 1.48     3.09     6.3      4.57     0       
 1.5      3.04     6.82     3.71     0       
 1.51     2.3      7.39     6.92     0       
 1.52     2.25     7.43     4.2      0       
 1.44     2.09     7.85     5.74     0       
 1.51     2.29     7.39     7.1      0       
 1.48     3.08     6.2      4.83     0       
 1.49     2.12     7.66     4.1      0       
 1.49     2.22     7.8      1.98     0       
 1.49     2.94     6.46     7.54     0       
 1.47     2.1      7.49     4.81     0       
 1.49     3.08     6.27     4.87     0       
 1.49     2.94     6.23     7.46     0       
 1.48     3.05     6.68     5.29     0       
 1.48     3.08     6.4      5.12     0       
 1.45     1.95     7.88     6.11     0       
 1.48     3.07     6.4      5.19     0       
 1.49     3.08     6.2      4.48     0       
 1.49     2.92     6.53     7.86     0       
 1.57     2.96     6.16     4.87     0       
 1.52     3.01     6.24     6.37     0       
 1.56     2.11     7.42     5.62     0       
 1.5      3.07     6.34     3.59     0       
 1.47     3.16     6.35     3.01     0       
 1.5      2.91     6.61     7.94     0       
 1.59     2.92     6.04     7.06     0       
 1.52     1.15     7.8      0.164    0       
 1.49     2.2      7.56     4.11     0       
 1.48     3.09     6.37     4.73     0       
 1.5      3.02     6.54     5.97     0       
 1.48     2.22     7.7      3.95     0       
 1.49     3.01     6.66     5.62     0       
 1.49     2.07     7.7      4.92     0       
 1.49     2.09     7.78     4.32     0       
 1.48     2.29     7.64     2.27     0       
 1.53     3.01     6.1      5.6      0       
 1.47     2.08     7.81     4.71     0       
 1.5      2.98     6.1      6.75     0       
 1.49     2.95     6.07     7.12     0       
 1.45     1.99     7.74     5.99     0       
 1.48     3.07     6.43     4.98     0       
 1.5      3.09     6.04     2.19     0       
 1.46     2.48     7.35     5.95     0       
 1.48     3.09     6.37     4.7      0       
 1.49     3.02     6.25     5.9      0       
 1.52     3.05     6.34     4.39     0       
 1.45     2.01     7.7      5.95     0       
 1.48     3.08     6.41     5.03     0       
 1.54     1.14     7.71     0.159    0       
 1.55     4.47     7.75     0.036    0       
 1.48     2.23     7.81     2        0       
 1.51     3.05     6.11     4.27     0       
 1.46     2.19     7.48     5.11     0       
 1.48     2.13     7.67     4.3      0       
 1.49     4.25     7.78     1.06     0       
 1.45     2        7.85     6.02     0       
 1.5      2        7.73     5.88     0       
 1.48     2.1      7.56     4.64     0       
 1.48     3.17     6.22     2.23     0       
 1.47     2.31     7.34     6.28     0       
 1.48     2.08     7.78     4.87     0       
 1.51     3.01     6.29     5.99     0       
 1.51     3.03     6.18     5.39     0       
 1.48     2.23     7.79     2        0       
 1.47     3.17     6.21     2.49     0       
 1.44     1.84     7.82     6.36     0       
 1.49     2.91     6.88     7.61     0       
 1.54     2.92     6.02     7.3      0       
 1.48     2.07     7.85     4.82     0       
 1.48     2.92     6.7      7.66     0       
 1.47     2.31     7.37     6        0       
 1.48     2.11     7.52     4.47     0       
 1.58     3.05     6.31     4.48     0       
 1.49     3.08     6.23     4.67     0       
 1.48     3.07     6.41     5.18     0       
 1.45     1.81     7.88     6.57     0       
 1.51     4.49     7.75     0.735    0       
 1.49     2.12     7.48     4.49     0       
 1.5      3.08     6.22     4.93     0       
 1.58     3.08     6.08     2.83     0       
 1.49     2.97     6.23     6.96     0       
 1.48     3.07     6.41     5.47     0       
 1.47     1.77     7.96     6.6      0       
 1.42     1.97     7.9      5.98     0       
 1.5      2.92     6.65     7.68     0       
 1.57     2.97     6.07     4.66     0       
 1.52     3.01     6.22     6.24     0       
 1.47     2.08     7.83     5.02     0       
 1.48     3.08     6.36     4.85     0       
 1.48     3.09     6.33     4.59     0       
 1.46     2.27     7.72     2.97     0       
 1.48     1.9      7.94     6.03     0       
 1.43     1.81     7.97     6.58     0       
 1.48     3.17     6.28     2.13     0       
 1.46     2.22     7.72     3.88     0       
 1.5      3.01     6.58     5.41     0       
 1.49     3.02     6.59     5.71     0       
 1.51     2.32     7.34     6.28     0       
 1.52     2.99     6.41     6.56     0       
 1.47     2.28     7.61     3.59     0       
 1.47     2.26     7.44     4.02     0       
 1.5      3.08     6.29     3.52     0       
 1.48     2.19     7.46     4.87     0       
 1.47     2.29     7.39     7.19     0       
 1.45     2.11     7.75     5.65     0       
 1.48     3.16     6.42     2.8      0       
 1.48     2.03     7.91     5.83     0       
 1.42     2        7.87     6.61     0       
 1.47     3.16     6.35     3.4      0       
 1.46     3.15     6.67     3.79     0       
 1.48     3.06     6.65     5.23     0       
 1.49     4.22     7.84     1.06     0       
 1.42     1.96     7.91     6.18     0       
 1.48     3.09     6.33     4.71     0       
 1.43     2.42     7.69     6.06     0       
 1.49     3.01     6.43     6.27     0       
 1.49     3.16     6.39     2.89     0       
 1.48     3.09     6.34     4.64     0       
 1.52     2.98     6.63     6.6      0       
 1.51     3.05     6.31     4.34     0       
 1.48     3.09     6.32     4.72     0       
 1.51     2.93     6.03     7.49     0       
 1.5      3.05     6.75     3.66     0       
 1.51     2.2      7.44     4.69     0       
 1.48     2.22     7.88     1.97     0       
 1.48     2.1      7.49     5.13     0       
 1.49     3.08     6.28     4.85     0       
 1.48     3.08     6.42     5.1      0       
 1.51     3.03     6.14     5.25     0       
 1.43     2.45     7.75     5.41     0       
 1.49     3.08     6.2      4.44     0       
 1.46     2.11     7.74     4.01     0       
 1.48     3.16     6.32     3.4      0       
 1.57     4.35     7.78     0.04     0       
 1.51     3.03     6.21     5.57     0       
 1.43     2.45     7.69     5.49     0       
 1.42     2.45     7.68     5.58     0       
 1.49     3.08     6.2      4.89     0       
 1.5      2.93     6.3      7.58     0       
 1.43     2.16     7.83     5.38     0       
 1.48     1.89     7.98     5.97     0       
 1.52     1.14     7.85     0.287    0       
 1.48     3.16     6.32     3.1      0       
 1.41     2.19     7.76     5.79     0       
 1.51     2.89     6.3      7.89     0       
 1.44     2.2      7.68     5.58     0       
 1.52     2.92     6.13     7.6      0       
 1.48     2.27     7.54     2.48     0       
 1.43     2.45     7.74     5.37     0       
 1.48     2.09     7.48     4.69     0       
 1.48     2.91     6.71     7.95     0       
 1.45     2.01     7.68     6.06     0       
 1.57     2.96     6.12     4.97     0       
 1.44     1.92     7.92     6.23     0       
 1.48     3.09     6.36     4.71     0       
 1.43     1.82     7.96     6.58     0       
 1.41     2.17     7.82     5.8      0       
 1.51     3.02     6.4      5.57     0       
 1.43     2.16     7.79     5.4      0       
 1.47     3.16     6.38     3.18     0       
 1.46     2.24     7.6      3.84     0       
 1.46     2.28     7.61     2.81     0       
 1.49     3.02     6.25     5.79     0       
 1.58     3.08     6.05     2.6      0       
 1.46     2.48     7.35     5.95     0       
 1.55     2.11     7.42     5.74     0       
 1.5      3.08     6.09     2.9      0       
 1.57     2.96     6.08     4.74     0       
 1.53     3.01     6.25     6.33     0       
 1.43     1.82     7.87     6.57     0       
 1.51     3.08     6.1      2.96     0       
 1.48     2.15     7.62     4.19     0       
 1.48     3.09     6.3      4.59     0       
 1.48     1.81     7.89     6.4      0       
 1.51     3.02     6.56     4.79     0       
 1.44     2.45     7.66     5.45     0       
 1.45     2.28     7.77     2.82     0       
 1.5      3.15     6.15     4.15     0       
 1.46     2.24     7.61     3.93     0       
 1.49     3.02     6.32     5.99     0       
 1.5      3.02     6.29     6.4      0       
 1.48     3.07     6.41     5.16     0       
 1.49     2.12     7.42     5.72     0       
 1.43     1.97     7.95     5.98     0       
 1.49     3.08     6.2      4.4      0       
 1.57     2.97     6.08     4.75     0       
 1.44     1.92     7.92     6.31     0       
 1.52     3.01     6.23     6.43     0       
 1.47     2.08     7.75     5.02     0       
 1.43     2.44     7.8      5.35     0       
 1.48     1.9      7.94     5.94     0       
 1.41     2.18     7.8      5.76     0       
 1.48     3.08     6.39     5.03     0       
 1.5      2.91     6.5      7.92     0       
 1.51     1.15     7.8      0.035    0       
 1.51     4.5      7.75     0.503    0       
 1.51     3.01     6.13     6.06     0       
 1.47     2.29     7.39     7.21     0       
 1.49     2.92     6.43     7.91     0       
 1.54     2.1      7.46     5.88     0       
 1.49     3.03     6.55     5.49     0       
 1.49     2.98     6.2      6.9      0       
 1.51     2.19     7.43     4.64     0       
 1.48     3.07     6.38     5.24     0       
 1.43     1.97     7.89     6.06     0       
 1.48     3.08     6.37     4.79     0       
 1.47     2.3      7.39     7.06     0       
 1.48     2.25     7.43     4.43     0       
 1.44     2.29     7.7      2.24     0       
 1.53     2.92     6.73     7.3      0       
 1.43     2.41     7.66     6.98     0       
 1.49     3.04     6.36     5.41     0       
 1.46     2.17     7.59     5.05     0       
 1.48     2.14     7.46     4.94     0       
 1.48     3.06     6.62     5.28     0       
 1.48     3.08     6.2      5.02     0       
 1.51     2.2      7.43     4.97     0       
 1.48     2.09     7.48     4.8      0       
 1.51     2.01     7.61     6.08     0       
 1.52     3.01     6.24     6.37     0       
 1.47     3.16     6.47     3.27     0       
 1.53     3.05     6.32     4.25     0       
 1.5      3.04     6.77     3.72     0       
 1.51     2.21     7.44     4.56     0       
 1.5      3.09     6.1      3.01     0       
 1.55     2.11     7.42     5.66     0       
 1.48     3.09     6.34     4.63     0       
 1.46     2.27     7.75     2.59     0       
 1.57     2.96     6.11     4.83     0       
 1.48     2.23     7.64     3.91     0       
 1.55     2.99     6.37     6.48     0       
 1.46     2.22     7.56     4.79     0       
 1.54     1.14     7.71     0.371    0       
 1.48     3.15     6.45     3.33     0       
 1.48     2.25     7.43     4.57     0       
 1.49     2.29     7.4      7.19     0       
 1.51     3.03     6.19     5.49     0       
 1.48     2.11     7.49     4.54     0       
 1.51     2.05     7.69     5.83     0       
 1.49     3.08     6.25     4.61     0       
 1.51     3.04     6.37     4.3      0       
 1.48     2.25     7.43     4.55     0       
 1.44     2.28     7.91     4.44     0       
 1.5      3.02     6.3      6.42     0       
 1.54     1.14     7.68     0.0575   0       
 1.55     3.03     6.16     4.88     0       
 1.55     3.05     6.15     4.77     0       
 1.48     2.28     7.54     2.44     0       
 1.48     3.09     6.32     4.44     0       
 1.51     2.89     6.29     7.93     0       
 1.5      2.91     6.63     7.7      0       
 1.42     2.3      7.75     7.12     0       
 1.49     2.98     6.08     6.63     0       
 1.5      3.16     6.39     2.81     0       
 1.49     2.09     7.65     4.58     0       
 1.49     3.02     6.3      5.96     0       
 1.43     2.16     7.82     5.4      0       
 1.57     2.19     7.43     5.14     0       
 1.5      3.08     6.34     3.48     0       
 1.47     3.15     6.61     5.34     0       
 1.54     2.11     7.43     5.83     0       
 1.51     2.92     6.15     7.67     0       
 1.5      3.06     6.47     3.59     0       
 1.53     3.04     6.35     4.35     0       
 1.49     3.02     6.58     5.71     0       
 1.51     2.29     7.39     7.12     0       
 1.48     2.19     7.45     4.57     0       
 1.58     3.15     6.19     1.69     0       
 1.52     1.14     7.84     0.242    0       
 1.49     3.01     6.38     6.14     0       
 1.53     3.04     6.17     5.16     0       
 1.53     3.02     6.07     5.11     0       
 1.48     3.09     6.32     4.65     0       
 1.49     3.07     6.31     5.34     0       
 1.49     4.17     7.72     1.21     0       
 1.47     2.25     7.49     4.22     0       
 1.49     2.94     6.21     7.28     0       
 1.48     3.06     6.63     5.37     0       
 1.47     3.17     6.22     2        0       
 1.45     1.88     7.8      6.52     0       
 1.43     2.45     7.74     5.36     0       
 1.51     3.02     6.63     4.68     0       
 1.5      4.56     7.82     0.0981   0       
 1.48     2.08     7.83     4.89     0       
 1.51     2.2      7.43     4.8      0       
 1.49     2.12     7.42     5.67     0       
 1.43     1.97     7.88     6.03     0       
 1.57     2.25     7.45     4.09     0       
 1.5      4.53     7.7      0.392    0       
 1.48     2.09     7.48     4.96     0       
 1.48     2.91     6.72     7.99     0       
 1.57     2.96     6.12     4.71     0       
 1.52     3.01     6.24     6.34     0       
 1.47     2.08     7.82     5.01     0       
 1.43     2.44     7.8      5.3      0       
 1.47     2.12     7.8      4        0       
 1.48     3.09     6.36     4.62     0       
 1.49     2.94     6.15     7.53     0       
 1.49     3.17     6.29     2.27     0       
 1.5      3.03     6.37     5.31     0       
 1.46     2.22     7.73     4.02     0       
 1.51     3        6.62     5.71     0       
 1.47     3.16     6.42     3.28     0       
 1.47     2.24     7.54     3.75     0       
 1.48     2.22     7.66     4.07     0       
 1.47     2.23     7.51     4.43     0       
 1.47     3.18     6.29     3.88     0       
 1.49     3.02     6.25     5.82     0       
 1.52     2.93     6.72     7.26     0       
 1.48     3.08     6.38     5.02     0       
 1.51     3.04     6.35     4.6      0       
 1.53     2.32     7.34     6.07     0       
 1.55     2.11     7.42     5.87     0       
 1.49     2.24     7.69     2.02     0       
 1.4      2.36     7.68     7.43     0       
 1.53     2.99     6.38     6.5      0       
 1.53     3.04     6.34     4.45     0       
 1.46     2.26     7.44     4.12     0       
 1.48     3.09     6.3      4.69     0       
 1.5      3.04     6.84     3.7      0       
 1.51     2.3      7.39     7.12     0       
 1.44     2.09     7.85     5.84     0       
 1.51     2.29     7.39     7.32     0       
 1.48     3.08     6.17     4.77     0       
 1.49     2.22     7.8      1.98     0       
 1.48     2.94     6.41     7.54     0       
 1.5      3.09     6.06     2.71     0       
 1.49     3.08     6.26     4.86     0       
 1.48     3.05     6.67     5.46     0       
 1.48     3.07     6.5      5.4      0       
 1.45     1.96     7.87     6.05     0       
 1.48     3.07     6.39     5.13     0       
 1.49     3.08     6.2      4.39     0       
 1.49     2.92     6.54     7.79     0       
 1.57     2.96     6.16     5.07     0       
 1.52     3.01     6.23     6.37     0       
 1.5      3.07     6.31     3.54     0       
 1.47     3.16     6.34     3        0       
 1.5      2.91     6.64     7.9      0       
 1.59     2.92     6.04     7.02     0       
 1.52     1.15     7.8      0.249    0       
 1.49     2.2      7.56     4.25     0       
 1.48     2.22     7.7      3.95     0       
 1.48     2.07     7.7      4.94     0       
 1.48     2.29     7.64     2.29     0       
 1.53     3.01     6.1      5.63     0       
 1.47     2.08     7.81     4.55     0       
 1.5      2.98     6.11     6.84     0       
 1.49     2.95     6.07     7.08     0       
 1.45     1.99     7.74     6.05     0       
 1.5      3.09     6.04     2.4      0       
 1.46     2.48     7.35     6.01     0       
 1.48     3.09     6.36     4.56     0       
 1.49     3.02     6.25     5.78     0       
 1.52     3.05     6.34     4.26     0       
 1.55     2.11     7.42     5.88     0       
 1.45     2.01     7.7      5.93     0       
 1.48     3.08     6.41     5.07     0       
 1.54     1.14     7.71     0.157    0       
 1.51     3.05     6.1      4.24     0       
 1.46     2.19     7.48     5.07     0       
 1.49     4.26     7.79     0.549    0       
 1.49     2.1      7.57     4.55     0       
 1.48     3.17     6.18     1.8      0       
 1.51     3.01     6.28     6.01     0       
 1.51     3.03     6.18     5.48     0       
 1.48     2.23     7.82     2.01     0       
 1.48     3.17     6.21     2.45     0       
 1.49     2.92     6.85     7.69     0       
 1.54     2.92     6.01     7.26     0       
 1.48     2.07     7.79     4.92     0       
 1.4      2.36     7.75     7.42     0       
 1.48     2.92     6.66     7.76     0       
 1.47     2.31     7.37     6.4      0       
 1.48     2.11     7.49     4.54     0       
 1.51     3.05     6.28     4.44     0       
 1.48     3.08     6.21     4.6      0       
 1.48     3.07     6.41     5.29     0       
 1.45     1.81     7.88     6.57     0       
 1.51     4.49     7.75     0.835    0       
 1.5      3.08     6.22     5.09     0       
 1.48     3.07     6.41     5.38     0       
 1.47     1.77     7.96     6.6      0       
 1.5      2.92     6.61     7.72     0       
 1.57     2.97     6.06     4.77     0       
 1.48     3.08     6.36     4.86     0       
 1.48     3.09     6.33     4.6      0       
 1.46     2.27     7.72     2.71     0       
 1.48     1.91     7.94     5.99     0       
 1.43     1.82     7.97     6.51     0       
 1.48     3.17     6.29     2.23     0       
 1.46     2.22     7.72     4        0       
 1.5      3.01     6.53     5.62     0       
 1.49     3.02     6.59     5.86     0       
 1.51     2.32     7.34     6.09     0       
 1.52     2.99     6.46     6.55     0       
 1.46     2.26     7.44     4.11     0       
 1.5      3.08     6.29     3.52     0       
 1.48     3.16     6.41     2.84     0       
 1.42     2        7.87     6.49     0       
 1.46     3.15     6.64     3.92     0       
 1.48     3.06     6.61     5.31     0       
 1.49     4.22     7.84     1.04     0       
 1.41     1.96     7.91     6.29     0       
 1.48     3.09     6.34     4.67     0       
 1.49     3.01     6.43     6.37     0       
 1.48     3.09     6.34     4.6      0       
 1.52     2.98     6.61     6.69     0       
 1.51     3.05     6.31     4.37     0       
 1.51     2.93     6.02     7.43     0       
 1.5      3.05     6.73     3.65     0       
 1.5      2.2      7.44     4.73     0       
 1.48     2.22     7.89     1.97     0       
 1.48     2.1      7.49     4.95     0       
 1.5      3.08     6.27     4.85     0       
 1.48     3.08     6.42     5.05     0       
 1.43     2.45     7.7      5.46     0       
 1.49     3.08     6.21     4.49     0       
 1.46     2.11     7.72     4.2      0       
 1.51     3.03     6.15     5.36     0       
 1.43     2.45     7.69     5.5      0       
 1.42     2.45     7.69     5.62     0       
 1.51     2.89     6.3      8        0       
 1.52     2.92     6.13     7.68     0       
 1.43     2.45     7.74     5.37     0       
 1.48     2.91     6.68     7.93     0       
 1.44     1.92     7.92     6.33     0       
 1.48     3.09     6.36     4.7      0       
 1.46     2.27     7.76     2.95     0       
 1.43     1.82     7.94     6.54     0       
 1.5      2.94     6.16     7.51     0       
 1.57     1.14     7.61     0.0551   0       
 1.47     2.31     7.34     6.12     0       
 1.47     2.31     7.34     6.12     0       
 1.47     2.3      7.39     6.87     0       
 1.44     2.45     7.66     5.37     0       
 1.43     2.15     7.84     5.39     0       
 1.43     2.44     7.88     5.22     0       
 1.45     2.51     7.57     3.02     0       
 1.48     2.25     7.43     4.66     0       
 1.47     3.14     6.76     3.55     0       
 1.48     2.27     7.39     7.52     0       
 1.45     2.28     7.76     2.96     0       
 1.48     2.08     7.78     4.84     0       
 1.5      3.15     6.13     3.88     0       
 1.47     2.25     7.48     3.81     0       
 1.48     3.09     6.35     4.64     0       
 1.46     1.79     7.94     6.46     0       
 1.51     2.23     7.43     4.28     0       
 1.48     2.22     7.43     4.38     0       
 1.46     2.47     7.42     6.18     0       
 1.42     2.01     7.92     6.02     0       
 1.49     3.17     6.16     1.38     0       
 1.47     2.27     7.43     4.13     0       
 1.48     3.11     6.4      4.4      0       
 1.49     3.02     6.65     5.53     0       
 1.47     3.16     6.32     2.86     0       
 1.44     2.28     7.85     4.63     0       
 1.51     2.94     6.02     7.12     0       
 1.51     3.01     6.28     5.97     0       
 1.49     3.07     6.27     5.03     0       
 1.49     2.93     6.64     7.66     0       
 1.53     2.95     6.05     6.93     0       
 1.51     3.03     6.41     4.63     0       
 1.48     2.13     7.69     3.97     0       
 1.49     3.16     6.39     2.86     0       
 1.54     1.14     7.73     0.399    0       
 1.41     1.96     7.91     6.15     0       
 1.48     3.06     6.62     5.08     0       
 1.49     2.93     6.29     7.45     0       
 1.49     3.04     6.47     5.38     0       
 1.53     2.9      6.81     7.86     0       
 1.46     2.17     7.59     4.95     0       
 1.48     3.16     6.42     3.24     0       
 1.51     2.29     7.39     7.03     0       
 1.49     3.07     6.41     5.14     0       
 1.47     3.14     6.47     5.37     0       
 1.51     2.05     7.67     5.75     0       
 1.46     2.28     7.6      2.51     0       
 1.48     2.2      7.57     4.29     0       
 1.51     3.02     6.27     5.88     0       
 1.49     3.17     6.23     1.61     0       
 1.5      3.05     6.56     3.66     0       
 1.53     1.15     7.84     0.0449   0       
 1.49     3.08     6.26     4.69     0       
 1.52     2.91     6.13     7.63     0       
 1.53     2.96     6.04     6.77     0       
 1.51     3.04     6.38     4.45     0       
 1.49     3.07     6.61     4.92     0       
 1.54     3.04     6.24     4.83     0       
 1.47     2.22     7.67     4.11     0       
 1.48     2.14     7.45     5.02     0       
 1.49     2.29     7.4      7.08     0       
 1.5      2.92     6.42     7.84     0       
 1.56     2.11     7.43     5.2      0       
 1.54     2.97     6.73     5.2      0       
 1.47     3.16     6.34     3.06     0       
 1.43     2.16     7.83     5.44     0       
 1.57     2.13     7.43     5.2      0       
 1.48     3.11     6.17     3.2      0       
 1.42     2.4      7.75     6.64     0       
 1.48     2.25     7.43     4.45     0       
 1.55     2.11     7.43     5.75     0       
 1.49     3.08     6.22     5.04     0       
 1.48     3.07     6.43     5.21     0       
 1.46     2.18     7.62     5.07     0       
 1.53     2.31     7.36     7.01     0       
 1.48     2.24     7.61     3.62     0       
 1.5      2.07     7.63     5.7      0       
 1.49     3.17     6.2      1.34     0       
 1.5      3.02     6.29     5.77     0       
 1.51     2.32     7.34     6.95     0       
 1.51     3.02     6.21     5.58     0       
 1.48     3.17     6.25     1.74     0       
 1.44     1.96     7.95     6.06     0       
 1.42     2.43     7.7      6        0       
 1.48     3.16     6.39     3.28     0       
 1.48     3.1      6.18     3.79     0       
 1.51     2.21     7.43     4.72     0       
 1.49     2.26     7.44     4.08     0       
 1.48     1.89     7.97     6.07     0       
 1.49     3.15     6.52     2.94     0       
 1.48     2.22     7.6      3.95     0       
 1.5      2.93     6.28     7.76     0       
 1.56     2.12     7.43     5.21     0       
 1.44     1.93     7.94     6.31     0       
 1.47     2.24     7.47     4.12     0       
 1.49     3.01     6.41     6.37     0       
 1.48     3.17     6.26     1.83     0       
 1.53     1.15     7.77     0.0958   0       
 1.45     2.27     7.77     3        0       
 1.51     4.49     7.74     0.731    0       
 1.55     2.11     7.42     5.7      0       
 1.47     2.28     7.61     2.47     0       
 1.48     3.16     6.32     2.93     0       
 1.5      3.02     6.29     6.32     0       
 1.48     3.09     6.31     4.44     0       
 1.46     2.12     7.72     4.02     0       
 1.51     2.89     6.3      7.99     0       
 1.5      2.91     6.69     7.73     0       
 1.42     2.3      7.74     7.2      0       
 1.48     2.21     7.92     2.08     0       
 1.49     2.98     6.09     6.68     0       
 1.49     3.16     6.4      2.86     0       
 1.49     3.02     6.32     6.01     0       
 1.57     2.19     7.43     5.06     0       
 1.5      2.28     7.5      2.94     0       
 1.46     2.2      7.43     5.01     0       
 1.54     2.11     7.48     5.6      0       
 1.5      3.07     6.46     3.59     0       
 1.49     3.02     6.56     5.83     0       
 1.51     2.29     7.39     7        0       
 1.58     3.15     6.18     1.64     0       
 1.52     1.14     7.84     0.268    0       
 1.49     3.01     6.38     6.21     0       
 1.53     3.04     6.14     4.93     0       
 1.53     3.02     6.1      5.28     0       
 1.48     3.09     6.31     4.71     0       
 1.45     2.01     7.69     5.93     0       
 1.49     3.07     6.3      5.4      0       
 1.49     2.93     6.61     7.57     0       
 1.49     4.17     7.72     1.11     0       
 1.48     3.09     6.36     4.64     0       
 1.47     2.25     7.52     4.03     0       
 1.49     2.94     6.22     7.38     0       
 1.48     3.06     6.62     5.33     0       
 1.47     3.17     6.28     2.62     0       
 1.43     2.45     7.75     5.36     0       
 1.43     2.02     7.91     5.95     0       
 1.51     3.02     6.59     4.84     0       
 1.49     2.94     6.46     7.58     0       
 1.51     2.2      7.43     4.77     0       
 1.49     2.12     7.42     5.44     0       
 1.49     3.08     6.2      4.41     0       
 1.49     2.92     6.66     7.9      0       
 1.45     2.01     7.67     6.02     0       
 1.57     2.96     6.14     5.08     0       
 1.52     3.01     6.2      6.23     0       
 1.48     3.09     6.36     4.73     0       
 1.48     1.9      7.98     5.99     0       
 1.49     3.15     6.46     3.01     0       
 1.43     1.83     7.87     6.5      0       
 1.5      2.94     6.16     7.48     0       
 1.41     2.18     7.8      5.79     0       
 1.49     3.16     6.3      2.32     0       
 1.5      3.03     6.38     5.37     0       
 1.46     2.22     7.73     3.94     0       
 1.51     3.01     6.58     5.67     0       
 1.47     3.16     6.45     3.18     0       
 1.46     2.24     7.57     3.74     0       
 1.48     2.22     7.65     4.18     0       
 1.47     3.18     6.3      4.05     0       
 1.48     3.08     6.39     5.11     0       
 1.52     3.04     6.35     4.5      0       
 1.55     2.11     7.42     5.59     0       
 1.54     4.48     7.72     0.043    0       
 1.52     2.99     6.41     6.45     0       
 1.53     3.05     6.33     4.33     0       
 1.46     2.26     7.5      4.04     0       
 1.48     3.09     6.3      4.63     0       
 1.5      3.04     6.78     3.7      0       
 1.51     2.3      7.39     7.02     0       
 1.44     2.09     7.84     5.81     0       
 1.51     2.29     7.39     7.07     0       
 1.49     3.08     6.27     4.86     0       
 1.49     2.94     6.23     7.46     0       
 1.48     3.05     6.67     5.41     0       
 1.45     1.95     7.95     6.03     0       
 1.48     3.07     6.39     5.14     0       
 1.49     3.08     6.19     4.37     0       
 1.49     2.92     6.48     7.82     0       
 1.57     2.96     6.16     4.99     0       
 1.52     3.01     6.24     6.4      0       
 1.56     2.11     7.42     5.72     0       
 1.5      3.07     6.34     3.6      0       
 1.47     3.16     6.35     2.96     0       
 1.49     2.91     6.63     7.92     0       
 1.59     2.92     6.02     6.98     0       
 1.49     2.2      7.56     4.02     0       
 1.48     3.09     6.37     4.66     0       
 1.5      3.02     6.53     5.97     0       
 1.48     2.22     7.7      3.83     0       
 1.46     2.22     7.56     4.91     0       
 1.48     2.07     7.7      4.93     0       
 1.48     2.29     7.53     2.27     0       
 1.47     2.08     7.81     4.63     0       
 1.5      2.98     6.1      6.86     0       
 1.49     2.95     6.05     7.02     0       
 1.48     3.07     6.41     5        0       
 1.49     3.02     6.25     5.88     0       
 1.52     3.05     6.34     4.3      0       
 1.45     2.01     7.7      5.95     0       
 1.54     1.14     7.71     0.154    0       
 1.51     3.05     6.11     4.29     0       
 1.48     3.17     6.22     2.27     0       
 1.47     2.31     7.34     6.18     0       
 1.52     3.01     6.28     5.89     0       
 1.51     3.03     6.18     5.38     0       
 1.49     2.23     7.84     2        0       
 1.47     3.17     6.21     2.38     0       
 1.54     2.92     6.02     7.38     0       
 1.48     2.07     7.85     4.78     0       
 1.48     2.92     6.66     7.73     0       
 1.47     2.31     7.37     6.05     0       
 1.48     2.11     7.52     4.61     0       
 1.51     3.05     6.29     4.25     0       
 1.48     3.07     6.41     5.24     0       
 1.5      3.08     6.21     4.98     0       
 1.58     3.08     6.09     2.88     0       
 1.49     2.97     6.24     6.99     0       
 1.48     3.07     6.41     5.47     0       
 1.42     1.97     7.9      5.98     0       
 1.5      2.92     6.63     7.75     0       
 1.57     2.97     6.07     4.64     0       
 1.52     3.01     6.22     6.36     0       
 1.47     2.08     7.83     4.94     0       
 1.48     3.09     6.33     4.62     0       
 1.46     2.27     7.72     2.64     0       
 1.43     1.81     7.96     6.58     0       
 1.48     3.17     6.28     2.13     0       
 1.46     2.22     7.72     3.88     0       
 1.5      3.01     6.57     5.41     0       
 1.49     3.02     6.53     5.86     0       
 1.47     2.26     7.44     4.04     0       
 1.5      3.08     6.29     3.51     0       
 1.48     2.19     7.46     4.81     0       
 1.47     2.29     7.39     7.19     0       
 1.45     2.11     7.75     5.69     0       
 1.42     2        7.87     6.56     0       
 1.48     3.06     6.64     5.34     0       
 1.42     1.96     7.91     6.18     0       
 1.48     3.09     6.33     4.67     0       
 1.43     2.42     7.69     5.61     0       
 1.49     3.01     6.42     6.28     0       
 1.49     3.15     6.4      2.93     0       
 1.48     3.09     6.34     4.63     0       
 1.52     2.98     6.63     6.68     0       
 1.52     3.05     6.33     4.39     0       
 1.48     3.09     6.32     4.72     0       
 1.51     2.93     6.02     7.5      0       
 1.5      3.05     6.75     3.66     0       
 1.48     2.1      7.49     5        0       
 1.5      3.08     6.28     4.93     0       
 1.51     3.03     6.12     5.16     0       
 1.43     2.45     7.75     5.37     0       
 1.49     3.08     6.19     4.45     0       
 1.46     2.11     7.76     4.01     0       
 1.48     3.16     6.32     3.48     0       
 1.51     3.03     6.22     5.65     0       
 1.43     2.45     7.69     5.47     0       
 1.49     3.08     6.19     4.86     0       
 1.5      2.93     6.3      7.6      0       
 1.52     1.14     7.85     0.28     0       
 1.48     3.16     6.31     2.94     0       
 1.41     2.19     7.76     5.73     0       
 1.52     2.92     6.12     7.61     0       
 1.48     2.27     7.55     2.24     0       
 1.58     2.09     7.48     4.87     0       
 1.48     2.91     6.71     7.84     0       
 1.45     2.01     7.68     6.09     0       
 1.44     1.92     7.94     6.31     0       
 1.48     3.09     6.36     4.74     0       
 1.43     1.82     7.96     6.58     0       
 1.41     2.17     7.82     5.76     0       
 1.43     2.16     7.79     5.43     0       
 1.47     3.16     6.39     3.27     0       
 1.46     2.24     7.61     3.68     0       
 1.46     2.28     7.61     2.66     0       
 1.49     3.02     6.25     5.75     0       
 1.58     3.08     6.05     2.57     0       
 1.5      3.09     6.07     2.74     0       
 1.57     2.96     6.08     4.85     0       
 1.52     3.01     6.24     6.34     0       
 1.51     3.08     6.11     3.01     0       
 1.48     1.81     7.89     6.38     0       
 1.5      3.15     6.16     4.17     0       
 1.46     2.24     7.62     3.84     0       
 1.5      3.02     6.29     6.4      0       
 1.47     2.25     7.49     3.98     0       
 1.48     3.07     6.4      5.17     0       
 1.49     2.12     7.42     5.45     0       
 1.49     3.08     6.2      4.42     0       
 1.48     2.91     6.69     7.9      0       
 1.57     1.14     7.61     0.0551   0       
 1.47     2.31     7.34     6.12     0       
 1.51     4.42     7.78     0.00818  0       
 248      248      1.86     20       100     
 1.87     0.0234   116      116      116     
 0.0101   2.35     75.5     75.5     75.5    
mat_end
 --------------------------- 
