1000 5
 3.12     0.372    6.86     5.38     0       
 2.91     1.75     6.53     1.2      0       
 3.13     0.387    6.76     5.3      0       
 2.9      1.61     6.64     2.41     0       
 3.11     0.463    6.4      4.91     0       
 3.13     0.546    6.44     4.02     0       
 2.99     1.11     6.33     6.26     0       
 3.1      0.447    6.67     4.28     0       
 2.91     3.69     6.63     0.246    0       
 2.95     1.97     7.13     0.0556   0       
 2.96     1.22     6.35     0.559    0       
 2.97     1.42     7.04     0.0503   0       
 3.08     0.446    6.66     4.42     0       
 3.12     0.372    6.81     5.4      0       
 2.91     3.11     6.52     0.539    0       
 2.92     1.73     7.08     0.436    0       
 3.13     0.555    6.47     3.52     0       
 3.14     0.53     6.5      4.14     0       
 3.11     0.472    6.84     3.99     0       
 3.17     0.502    6.84     3.25     0       
 2.97     1.89     6.29     0.808    0       
 2.9      1.7      6.75     1.17     0       
 3.11     0.472    6.76     4.02     0       
 2.9      1.55     6.92     3.71     0       
 3.14     0.366    6.41     5.43     0       
 2.96     1.66     6.93     0.0256   0       
 2.96     1.53     6.98     0.0449   0       
 2.93     1.04     6.8      0.372    0       
 3.14     0.548    6.36     3.93     0       
 2.91     1.7      6.53     1.21     0       
 3.12     0.373    6.75     5.44     0       
 2.95     0.603    6.99     4.19     0       
 3.18     0.602    6.68     2.62     0       
 2.91     1.36     7.09     1.75     0       
 3.12     0.555    6.78     3.45     0       
 2.95     0.759    7.02     1.26     0       
 3.14     0.518    6.89     3.8      0       
 2.9      1.71     7.13     0.901    0       
 2.96     1.63     7.03     0.0734   0       
 3.19     0.596    6.58     2.67     0       
 2.95     1.07     6.49     4.19     0       
 2.91     1.18     7.09     2.19     0       
 3.14     0.412    6.37     5.68     0       
 2.92     1.53     6.55     2.01     0       
 3.14     0.515    6.64     3.93     0       
 2.9      1.72     6.69     2.15     0       
 3.12     0.583    6.51     3.45     0       
 2.95     1.62     7.06     0.0507   0       
 3.17     0.411    6.89     4.91     0       
 2.9      1.61     6.67     2.36     0       
 2.91     1.7      6.62     1.11     0       
 3.1      0.399    6.76     5.35     0       
 3.17     0.44     6.56     4.51     0       
 3.13     0.535    6.85     3.48     0       
 2.91     1.71     7.12     0.466    0       
 2.94     1.23     6.57     0.87     0       
 3.17     0.519    7.06     3.03     0       
 3.12     0.583    6.42     3.6      0       
 3.12     0.54     6.77     3.54     0       
 2.9      1.68     7        1.33     0       
 3.11     0.372    6.75     5.64     0       
 3.11     0.369    6.8      5.59     0       
 3.12     0.553    6.82     3.41     0       
 3.13     0.542    6.73     3.47     0       
 3.16     0.387    6.86     4.94     0       
 2.9      1.55     6.87     4.19     0       
 3.17     0.464    6.88     3.92     0       
 2.91     3.87     6.59     0.098    0       
 2.98     1.23     7.05     0.107    0       
 3.14     0.374    7.01     5.22     0       
 3.11     0.558    6.93     3.29     0       
 2.92     1.64     7.05     0.428    0       
 3.16     0.304    6.97     6.5      0       
 2.96     1.52     7.02     0.0533   0       
 3.11     0.531    6.79     3.65     0       
 3.11     0.421    6.64     5.44     0       
 3.12     0.541    6.9      3.4      0       
 2.91     1.75     7        0.434    0       
 3.18     0.476    6.87     3.91     0       
 2.97     1.43     7.02     0.0617   0       
 3.07     0.497    6.71     4.09     0       
 2.91     1.54     7.05     1.17     0       
 2.92     1.47     7.1      0.498    0       
 2.91     1.76     6.82     0.685    0       
 2.9      1.66     7.09     1.81     0       
 3.1      0.323    6.86     6.25     0       
 3.11     0.367    6.72     5.75     0       
 3.17     0.625    6.94     2.58     0       
 3.1      0.399    6.88     5.24     0       
 2.96     1.67     6.68     0.123    0       
 2.91     1.22     6.71     2.42     0       
 3.07     0.489    6.84     4.16     0       
 3.17     0.462    6.95     3.91     0       
 3.08     0.439    6.69     4.41     0       
 3.09     0.501    6.39     4.29     0       
 3.14     0.533    6.81     3.54     0       
 3.08     0.488    6.7      4.18     0       
 3.12     0.556    6.72     3.27     0       
 3.08     0.506    7        3.83     0       
 3.1      0.323    6.98     6.47     0       
 3.14     0.508    6.91     3.82     0       
 2.96     1.65     6.98     0.0219   0       
 3.08     0.489    6.54     4.37     0       
 2.9      1.68     6.95     1.46     0       
 3.05     0.453    7.03     4.85     0       
 3.11     0.375    6.59     5.85     0       
 3.12     0.581    6.7      3.28     0       
 3.16     0.392    6.87     4.93     0       
 3.11     0.398    6.86     5.09     0       
 3.17     0.504    6.79     3.27     0       
 2.9      3.95     6.78     0.232    0       
 3.1      0.383    6.92     5.37     0       
 2.91     1.69     6.74     1.1      0       
 3.08     0.42     6.86     5.94     0       
 3.13     0.542    6.6      3.59     0       
 2.95     0.878    6.93     0.692    0       
 2.92     1.49     7.1      0.381    0       
 3.09     0.496    6.45     4.25     0       
 2.92     1.69     6.91     0.352    0       
 2.91     1.73     6.69     1.09     0       
 2.9      1.68     6.89     1.21     0       
 3.19     0.596    6.58     2.67     0       
 3.11     0.478    6.35     4.43     0       
 3.1      0.378    6.95     5.48     0       
 3.1      0.539    7.01     3.43     0       
 3.14     0.374    6.38     5.84     0       
 3.17     0.411    6.42     5.42     0       
 2.91     3.67     6.57     0.297    0       
 3.18     0.652    6.38     2.96     0       
 3.12     0.542    6.88     3.41     0       
 2.94     1.25     6.45     0.656    0       
 3.1      0.481    6.46     4.45     0       
 3.09     0.417    6.78     5.54     0       
 2.97     1.54     6.79     0.0436   0       
 2.91     3.88     6.66     0.158    0       
 2.9      1.7      6.72     1.1      0       
 2.92     1.68     7.08     0.439    0       
 2.91     3.87     6.63     0.0639   0       
 2.9      1.47     6.9      1.98     0       
 2.91     1.76     6.93     0.378    0       
 2.96     1.66     6.72     0.106    0       
 3.14     0.37     6.98     5.34     0       
 2.9      1.67     6.86     2.23     0       
 3.13     0.551    6.94     3.35     0       
 3.07     0.49     6.68     4.19     0       
 3.12     0.534    6.69     3.54     0       
 2.92     1.72     6.73     0.338    0       
 3.1      0.376    6.86     5.44     0       
 2.91     1.75     6.68     1.1      0       
 3.19     0.503    6.75     3.02     0       
 3.06     0.44     6.71     4.5      0       
 2.91     1.36     7.02     1.81     0       
 3.09     0.463    6.66     4.23     0       
 3.06     0.517    6.96     4.06     0       
 3.16     0.411    6.71     4.96     0       
 2.96     1.65     6.79     0.0515   0       
 2.97     1.38     7.1      0.086    0       
 3.06     0.472    6.85     4.63     0       
 3.08     0.473    6.81     4.15     0       
 2.96     1.65     6.77     0.0731   0       
 3.17     0.745    6.86     2.58     0       
 2.91     1.41     6.97     1.85     0       
 2.95     1.46     7.09     0.11     0       
 3.06     0.446    6.98     4.5      0       
 2.92     1.56     6.44     1.36     0       
 3.14     0.517    6.69     3.66     0       
 3.11     0.56     6.73     3.32     0       
 3.13     0.554    6.51     3.43     0       
 2.91     3.7      6.71     0.171    0       
 3.09     0.397    7.04     5.48     0       
 2.9      1.69     6.94     1.3      0       
 3.1      0.383    6.87     5.39     0       
 3.13     0.541    6.69     3.53     0       
 3.11     0.539    6.86     3.54     0       
 2.91     1.51     7.11     1.59     0       
 3.11     0.368    6.68     5.73     0       
 2.9      1.53     6.86     1.78     0       
 2.91     1.24     6.47     2.17     0       
 2.91     1.74     7.07     0.446    0       
 3.1      0.456    6.88     4.2      0       
 3.18     0.552    6.75     2.6      0       
 3.13     0.519    6.78     3.87     0       
 3.06     0.477    6.88     4.17     0       
 3.16     0.467    6.83     4.14     0       
 3.14     0.506    6.89     3.79     0       
 3.1      0.431    6.86     5.24     0       
 3.16     0.395    6.81     4.98     0       
 3.08     0.486    6.79     4.1      0       
 3.16     0.429    6.81     4.33     0       
 3.09     0.498    6.61     4.27     0       
 3.1      0.379    7        5.43     0       
 2.95     1.53     7.14     0.111    0       
 2.91     1.12     6.86     2.5      0       
 3.09     0.461    6.84     4.15     0       
 3.08     0.488    6.6      4.3      0       
 3.08     0.498    6.69     3.96     0       
 2.97     1.44     6.99     0.0609   0       
 3.1      0.422    6.67     5.45     0       
 3.13     0.371    7        5.42     0       
 2.91     1.75     6.95     0.49     0       
 2.96     1.65     7        0.0157   0       
 3.08     0.488    6.69     4.18     0       
 3.08     0.55     6.6      4.23     0       
 2.96     1.06     6.52     0.988    0       
 2.95     0.632    6.91     4.07     0       
 2.97     1.28     7.12     0.0561   0       
 3.09     0.494    6.78     3.97     0       
 3.11     0.345    6.45     6.14     0       
 3.18     0.549    6.77     2.6      0       
 2.92     1.7      6.39     0.487    0       
 3.17     0.514    6.81     3.18     0       
 3.17     0.462    6.9      3.91     0       
 3.17     0.564    7        2.59     0       
 2.91     1.64     6.78     1.56     0       
 3.14     0.514    6.87     3.81     0       
 3.06     0.476    6.84     4.16     0       
 2.97     0.626    6.77     2.99     0       
 3.12     0.585    6.88     3.29     0       
 3.06     0.493    6.96     4.08     0       
 3.12     0.381    6.83     5.38     0       
 2.9      1.53     6.94     3.82     0       
 2.91     1.75     6.54     1.19     0       
 2.91     1.75     6.99     0.35     0       
 3.1      0.323    6.66     6.06     0       
 2.9      1.72     6.79     1.59     0       
 2.91     1.17     6.8      2.48     0       
 2.91     1.73     6.49     1.26     0       
 3.1      0.314    6.89     6.39     0       
 2.9      3.74     6.79     0.053    0       
 3.14     0.362    7        5.38     0       
 2.94     1.21     6.53     0.372    0       
 3.11     0.472    6.64     4.11     0       
 3.09     0.502    6.81     3.9      0       
 3.17     0.511    6.71     3.2      0       
 3.11     0.539    6.9      3.42     0       
 2.91     1.75     6.48     1.26     0       
 2.9      1.72     7.12     0.679    0       
 3.14     0.516    6.85     3.57     0       
 3.12     0.582    6.24     3.72     0       
 3.09     0.567    6.8      3.49     0       
 3.06     0.448    6.63     4.57     0       
 3.06     0.472    6.79     4.93     0       
 3.14     0.375    6.67     5.33     0       
 3.1      0.399    6.62     5.49     0       
 3.18     0.554    6.81     2.58     0       
 2.9      1.62     7.1      1.84     0       
 3.17     0.502    6.82     3.25     0       
 3.14     0.518    6.88     3.79     0       
 3.14     0.51     6.74     3.87     0       
 3.08     0.442    6.75     4.35     0       
 2.92     1.46     7.1      0.481    0       
 3.27     0.393    6.96     4.64     0       
 3.08     0.486    6.7      4.19     0       
 3.19     0.503    6.73     3.03     0       
 3.13     0.552    6.72     3.44     0       
 3.14     0.515    6.66     3.91     0       
 2.95     1.64     7        0.122    0       
 2.9      1.77     6.69     0.452    0       
 3.16     0.412    6.85     4.92     0       
 2.91     1.19     7.09     2.2      0       
 2.96     1.66     6.8      0.132    0       
 3.14     0.374    6.74     5.32     0       
 3.18     0.552    6.76     2.59     0       
 3.19     0.503    6.77     3        0       
 3.18     0.554    6.98     2.65     0       
 2.91     1.76     6.75     0.217    0       
 3.1      0.381    6.77     5.42     0       
 2.92     1.5      7.09     0.336    0       
 3.14     0.37     6.87     5.37     0       
 3.08     0.468    6.96     4.17     0       
 2.92     1.67     6.94     0.244    0       
 3.06     0.474    6.89     4.18     0       
 2.91     1.74     6.44     1.32     0       
 3.12     0.546    6.65     3.58     0       
 2.97     1.06     6.98     0.187    0       
 2.92     1.66     6.96     0.439    0       
 3.11     0.492    6.74     3.92     0       
 2.97     1.66     6.72     0.102    0       
 3.12     0.552    6.76     3.46     0       
 2.9      1.72     6.72     2.5      0       
 3.11     0.397    6.66     5.21     0       
 2.9      1.68     6.88     1.28     0       
 3.16     0.292    6.71     6.28     0       
 3.09     0.417    6.94     5.5      0       
 3.11     0.474    6.86     3.98     0       
 3.18     0.549    6.63     2.65     0       
 3.06     0.476    6.87     4.16     0       
 3.16     0.428    6.84     4.79     0       
 3.09     0.479    6.6      4.04     0       
 3.09     0.502    6.74     3.91     0       
 3.16     0.468    6.82     4.14     0       
 3.17     0.463    6.87     3.92     0       
 3.08     0.442    6.75     4.38     0       
 3.09     0.501    6.64     3.99     0       
 2.91     0.925    6.58     0.508    0       
 2.9      1.67     7.04     1.15     0       
 3.11     0.472    6.79     4        0       
 3.15     0.507    6.7      3.76     0       
 3.11     0.395    6.88     5.09     0       
 3.1      0.383    6.94     5.37     0       
 3.09     0.497    6.69     3.97     0       
 3.08     0.462    6.64     4.26     0       
 3.1      0.423    6.69     5.42     0       
 3.17     0.564    7        2.62     0       
 3.1      0.401    6.69     5.42     0       
 3.11     0.477    6.83     3.99     0       
 3.09     0.459    6.81     4.16     0       
 3.1      0.549    6.9      3.4      0       
 3.09     0.487    6.64     4.26     0       
 3.1      0.447    6.68     4.28     0       
 3.09     0.417    6.78     5.54     0       
 3.12     0.56     6.89     3.29     0       
 3.1      0.399    6.88     5.24     0       
 3.13     0.371    6.99     5.43     0       
 2.9      3.74     6.8      0.0433   0       
 3.27     0.409    6.84     4.48     0       
 3.14     0.515    6.8      3.56     0       
 2.9      1.5      7.09     1.91     0       
 2.91     1.57     6.74     1.04     0       
 3.06     0.474    6.89     4.18     0       
 3.11     0.492    6.89     3.87     0       
 3.14     0.367    6.41     5.83     0       
 3.06     0.478    6.89     4.16     0       
 3.07     0.491    6.92     4.08     0       
 3.11     0.472    6.86     3.98     0       
 3.1      0.594    6.9      3.28     0       
 3.13     0.555    6.46     3.54     0       
 3.14     0.374    6.68     5.32     0       
 3.16     0.428    6.78     4.81     0       
 3.16     0.459    6.78     4.15     0       
 3.07     0.477    6.72     4.16     0       
 3.11     0.565    6.55     3.48     0       
 3.27     0.393    6.89     4.54     0       
 2.9      1.69     6.94     1.31     0       
 3.16     0.394    6.83     4.97     0       
 2.92     1.47     7.1      0.478    0       
 3.13     0.517    6.67     3.9      0       
 3.14     0.513    6.73     3.85     0       
 3.19     0.503    6.86     3        0       
 3.18     0.661    6.7      2.61     0       
 3.06     0.434    6.54     4.75     0       
 3.12     0.546    6.69     3.55     0       
 2.9      1.69     6.8      1.42     0       
 3.08     0.482    6.82     4.09     0       
 2.9      1.63     6.81     1.8      0       
 3.17     0.465    6.58     4.11     0       
 3.14     0.364    7        5.38     0       
 3.09     0.567    6.8      3.49     0       
 3.17     0.502    6.83     3.27     0       
 2.91     1.75     6.58     1.16     0       
 3.06     0.478    6.69     4.23     0       
 3.19     0.6      6.52     2.74     0       
 3.11     0.422    6.65     5.42     0       
 2.92     1.74     6.86     0.296    0       
 2.96     1.65     7        0.0185   0       
 3.11     0.495    6.94     3.86     0       
 3.11     0.395    6.97     4.96     0       
 3.11     0.486    6.87     3.97     0       
 3.1      0.422    6.97     5.27     0       
 3.1      0.381    6.77     5.42     0       
 3.11     0.493    6.88     3.87     0       
 3.12     0.554    6.89     3.37     0       
 3.11     0.395    6.46     5.51     0       
 2.91     1.76     7.15     0.399    0       
 3.09     0.566    6.95     3.47     0       
 3.09     0.501    6.57     4.04     0       
 3.14     0.368    6.91     5.29     0       
 2.91     3.67     6.54     0.324    0       
 3.06     0.475    6.77     4.19     0       
 3.14     0.531    6.53     4.13     0       
 3.06     0.477    6.88     4.16     0       
 3.1      0.379    6.49     5.81     0       
 3.09     0.567    6.86     3.48     0       
 2.91     1.25     7.07     2.02     0       
 3.18     0.552    6.75     2.59     0       
 3.09     0.503    6.73     3.92     0       
 2.92     1.48     7.08     0.478    0       
 2.96     1.65     6.82     0.0683   0       
 3.06     0.475    6.85     4.16     0       
 3.06     0.472    6.77     4.92     0       
 3.14     0.514    6.77     3.82     0       
 2.92     1.53     7.06     0.33     0       
 3.09     0.501    6.84     3.87     0       
 2.95     1.63     7.05     0.0525   0       
 3.16     0.42     6.79     4.34     0       
 3.06     0.433    6.75     4.67     0       
 3.1      0.384    6.54     5.71     0       
 3.14     0.51     6.75     3.87     0       
 3.08     0.486    6.58     4.33     0       
 3.13     0.552    6.6      3.54     0       
 2.95     1.64     6.99     0.107    0       
 2.9      1.67     7.03     1.4      0       
 3.15     0.507    6.7      3.76     0       
 3.11     0.491    6.87     3.97     0       
 3.14     0.518    6.9      3.8      0       
 3.11     0.369    6.83     5.57     0       
 3.17     0.462    6.95     3.91     0       
 3.16     0.372    6.9      5.02     0       
 2.91     1.52     7.1      1.49     0       
 3.08     0.488    6.64     4.22     0       
 3.1      0.399    6.67     5.43     0       
 2.95     1.64     7        0.0988   0       
 3.18     0.514    6.93     2.93     0       
 3.08     0.46     6.7      4.22     0       
 3.13     0.516    6.85     3.81     0       
 2.91     1.16     6.85     2.6      0       
 3.1      0.326    7.02     6.4      0       
 3.08     0.549    6.59     4.24     0       
 3.06     0.473    6.5      4.52     0       
 3.18     0.603    6.58     2.68     0       
 3.14     0.371    6.88     5.38     0       
 3.16     0.427    6.8      4.8      0       
 3.08     0.444    6.7      4.39     0       
 3.08     0.462    6.84     4.16     0       
 3.05     0.485    7.01     4.46     0       
 3.12     0.56     6.88     3.29     0       
 3.11     0.493    6.46     4.29     0       
 3.07     0.492    6.9      4.09     0       
 3.13     0.517    6.65     3.91     0       
 3.14     0.362    7.01     5.38     0       
 2.92     1.75     6.67     0.462    0       
 3.11     0.398    6.84     5.09     0       
 3.1      0.423    6.9      5.23     0       
 3.17     0.563    7        2.59     0       
 3.17     0.513    6.93     3.15     0       
 2.91     1.17     6.78     2.73     0       
 2.92     1.68     7.02     0.386    0       
 3.06     0.448    6.54     4.68     0       
 2.92     1.66     6.96     0.491    0       
 2.91     1.21     7.08     1.98     0       
 3.14     0.37     6.96     5.34     0       
 2.95     1.55     7.13     0.224    0       
 3.14     0.514    6.69     3.86     0       
 3.14     0.508    6.71     3.89     0       
 2.91     1.51     7.13     1.23     0       
 2.91     1.73     6.54     1.2      0       
 3.09     0.497    6.58     4.07     0       
 2.92     1.74     6.93     0.413    0       
 2.9      1.53     6.86     1.91     0       
 3.1      0.422    6.58     5.59     0       
 3.17     0.554    6.79     3.18     0       
 3.12     0.586    6.78     3.3      0       
 3.07     0.491    6.93     4.09     0       
 3.14     0.362    6.98     5.38     0       
 2.94     1.21     6.48     0.292    0       
 2.91     1.75     6.44     1.32     0       
 2.9      1.65     7.09     1.74     0       
 3.14     0.518    6.84     3.8      0       
 2.92     1.45     7.11     0.478    0       
 3.14     0.374    6.64     5.42     0       
 3.14     0.369    6.97     5.34     0       
 2.9      1.69     6.93     1.62     0       
 2.96     1.37     6.9      0.195    0       
 2.91     1.76     6.74     0.239    0       
 2.91     1.64     6.77     1.88     0       
 3.06     0.476    6.9      4.16     0       
 3.12     0.38     6.8      5.39     0       
 3.08     0.442    6.74     4.36     0       
 2.92     1.46     7.1      0.481    0       
 3.16     0.412    6.78     4.95     0       
 3.11     0.398    6.71     5.16     0       
 3.1      0.324    6.93     6.18     0       
 3.16     0.46     6.82     4.14     0       
 3.11     0.395    6.66     5.28     0       
 3.17     0.502    6.86     3.24     0       
 2.95     1.63     7.04     0.0651   0       
 3.1      0.447    6.59     4.37     0       
 2.91     3.87     6.61     0.08     0       
 3.06     0.433    6.82     4.88     0       
 2.9      1.54     6.94     3.73     0       
 2.9      1.77     6.69     0.227    0       
 3.14     0.374    6.66     5.41     0       
 2.92     1.66     7.02     0.109    0       
 3.09     0.46     6.74     4.19     0       
 3.11     0.446    6.72     4.24     0       
 3.11     0.561    6.89     3.29     0       
 3.1      0.399    6.85     5.25     0       
 2.9      1.69     6.94     1.41     0       
 3.05     0.487    6.93     4.49     0       
 3.11     0.491    6.91     3.86     0       
 3.09     0.503    6.66     3.95     0       
 3.08     0.487    6.61     4.28     0       
 3.13     0.387    6.77     5.3      0       
 3.16     0.381    6.98     5.01     0       
 2.9      1.69     6.93     1.54     0       
 3.16     0.43     6.81     4.33     0       
 3.1      0.378    7.02     5.43     0       
 2.94     1.21     6.53     0.283    0       
 3.14     0.51     6.71     3.89     0       
 2.9      1.67     7.04     1.45     0       
 3.08     0.462    6.67     4.24     0       
 3.13     0.541    6.68     3.54     0       
 3.08     0.488    6.68     4.19     0       
 3.18     0.552    6.83     2.59     0       
 2.95     1.64     7        0.0498   0       
 3.08     0.468    6.96     4.17     0       
 2.91     1.74     6.38     1.39     0       
 3.12     0.56     6.88     3.29     0       
 3.14     0.366    6.95     5.4      0       
 3.11     0.472    6.91     3.97     0       
 3.14     0.374    6.62     5.39     0       
 3.14     0.514    6.71     3.86     0       
 3.11     0.492    6.9      3.87     0       
 3.12     0.554    6.9      3.37     0       
 3.06     0.475    6.83     4.17     0       
 3.18     0.552    6.77     2.59     0       
 3.16     0.42     6.78     4.34     0       
 2.9      1.7      6.75     1.21     0       
 3.12     0.54     6.75     3.55     0       
 3.16     0.387    6.86     4.95     0       
 3.14     0.374    7.02     5.22     0       
 2.92     1.47     7.09     0.498    0       
 3.12     0.556    6.72     3.27     0       
 2.94     1.25     6.45     0.689    0       
 2.9      1.7      6.72     1.05     0       
 2.91     3.87     6.63     0.0635   0       
 2.9      1.47     6.9      2.09     0       
 3.14     0.37     6.97     5.34     0       
 2.9      1.67     6.85     2.25     0       
 3.13     0.551    6.94     3.35     0       
 3.07     0.49     6.64     4.23     0       
 3.12     0.534    6.67     3.56     0       
 3.11     0.368    6.81     5.59     0       
 2.92     1.72     6.72     0.334    0       
 3.1      0.376    6.86     5.44     0       
 2.91     1.75     6.67     1.1      0       
 3.19     0.503    6.73     3.03     0       
 3.06     0.44     6.65     4.55     0       
 2.91     1.39     7.01     2.17     0       
 3.09     0.462    6.66     4.22     0       
 3.06     0.517    6.96     4.06     0       
 2.96     1.65     6.82     0.0405   0       
 3.08     0.473    6.79     4.16     0       
 2.96     1.66     6.77     0.0851   0       
 3.17     0.772    6.86     2.58     0       
 2.95     1.38     7.12     0.112    0       
 2.92     1.56     6.47     1.33     0       
 3.14     0.518    6.67     3.67     0       
 3.11     0.562    6.71     3.33     0       
 3.13     0.554    6.51     3.43     0       
 2.91     3.7      6.71     0.17     0       
 3.27     0.395    6.87     4.51     0       
 2.9      1.69     6.93     1.18     0       
 3.1      0.383    6.87     5.39     0       
 3.13     0.541    6.68     3.54     0       
 3.11     0.539    6.86     3.48     0       
 2.91     1.51     7.11     1.57     0       
 3.11     0.368    6.69     5.72     0       
 2.9      1.53     6.86     1.98     0       
 2.91     1.24     6.46     2.13     0       
 3.1      0.453    6.86     4.2      0       
 3.18     0.552    6.75     2.6      0       
 3.13     0.519    6.78     3.87     0       
 3.06     0.477    6.88     4.16     0       
 3.16     0.469    6.83     4.14     0       
 3.14     0.506    6.89     3.79     0       
 3.1      0.43     6.86     5.24     0       
 3.08     0.486    6.77     4.11     0       
 3.16     0.429    6.81     4.33     0       
 3.09     0.502    6.61     4.27     0       
 3.1      0.378    7.04     5.58     0       
 2.91     1.13     6.86     2.79     0       
 3.09     0.461    6.84     4.15     0       
 3.08     0.488    6.66     4.24     0       
 3.08     0.498    6.64     4        0       
 3.1      0.422    6.68     5.43     0       
 3.13     0.371    7        5.42     0       
 3.08     0.488    6.69     4.18     0       
 3.08     0.544    6.61     4.21     0       
 2.96     1.06     6.51     1.27     0       
 2.95     0.66     6.9      4.07     0       
 3.09     0.493    6.87     3.95     0       
 3.18     0.549    6.76     2.61     0       
 2.92     1.7      6.37     0.344    0       
 3.17     0.514    6.96     3.16     0       
 3.17     0.462    6.82     3.92     0       
 3.14     0.354    6.65     5.7      0       
 2.91     1.64     6.78     1.79     0       
 3.12     0.381    6.81     5.39     0       
 2.9      1.53     6.92     4.12     0       
 2.91     1.75     6.49     1.25     0       
 2.91     1.75     6.99     0.275    0       
 3.1      0.323    6.66     6.07     0       
 2.91     1.16     6.8      2.53     0       
 2.91     1.73     6.49     1.26     0       
 3.1      0.314    6.89     6.42     0       
 2.9      3.73     6.78     0.261    0       
 3.14     0.362    7        5.38     0       
 2.94     1.21     6.41     0.366    0       
 3.11     0.472    6.63     4.12     0       
 3.09     0.502    6.81     3.9      0       
 3.17     0.511    6.71     3.2      0       
 3.11     0.539    6.9      3.42     0       
 2.91     1.75     6.54     1.19     0       
 3.12     0.582    6.63     3.33     0       
 3.09     0.567    6.77     3.5      0       
 3.06     0.448    6.64     4.56     0       
 3.06     0.472    6.82     4.41     0       
 3.14     0.375    6.65     5.36     0       
 3.1      0.399    6.62     5.5      0       
 3.18     0.552    6.81     2.59     0       
 2.9      1.63     7.1      1.97     0       
 3.17     0.502    6.82     3.25     0       
 3.14     0.519    6.85     3.8      0       
 3.05     0.583    6.96     6.12     0       
 3.08     0.442    6.75     4.35     0       
 2.92     1.46     7.1      0.481    0       
 3.08     0.486    6.7      4.2      0       
 3.19     0.503    6.73     3.04     0       
 3.13     0.552    6.71     3.45     0       
 2.95     1.64     7        0.195    0       
 2.9      1.77     6.69     0.229    0       
 2.9      1.7      6.94     1.34     0       
 3.16     0.412    6.85     4.93     0       
 2.91     1.2      7.08     1.98     0       
 3.14     0.374    6.73     5.34     0       
 3.19     0.503    6.77     3        0       
 3.18     0.554    6.97     2.65     0       
 3.1      0.381    6.77     5.42     0       
 2.92     1.5      7.09     0.336    0       
 3.14     0.37     6.87     5.37     0       
 3.08     0.468    6.96     4.17     0       
 3.06     0.474    6.89     4.18     0       
 2.91     1.74     6.5      1.25     0       
 3.12     0.546    6.57     3.67     0       
 2.92     1.66     6.96     0.471    0       
 3.11     0.492    6.72     3.94     0       
 2.97     1.66     6.72     0.101    0       
 3.12     0.552    6.75     3.46     0       
 2.9      1.72     6.75     2.24     0       
 3.11     0.397    6.67     5.2      0       
 2.9      1.68     6.88     1.31     0       
 3.16     0.293    6.72     6.35     0       
 3.09     0.417    6.94     5.5      0       
 3.11     0.473    6.86     3.98     0       
 2.91     1.34     6.99     2.07     0       
 3.18     0.549    6.8      2.6      0       
 3.06     0.477    6.86     4.16     0       
 3.16     0.428    6.85     4.78     0       
 3.09     0.502    6.74     3.91     0       
 3.16     0.467    6.82     4.14     0       
 2.9      1.69     6.63     1.61     0       
 3.09     0.501    6.65     3.98     0       
 2.9      1.67     7.04     1.19     0       
 3.15     0.507    6.7      3.76     0       
 3.11     0.395    6.88     5.09     0       
 3.1      0.383    6.92     5.38     0       
 3.09     0.497    6.7      3.96     0       
 3.08     0.462    6.74     4.2      0       
 3.1      0.423    6.7      5.42     0       
 3.17     0.564    7        2.62     0       
 3.1      0.401    6.63     5.49     0       
 3.11     0.478    6.82     3.99     0       
 3.09     0.459    6.81     4.16     0       
 3.1      0.549    6.9      3.4      0       
 3.1      0.447    6.67     4.28     0       
 3.09     0.417    6.77     5.55     0       
 3.11     0.56     6.88     3.29     0       
 3.1      0.399    6.84     5.26     0       
 3.13     0.371    6.99     5.43     0       
 2.9      3.74     6.79     0.0459   0       
 3.27     0.409    6.85     4.47     0       
 2.9      1.5      7.08     2.06     0       
 2.91     1.57     6.71     1.03     0       
 3.06     0.474    6.89     4.18     0       
 3.11     0.492    6.5      4.21     0       
 3.06     0.478    6.89     4.16     0       
 3.07     0.491    6.91     4.09     0       
 3.11     0.483    6.76     4.02     0       
 3.1      0.594    6.9      3.28     0       
 3.13     0.555    6.45     3.57     0       
 3.14     0.374    6.72     5.29     0       
 3.16     0.428    6.77     4.81     0       
 3.16     0.459    6.8      4.15     0       
 3.07     0.477    6.72     4.16     0       
 2.9      1.69     6.93     1.65     0       
 3.16     0.394    6.83     4.97     0       
 2.92     1.47     7.09     0.478    0       
 3.13     0.517    6.67     3.9      0       
 3.14     0.513    6.74     3.84     0       
 3.19     0.503    6.86     3        0       
 3.18     0.651    6.71     2.61     0       
 2.91     1.48     7.13     1.72     0       
 3.06     0.434    6.85     4.92     0       
 3.12     0.546    6.72     3.53     0       
 2.9      1.69     6.8      1.4      0       
 3.08     0.482    6.83     4.09     0       
 2.9      1.63     6.81     1.86     0       
 3.14     0.365    7        5.38     0       
 3.09     0.567    6.81     3.49     0       
 2.91     1.75     6.58     1.15     0       
 3.06     0.478    6.68     4.24     0       
 3.19     0.598    6.53     2.73     0       
 3.11     0.422    6.68     5.37     0       
 2.92     1.75     6.74     0.429    0       
 3.11     0.492    6.91     3.87     0       
 3.11     0.395    6.97     4.96     0       
 3.11     0.488    6.89     3.97     0       
 3.16     0.459    6.84     4.15     0       
 3.1      0.381    6.77     5.42     0       
 3.11     0.496    6.85     3.88     0       
 3.12     0.554    6.89     3.37     0       
 2.94     1.09     6.38     0.248    0       
 3.08     0.439    6.42     4.72     0       
 3.12     0.372    6.79     5.41     0       
 2.91     1.75     6.5      1.23     0       
 3.13     0.387    6.77     5.3      0       
 3.13     0.546    6.55     3.84     0       
 2.99     1.11     6.28     6.77     0       
 3.1      0.447    6.69     4.27     0       
 2.91     3.69     6.63     0.246    0       
 2.95     1.97     7.13     0.0692   0       
 3.08     0.446    6.66     4.43     0       
 3.12     0.372    6.8      5.41     0       
 3.13     0.555    6.41     3.62     0       
 3.14     0.53     6.5      4.15     0       
 3.11     0.472    6.84     3.99     0       
 3.11     0.472    6.76     4.02     0       
 2.9      1.55     6.92     4.2      0       
 2.93     1.04     6.8      0.236    0       
 2.91     1.7      6.51     1.24     0       
 2.95     0.603    6.99     4.2      0       
 3.18     0.602    6.68     2.62     0       
 3.12     0.555    6.78     3.45     0       
 2.95     0.714    7.02     1.51     0       
 3.14     0.518    6.89     3.8      0       
 2.9      1.71     7.13     1.04     0       
 2.96     1.63     7.03     0.0442   0       
 3.19     0.602    6.57     2.69     0       
 2.95     1.07     6.49     4.15     0       
 2.91     1.16     7.09     2.1      0       
 2.92     1.53     6.53     1.94     0       
 3.14     0.515    6.64     3.93     0       
 2.9      1.72     6.69     2.28     0       
 3.12     0.583    6.53     3.42     0       
 2.95     1.62     7.06     0.229    0       
 3.17     0.411    6.89     4.91     0       
 2.91     1.7      6.62     1.12     0       
 3.13     0.535    6.85     3.48     0       
 3.17     0.519    7.06     3.03     0       
 3.12     0.583    6.38     3.66     0       
 3.12     0.54     6.76     3.54     0       
 2.9      1.68     7        1.07     0       
 3.11     0.372    6.75     5.64     0       
 3.11     0.369    6.8      5.59     0       
 3.12     0.553    6.81     3.41     0       
 3.13     0.543    6.72     3.48     0       
 3.16     0.387    6.86     4.95     0       
 2.9      1.55     6.87     3.87     0       
 3.17     0.464    6.88     3.92     0       
 2.91     3.87     6.59     0.276    0       
 3.14     0.374    7.01     5.22     0       
 3.11     0.558    6.93     3.29     0       
 2.92     1.64     7.05     0.483    0       
 3.16     0.304    6.97     6.89     0       
 2.96     1.52     7.02     0.194    0       
 3.11     0.531    6.79     3.65     0       
 3.11     0.421    6.66     5.42     0       
 3.12     0.541    6.9      3.41     0       
 3.18     0.473    6.86     3.91     0       
 2.92     1.47     7.1      0.498    0       
 2.91     1.76     6.82     0.77     0       
 3.1      0.323    6.86     6.35     0       
 3.11     0.367    6.7      5.76     0       
 3.17     0.631    6.93     2.58     0       
 3.1      0.399    6.88     5.24     0       
 2.96     1.67     6.68     0.118    0       
 2.91     1.22     6.7      2.36     0       
 3.07     0.489    6.84     4.16     0       
 3.17     0.462    6.95     3.91     0       
 3.08     0.439    6.71     4.55     0       
 3.09     0.501    6.43     4.24     0       
 3.14     0.533    6.81     3.54     0       
 3.08     0.488    6.7      4.18     0       
 3.12     0.556    6.72     3.27     0       
 3.08     0.506    6.99     3.83     0       
 3.1      0.323    6.98     6.38     0       
 2.9      1.68     6.95     1.59     0       
 3.11     0.375    6.6      5.83     0       
 3.12     0.581    6.7      3.28     0       
 3.16     0.392    6.88     4.93     0       
 3.11     0.398    6.86     5.09     0       
 3.1      0.383    6.92     5.37     0       
 3.08     0.419    6.86     5.89     0       
 3.13     0.542    6.59     3.6      0       
 2.95     0.878    6.92     0.692    0       
 2.92     1.49     7.1      0.337    0       
 3.09     0.496    6.45     4.25     0       
 2.9      1.68     6.89     1.43     0       
 3.19     0.599    6.58     2.67     0       
 3.11     0.478    6.36     4.43     0       
 3.1      0.378    6.95     5.48     0       
 3.14     0.374    6.37     5.84     0       
 3.17     0.411    6.43     5.42     0       
 2.91     3.67     6.56     0.304    0       
 3.18     0.641    6.39     2.94     0       
 3.1      0.481    6.52     4.36     0       
 3.09     0.417    6.78     5.54     0       
 2.97     1.54     6.79     0.0451   0       
 2.91     3.88     6.66     0.279    0       
 2.9      1.7      6.72     1.09     0       
 2.91     3.87     6.63     0.0627   0       
 2.9      1.48     6.9      1.93     0       
 2.91     1.76     6.92     0.354    0       
 3.14     0.37     6.98     5.34     0       
 2.9      1.67     6.86     2.07     0       
 3.13     0.551    6.94     3.35     0       
 3.07     0.49     6.68     4.19     0       
 3.12     0.534    6.69     3.54     0       
 3.11     0.368    6.81     5.59     0       
 2.92     1.72     6.73     0.337    0       
 3.1      0.376    6.55     5.7      0       
 2.91     1.75     6.68     1.1      0       
 3.19     0.503    6.76     3.02     0       
 2.91     1.39     7.02     2.03     0       
 3.06     0.517    6.96     4.06     0       
 3.16     0.411    6.52     5.15     0       
 2.96     1.65     6.8      0.241    0       
 3.06     0.472    6.84     4.72     0       
 2.96     1.66     6.76     0.184    0       
 3.17     0.746    6.86     2.58     0       
 2.91     1.41     6.97     1.93     0       
 2.95     1.37     7.12     0.111    0       
 3.06     0.446    6.98     4.45     0       
 2.92     1.56     6.44     1.36     0       
 3.14     0.517    6.68     3.66     0       
 3.11     0.56     6.71     3.33     0       
 3.13     0.554    6.5      3.45     0       
 2.91     3.7      6.7      0.173    0       
 3.1      0.383    6.87     5.39     0       
 3.13     0.541    6.68     3.54     0       
 3.11     0.539    6.86     3.48     0       
 2.91     1.51     7.11     1.55     0       
 3.11     0.368    6.68     5.73     0       
 2.9      1.53     6.86     2.07     0       
 2.91     1.24     6.47     2.38     0       
 3.1      0.456    6.88     4.2      0       
 3.18     0.552    6.76     2.6      0       
 3.06     0.477    6.88     4.16     0       
 3.16     0.466    6.82     4.14     0       
 3.14     0.506    6.89     3.79     0       
 3.1      0.43     6.85     5.24     0       
 3.16     0.395    6.81     4.98     0       
 3.16     0.429    6.8      4.33     0       
 3.09     0.498    6.61     4.26     0       
 2.95     1.53     7.13     0.0809   0       
 3.09     0.461    6.84     4.15     0       
 3.08     0.488    6.61     4.29     0       
 3.08     0.498    6.66     3.98     0       
 3.1      0.422    6.66     5.46     0       
 3.13     0.37     7        5.42     0       
 3.08     0.488    6.7      4.17     0       
 2.96     1.06     6.52     1.04     0       
 2.97     1.27     7.12     0.198    0       
 3.09     0.493    6.78     3.97     0       
 2.9      1.62     6.82     1.65     0       
 3.18     0.549    6.77     2.6      0       
 2.92     1.7      6.39     0.534    0       
 3.17     0.514    6.8      3.18     0       
 3.17     0.462    6.88     3.92     0       
 3.17     0.564    7        2.59     0       
 2.91     1.64     6.78     1.67     0       
 3.14     0.514    6.78     3.82     0       
 2.97     0.695    6.78     2.93     0       
 3.12     0.585    6.88     3.29     0       
 2.9      1.53     6.94     3.77     0       
 2.91     1.75     6.54     1.2      0       
 2.91     1.75     6.99     0.446    0       
 2.9      1.72     6.79     1.48     0       
 2.91     1.16     6.8      2.66     0       
 2.91     1.73     6.52     1.22     0       
 3.1      0.314    6.89     6.5      0       
 2.9      3.74     6.79     0.132    0       
 2.94     1.21     6.54     0.401    0       
 3.11     0.472    6.61     4.15     0       
 3.09     0.502    6.81     3.9      0       
 3.17     0.511    6.72     3.2      0       
 3.11     0.539    6.9      3.42     0       
 2.91     1.75     6.47     1.27     0       
 2.9      1.72     7.12     0.688    0       
 3.14     0.516    6.83     3.57     0       
 3.09     0.567    6.8      3.49     0       
 3.06     0.448    6.64     4.56     0       
 3.06     0.472    6.77     4.72     0       
 3.14     0.375    6.71     5.3      0       
 3.1      0.399    6.56     5.59     0       
 3.18     0.554    6.81     2.59     0       
 2.9      1.62     7.1      1.93     0       
 3.17     0.502    6.82     3.25     0       
 3.14     0.518    6.85     3.8      0       
 2.92     1.46     7.1      0.481    0       
 3.27     0.346    6.77     4.67     0       
 3.08     0.485    6.7      4.19     0       
 3.19     0.503    6.73     3.03     0       
 3.13     0.552    6.73     3.44     0       
 3.14     0.515    6.55     4.03     0       
 2.95     1.64     7        0.226    0       
 2.9      1.77     6.7      0.297    0       
 3.16     0.412    6.85     4.93     0       
 2.91     1.19     7.09     2.05     0       
 3.18     0.552    6.75     2.59     0       
 3.19     0.503    6.77     3        0       
 3.18     0.554    6.98     2.65     0       
 2.91     1.76     6.73     0.217    0       
 3.1      0.381    6.76     5.42     0       
 2.92     1.5      7.09     0.335    0       
 3.14     0.37     6.84     5.39     0       
 3.08     0.468    6.96     4.17     0       
 2.92     1.67     6.94     0.23     0       
 2.91     1.74     6.3      1.41     0       
 3.12     0.546    6.7      3.55     0       
 2.97     1.06     6.98     0.187    0       
 3.11     0.492    6.74     3.92     0       
 2.97     1.66     6.72     0.0359   0       
 3.12     0.552    6.73     3.47     0       
 2.91     1.2      7.09     1.96     0       
 3.16     0.292    6.71     6.3      0       
 3.09     0.417    6.94     5.5      0       
 3.11     0.472    6.85     3.98     0       
 2.91     1.34     6.99     2.11     0       
 3.18     0.549    6.79     2.6      0       
 3.06     0.476    6.87     4.16     0       
 3.16     0.428    6.84     4.79     0       
 3.09     0.502    6.75     3.91     0       
 3.17     0.463    6.89     3.92     0       
 3.08     0.442    6.75     4.36     0       
 2.9      1.69     6.63     1.59     0       
 2.91     0.925    6.58     0.507    0       
 3.11     0.472    6.79     4        0       
 3.15     0.507    6.67     3.79     0       
 3.11     0.395    6.9      5.08     0       
 3.09     0.497    6.69     3.97     0       
 3.08     0.462    6.7      4.22     0       
 3.1      0.423    6.7      5.42     0       
 3.17     0.564    7        2.62     0       
 3.1      0.401    6.67     5.44     0       
 3.11     0.478    6.8      4        0       
 3.09     0.46     6.83     4.15     0       
 3.09     0.487    6.64     4.26     0       
 3.1      0.447    6.7      4.26     0       
 3.09     0.417    6.78     5.54     0       
 3.12     0.56     6.89     3.29     0       
 3.1      0.399    6.87     5.24     0       
 3.13     0.371    6.99     5.43     0       
 3.27     0.409    6.85     4.59     0       
 3.14     0.515    6.79     3.57     0       
 2.9      1.5      7.09     2.01     0       
 2.91     1.57     6.73     0.987    0       
 3.06     0.474    6.86     4.18     0       
 3.11     0.492    6.89     3.87     0       
 3.14     0.366    6.71     5.53     0       
 3.06     0.478    6.89     4.16     0       
 3.07     0.491    6.92     4.08     0       
 3.11     0.472    6.86     3.98     0       
 3.1      0.594    6.9      3.28     0       
 3.13     0.555    6.36     3.69     0       
 3.14     0.374    6.68     5.33     0       
 3.16     0.428    6.77     4.81     0       
 3.07     0.477    6.72     4.16     0       
 3.11     0.565    6.49     3.56     0       
 3.27     0.393    6.89     4.56     0       
 3.16     0.393    6.84     4.97     0       
 2.91     1.34     6.99     1.93     0       
 3.14     0.513    6.72     3.85     0       
 3.18     0.66     6.7      2.61     0       
 2.91     1.48     7.13     1.48     0       
 3.06     0.434    6.51     4.8      0       
 3.12     0.546    6.69     3.55     0       
 2.9      1.69     6.8      1.62     0       
 3.08     0.482    6.82     4.09     0       
 2.9      1.63     6.81     1.65     0       
 3.17     0.465    6.55     4.15     0       
 3.14     0.365    7        5.38     0       
 3.09     0.567    6.8      3.49     0       
 3.17     0.502    6.88     3.26     0       
 2.91     1.75     6.58     1.16     0       
 3.19     0.597    6.53     2.73     0       
 3.11     0.422    6.64     5.43     0       
 2.92     1.74     6.86     0.351    0       
 2.96     1.65     7        0.0352   0       
 3.11     0.492    6.88     3.87     0       
 3.11     0.395    6.97     4.96     0       
 3.11     0.485    6.91     3.97     0       
 3.1      0.422    6.97     5.27     0       
 3.1      0.381    6.77     5.42     0       
 3.11     0.493    6.88     3.87     0       
 3.11     0.395    6.41     5.52     0       
 2.91     1.76     7.15     0.398    0       
 3.09     0.566    6.95     3.47     0       
 2.91     3.67     6.54     0.321    0       
 3.06     0.475    6.77     4.19     0       
 3.14     0.53     6.51     4.15     0       
 3.06     0.477    6.88     4.16     0       
 3.1      0.379    6.79     5.5      0       
 2.94     1.09     6.38     0.248    0       
 3.08     0.439    6.42     4.72     0       
 249      249      7.06     0.00604  0       
 249      249      4.2      20       100     
 3.22     0.00753  96.9     96.9     96.9    
 0.00238  2.12     123      123      123     
