1000 5
 0.0279   0.0828   76.2     76.2     76.2    
 1.24     1.68     11.2     8.78     100     
 0.236    0.00373  76.5     76.5     76.5    
 0.683    0.00325  76.3     76.3     76.3    
 0.405    2.88     10.8     16.3     100     
 0.498    2.51     10.8     10.9     100     
 0.00617  0.316    76.2     76.2     76.2    
 0.0976   2.86     10.9     16.1     100     
 0.591    3.04     10.6     19.9     100     
 1.17     2.79     9.93     14.6     100     
 1.3      2.17     10.1     6.15     100     
 0.734    2.5      10.6     11.1     100     
 1.5      1.63     11       5.96     100     
 0.0857   0.0135   76.3     76.3     76.3    
 0.509    2.51     10.7     10.8     100     
 0.684    3.01     10.4     20.1     100     
 1.23     2.76     9.88     12.3     100     
 0.39     2.2      11       12.3     100     
 1.3      1.62     11.2     7.97     100     
 1.86     1.96     9.82     5.57     100     
 1.06     2.19     10.2     6.87     100     
 0.992    2.37     10.3     12.6     100     
 1.01     2.32     11.1     6.33     100     
 0.325    2.24     11       12.4     100     
 0.537    2.83     10.7     20       100     
 1.05     1.6      11.2     12.5     100     
 0.752    3.05     10.3     20.4     100     
 0.107    0.042    75.5     75.5     75.5    
 0.346    2.86     10.8     16.8     100     
 1.2      2.67     9.94     7.51     100     
 0.087    0.0161   76.2     76.2     76.2    
 0.054    0.167    75.2     75.2     75.2    
 1.35     1.88     10.1     6.5      100     
 1.19     1.91     10.1     6.42     100     
 0.183    2.84     10.9     16.2     100     
 0.613    2.33     11       10.8     100     
 0.126    2.76     10.9     20       100     
 0.109    2.31     11.1     12.2     100     
 1.2      1.87     10.1     6.62     100     
 0.432    2.63     10.7     20       100     
 1.7      2.06     9.9      6.02     100     
 0.202    2.73     10.9     13.6     100     
 0.845    2.69     10.4     11.8     100     
 0.451    2.91     10.7     18.3     100     
 0.504    2.91     10.6     18.4     100     
 1.26     2.49     9.89     6.53     100     
 0.267    2.54     10.9     11.2     100     
 0.193    2.49     10.9     11.7     100     
 1.35     1.62     11.2     8.87     100     
 0.569    3.04     10.6     19.9     100     
 0.0421   0.0972   75.6     75.6     75.6    
 1.04     2.3      10.2     6.4      100     
 1.08     2.3      10.2     6.29     100     
 1.35     2.72     9.78     10.5     100     
 0.468    2.8      10.7     20       100     
 0.778    3        10.4     20.1     100     
 0.607    2.9      10.6     18.2     100     
 1.18     2.15     10.2     6.21     100     
 1.2      2.42     9.98     6.39     100     
 1.21     2.64     9.95     7.27     100     
 1.03     2.36     10.3     12.7     100     
 1.26     2.56     9.92     5.56     100     
 1.18     1.93     10.1     7.59     100     
 1.21     2.54     9.94     8.05     100     
 1.35     1.57     11.2     9.01     100     
 1.18     2.4      9.98     6.66     100     
 0.65     2.71     10.5     8.83     100     
 1.08     2.3      10.2     6.33     100     
 0.271    2.64     10.8     20       100     
 1.2      2.23     10.1     6.12     100     
 0.00614  0.65     75.8     75.8     75.8    
 0.131    2.79     10.9     15.2     100     
 0.449    2.91     10.7     20       100     
 0.548    2.34     11.1     10.5     100     
 0.468    2.9      10.7     18.1     100     
 0.658    3.01     10.4     20.1     100     
 0.269    2.74     10.8     14.3     100     
 0.267    2.54     10.9     11.2     100     
 0.395    2.84     10.7     20       100     
 0.133    2.49     10.9     12.2     100     
 0.000531 0.194    77.7     77.7     77.7    
 1.21     2.65     9.95     6.58     100     
 0.32     2.52     10.8     11.1     100     
 1.3      2.39     9.89     5.79     100     
 0.238    2.45     10.9     11       100     
 0.295    2.51     10.8     11.4     100     
 0.188    2.5      11       11.3     100     
 1.62     2.25     9.74     8.76     100     
 1.17     2.42     10       6.72     100     
 0.589    3.05     10.6     20       100     
 1.07     2.17     10.2     6.8      100     
 1.62     2.2      9.77     8.72     100     
 0.805    2.47     10.5     7.34     100     
 0.5      2.4      10.8     10.8     100     
 0.0151   0.0644   78.3     78.3     78.3    
 0.365    2.52     11       9.82     100     
 0.728    1.79     11.1     13.4     100     
 0.529    2.5      11       10.1     100     
 0.0841   2.86     10.9     16.1     100     
 0.434    2.26     10.9     12.2     100     
 1.53     1.45     11.1     5.84     100     
 0.713    3.01     10.4     20.1     100     
 0.525    2.33     11.1     10.7     100     
 0.611    2.73     10.6     8.97     100     
 1.27     2.61     9.86     7.71     100     
 0.264    2.54     10.9     11.2     100     
 1        2.46     10.2     12.3     100     
 1.32     2.39     9.88     5.79     100     
 0.512    2.39     10.8     11       100     
 0.254    2.45     10.9     10.9     100     
 0.201    2.51     10.9     11.4     100     
 1.75     2.75     9.48     23.8     100     
 0.36     2.6      10.8     20       100     
 0.253    2.54     10.9     20       100     
 1.23     2.62     9.91     6.38     100     
 0.428    2.87     10.7     20       100     
 1.62     2.47     9.83     5.72     100     
 0.754    2.44     10.6     9.8      100     
 0.548    2.47     10.7     10.5     100     
 0.47     2.34     10.8     11.4     100     
 0.513    2.33     11.1     10.8     100     
 0.313    2.51     10.8     11       100     
 0.0565   2.56     11       11.3     100     
 0.431    2.5      10.8     10.4     100     
 0.0925   2.86     10.9     16.1     100     
 1.33     2.3      9.95     5.27     100     
 1.18     1.42     11.2     12.7     100     
 0.153    2.48     10.9     12.3     100     
 1.25     2.41     9.96     6.08     100     
 0.52     2.43     10.7     10.7     100     
 0.188    2.48     11       11.5     100     
 0.483    2.34     10.8     11.4     100     
 0.452    2.38     10.8     11.8     100     
 0.732    2.44     10.6     9.66     100     
 0.766    1.69     11.1     13.5     100     
 0.485    2.35     11.1     10.8     100     
 1.61     2.48     9.83     5.76     100     
 0.994    1.94     11.1     9.46     100     
 0.613    2.73     10.6     9        100     
 0.979    1.65     11.2     12.5     100     
 1.18     1.52     11.2     12.8     100     
 0.78     1.63     11.1     13.5     100     
 0.878    2.28     10.5     10.3     100     
 0.383    2.55     10.8     10.8     100     
 0.562    2.43     10.7     10.8     100     
 0.379    2.45     11.2     10.4     100     
 1.14     1.9      10       20       100     
 0.525    2.53     10.8     10.2     100     
 0.0937   2.44     11       12.3     100     
 1.26     2.55     9.91     5.52     100     
 0.39     2.48     10.8     10.7     100     
 0.423    2.26     10.9     12.3     100     
 0.326    2.17     11       12.7     100     
 0.863    2.74     10.4     20       100     
 0.86     2.37     10.5     9.99     100     
 0.583    2.59     10.7     8.3      100     
 0.768    2.45     10.5     9.93     100     
 1.08     2.3      10.2     6.34     100     
 0.279    2.49     10.9     11       100     
 0.196    2.51     10.9     11.4     100     
 0.466    2.34     10.8     11.4     100     
 0.802    2.44     10.5     9.85     100     
 0.331    2.32     10.9     12.2     100     
 0.809    2.38     10.6     7.65     100     
 0.192    2.48     10.9     12.4     100     
 1.43     1.46     11.1     7.11     100     
 1.29     2.14     9.96     20       100     
 0.529    2.33     11.1     10.7     100     
 1.31     2.45     9.85     5.78     100     
 0.835    2.45     10.5     7.22     100     
 1.33     2.3      9.94     5.28     100     
 1.27     2.48     9.88     6.39     100     
 0.989    1.93     11.1     9.71     100     
 1.19     2.64     9.97     6.84     100     
 0.181    2.5      11       11.3     100     
 1        2.46     10.2     12.3     100     
 0.394    2.89     10.7     17.6     100     
 0.498    2.63     10.7     8.63     100     
 1.02     1.74     11.2     9.77     100     
 0.579    2.59     10.7     8.32     100     
 0.959    2.3      11.1     6.36     100     
 0.529    2.17     10.9     11.7     100     
 1.21     2.15     10.2     6.22     100     
 1.26     2.48     9.87     6.37     100     
 0.116    2.47     11       12.3     100     
 1.43     1.46     11.1     7.25     100     
 0.551    2.38     10.8     10.9     100     
 0.485    2.33     10.8     11.4     100     
 0.503    2.9      10.7     18.1     100     
 1.18     2.14     10.2     6.2      100     
 0.508    2.6      10.7     8.49     100     
 0.749    1.79     11.1     13.4     100     
 1.29     2.3      9.95     5.19     100     
 0.0416   2.55     11       11.8     100     
 0.307    2.5      10.8     11.3     100     
 0.385    2.86     10.8     16.9     100     
 0.882    2.23     10.5     10.3     100     
 0.976    1.66     11.2     12.6     100     
 0.229    2.68     10.9     13.3     100     
 0.745    3.03     10.4     19.9     100     
 1.85     1.97     9.8      20       100     
 1.7      2.06     9.9      6.02     100     
 1.01     1.82     11.2     9.7      100     
 0.188    2.48     11       11.6     100     
 0.0876   0.0835   75.5     75.5     75.5    
 0.153    2.48     10.9     12.3     100     
 0.996    1.89     11.1     9.64     100     
 0.475    2.91     10.7     17.3     100     
 0.326    2.18     11       12.6     100     
 1.13     1.37     11.2     13.4     100     
 1.18     1.43     11.2     12.6     100     
 0.49     2.34     10.8     11.1     100     
 0.683    0.0115   76.3     76.3     76.3    
 0.0246   0.132    76.2     76.2     76.2    
 0.324    2.22     11       12.5     100     
 0.442    2.49     10.8     10.7     100     
 0.811    2.38     10.6     7.64     100     
 0.506    2.33     11.1     11       100     
 0.467    2.4      10.8     10.6     100     
 0.515    2.33     10.8     11.4     100     
 0.988    1.18     11.2     13       100     
 0.505    2.34     11       11       100     
 1.6      2.2      9.77     8.73     100     
 1.29     2.3      9.95     5.3      100     
 0.728    1.85     11.1     13.4     100     
 1.3      2.45     9.84     5.6      100     
 1.43     1.46     11.1     7.37     100     
 0.753    1.79     11.1     13.4     100     
 0.543    2.83     10.6     20       100     
 1.62     2.46     9.83     5.74     100     
 0.328    2.32     10.9     12.2     100     
 1.18     2.14     10.2     6.2      100     
 0.492    2.34     10.8     11.4     100     
 1.73     2.49     9.79     5.81     100     
 1.3      2.29     9.87     6.53     100     
 0.454    2.52     10.8     10.2     100     
 0.535    2.33     11.1     10.9     100     
 1.13     1.37     11.1     13.4     100     
 0.482    2.35     10.8     11.4     100     
 0.976    1.66     11.2     12.6     100     
 0.132    2.66     10.9     20       100     
 0.564    2.46     10.7     10.7     100     
 0.739    2.45     10.6     9.85     100     
 0.988    1.93     11.1     9.57     100     
 0.396    2.89     10.7     17.6     100     
 0.499    2.63     10.7     8.63     100     
 0.514    2.33     11.1     11       100     
 0.39     2.2      11       12.4     100     
 0.107    0.0486   75.5     75.5     75.5    
 0.13     2.49     10.9     12.3     100     
 1.21     2.65     9.95     6.59     100     
 0.332    2.52     10.8     11.4     100     
 1.62     2.2      9.77     8.86     100     
 0.47     2.34     10.8     11.4     100     
 1.33     2.3      9.95     5.27     100     
 0.116    2.47     11       12.3     100     
 0.745    2.44     10.6     9.83     100     
 1.69     2.06     9.9      6.03     100     
 0.49     2.34     10.8     11.1     100     
 1.06     1.57     11.2     12.8     100     
 0.611    2.73     10.6     9.01     100     
 1.18     1.53     11.2     12.8     100     
 0.407    2.88     10.8     16.3     100     
 1.25     2.41     9.92     7.59     100     
 1.43     1.46     11.1     7.04     100     
 0.436    2.63     10.7     20       100     
 0.879    2.27     10.5     10.4     100     
 1.19     2.62     9.99     6.39     100     
 0.552    2.38     10.8     11.2     100     
 0.508    2.33     11.1     11       100     
 0.5      2.49     10.8     10.5     100     
 0.52     2.54     10.7     10.2     100     
 1.12     2.3      10.2     6.34     100     
 0.752    2.45     10.5     9.82     100     
 0.511    2.6      10.7     8.49     100     
 1.29     2.3      9.95     5.54     100     
 1        1.82     11.2     10.2     100     
 0.444    2.63     10.7     20       100     
 0.521    2.17     10.9     11.7     100     
 0.154    2.46     10.9     12.5     100     
 1.29     1.79     10       20       100     
 1.28     1.86     10       20       100     
 0.527    2.53     10.8     10.2     100     
 1.31     2.45     9.84     6.07     100     
 1.03     2.43     10.3     12.3     100     
 1.23     2.07     10.1     6.06     100     
 0.365    2.52     11       9.85     100     
 0.157    2.5      10.9     12       100     
 0.519    2.43     10.7     10.7     100     
 1.62     2.19     9.77     9.1      100     
 0.0922   2.44     11       12.7     100     
 0.882    2.23     10.5     10.4     100     
 0.0246   0.138    76.2     76.2     76.2    
 1.62     2.46     9.83     5.73     100     
 1.13     1.36     11.1     13.5     100     
 0.107    0.0445   75.5     75.5     75.5    
 0.0427   0.103    75.6     75.6     75.6    
 0.547    2.47     10.7     10.5     100     
 1.18     1.42     11.2     12.7     100     
 0.858    2.25     10.5     10.4     100     
 1.08     2.3      10.2     6.34     100     
 0.85     2.44     10.5     9.92     100     
 1.3      2.45     9.85     5.77     100     
 0.579    2.59     10.7     8.32     100     
 1.86     2.69     9.6      18.6     100     
 0.000247 0.201    77.8     77.8     77.8    
 1.63     2.46     9.83     5.72     100     
 0.351    2.56     10.8     10.6     100     
 0.811    2.44     10.5     9.79     100     
 1.18     1.42     11.2     12.4     100     
 0.518    2.33     11.1     10.7     100     
 0.159    2.5      10.9     12       100     
 0.39     2.48     10.8     10.6     100     
 0.303    2.49     10.8     11.2     100     
 1.26     2.48     9.87     6.25     100     
 1.05     1.58     11.2     12.9     100     
 0.511    2.9      10.7     18.1     100     
 0.21     2.45     10.9     11.3     100     
 0.535    2.33     11.1     10.9     100     
 0.877    2.28     10.5     10.3     100     
 0.0152   0.0643   78.3     78.3     78.3    
 1.32     2.39     9.88     5.79     100     
 0.486    2.35     11.1     10.8     100     
 0.874    2.03     11.2     6.65     100     
 1.62     2.2      9.77     8.57     100     
 1.23     2.07     10.1     6.07     100     
 0.186    2.48     11       11.5     100     
 0.547    2.59     10.7     8.36     100     
 0.814    2.44     10.5     9.82     100     
 0.313    2.51     10.8     11.1     100     
 0.77     2.42     10.6     9.96     100     
 0.498    2.5      10.8     10.4     100     
 0.784    2.36     10.5     10.1     100     
 0.86     2.37     10.5     10       100     
 0.848    2.44     10.5     9.95     100     
 1.42     2.4      9.74     25.1     100     
 1.21     2.15     10.2     6.22     100     
 0.511    2.6      10.7     8.49     100     
 0.728    1.85     11.1     13.4     100     
 0.198    2.51     10.9     11.5     100     
 0.5      2.52     10.7     10.8     100     
 0.442    2.51     10.8     10.3     100     
 0.498    2.5      10.8     10.4     100     
 0.244    2.58     10.9     10.6     100     
 0.151    2.48     10.9     12.5     100     
 0.996    1.89     11.1     9.65     100     
 1.61     2.48     9.83     5.76     100     
 0.764    2.42     10.6     9.95     100     
 0.395    2.89     10.7     20       100     
 1.13     1.27     11.2     13.4     100     
 1.33     2.3      9.95     5.27     100     
 0.111    2.47     11       12.5     100     
 0.49     2.34     10.8     11.1     100     
 0.263    2.54     10.9     11.2     100     
 1.18     1.42     11.2     12.7     100     
 0.523    2.33     11.1     10.8     100     
 0.875    2.02     11.2     6.65     100     
 1.08     2.3      10.2     6.34     100     
 0.277    2.49     10.9     11.4     100     
 1.33     2.3      9.94     5.28     100     
 0.182    2.5      11       11.4     100     
 0.0421   2.53     11       12       100     
 0.757    2.43     10.6     9.89     100     
 0.328    2.52     10.8     11.2     100     
 1.27     2.56     9.89     5.53     100     
 0.807    2.44     10.5     9.78     100     
 0.775    2.37     10.5     9.99     100     
 0.531    2.17     10.9     11.7     100     
 1.13     1.36     11.2     13.4     100     
 1.6      2.2      9.77     8.94     100     
 1.14     1.37     11.1     13.4     100     
 0.39     2.2      11       12.4     100     
 1.25     2.41     9.92     7.51     100     
 0.879    2.27     10.5     10.4     100     
 0.151    2.46     10.9     12.4     100     
 1.26     2.7      9.84     9.22     100     
 0.489    2.35     11.1     10.8     100     
 1.43     1.46     11.1     7.4      100     
 0.0416   2.55     11       11.8     100     
 0.968    2.12     10.5     10.5     100     
 1.69     2.06     9.9      20       100     
 0.448    2.51     10.8     10.4     100     
 0.106    0.0385   75.7     75.7     75.7    
 1.14     1.9      10       20       100     
 1.22     2.65     9.95     6.59     100     
 0.613    2.73     10.6     9.01     100     
 0.521    2.17     10.9     11.7     100     
 0.107    0.0413   75.5     75.5     75.5    
 0.51     2.34     11.1     10.5     100     
 0.551    2.38     10.8     10.9     100     
 0.513    2.33     11.1     11.1     100     
 0.313    2.51     10.8     11       100     
 0.518    2.43     10.7     10.7     100     
 0.498    2.5      10.8     10.4     100     
 1.14     1.9      10       20       100     
 0.0929   2.44     11       12.3     100     
 0.39     2.48     10.8     10.7     100     
 0.0933   2.44     11       12.4     100     
 0.153    2.48     10.9     12.3     100     
 1.13     1.37     11.2     13.3     100     
 0.324    2.22     11       12.5     100     
 0.879    2.27     10.5     10.3     100     
 0.139    2.78     10.9     15       100     
 0.0242   0.141    76.1     76.1     76.1    
 0.311    2.51     10.8     11.2     100     
 1.27     2.61     9.86     7.46     100     
 0.195    2.51     10.9     11.5     100     
 1.01     2.46     10.2     12.4     100     
 0.391    2.48     10.8     10.6     100     
 0.326    2.18     11       12.7     100     
 0.876    2.28     10.5     10.3     100     
 0.976    1.66     11.2     12.6     100     
 0.738    2.45     10.6     9.83     100     
 1.12     2.3      10.2     6.34     100     
 0.158    2.5      10.9     12       100     
 0.107    0.0437   75.5     75.5     75.5    
 0.858    2.25     10.5     10.4     100     
 0.544    2.47     10.7     10.6     100     
 1.33     2.3      9.95     5.28     100     
 1.26     2.41     9.96     6.04     100     
 0.0938   2.44     11       12.3     100     
 0.808    2.44     10.5     9.79     100     
 0.325    2.17     11       12.7     100     
 0.583    2.59     10.7     8.32     100     
 0.28     2.49     10.9     11       100     
 1.18     2.14     10.2     6.2      100     
 1.85     1.97     9.8      20       100     
 0.188    2.48     11       11.6     100     
 0.153    2.48     10.9     12.3     100     
 0.876    2.28     10.5     10.4     100     
 1.43     1.46     11.1     7.37     100     
 0.753    1.79     11.1     13.4     100     
 1.18     2.14     10.2     6.21     100     
 1.63     2.46     9.83     5.73     100     
 0.565    2.46     10.7     10.7     100     
 0.739    2.45     10.6     9.83     100     
 0.514    2.33     11.1     11       100     
 1.62     2.46     9.83     5.73     100     
 1.3      2.17     10.1     6.15     100     
 1.38     2.4      9.75     25.3     100     
 0.543    2.35     10.8     10       100     
 0.487    2.35     11.1     10.7     100     
 0.583    2.59     10.7     8.32     100     
 0.959    2.3      11.1     6.43     100     
 1.21     2.15     10.2     6.22     100     
 0.503    2.9      10.7     18.1     100     
 1.18     2.14     10.2     6.2      100     
 0.508    2.6      10.7     8.49     100     
 0.0873   0.0835   75.5     75.5     75.5    
 1.73     2.49     9.79     6.25     100     
 0.514    2.9      10.7     18.1     100     
 1.33     2.3      9.94     5.28     100     
 0.308    2.5      10.8     11.3     100     
 0.385    2.86     10.8     16.9     100     
 0.153    2.48     10.9     12.3     100     
 0.0245   0.134    76.2     76.2     76.2    
 0.988    1.18     11.2     13       100     
 1.29     2.3      9.95     5.39     100     
 0.728    1.85     11.1     13.4     100     
 1.63     2.46     9.83     5.73     100     
 0.482    2.35     10.8     11.4     100     
 0.258    2.54     10.9     11.3     100     
 0.52     2.54     10.7     10.2     100     
 0.366    2.52     11       9.85     100     
 0.519    2.43     10.7     10.7     100     
 1.86     2.69     9.6      18.9     100     
 1.63     2.46     9.83     5.72     100     
 0.732    2.44     10.6     9.85     100     
 0.863    2.74     10.4     20       100     
 0.768    2.45     10.5     9.93     100     
 1.08     2.3      10.2     6.34     100     
 0.192    2.48     10.9     12.4     100     
 0.835    2.45     10.5     7.22     100     
 0.498    2.63     10.7     8.63     100     
 0.389    2.48     10.8     10.7     100     
 0.471    2.4      10.8     10.6     100     
 0.515    2.33     10.8     11.3     100     
 0.454    2.52     10.8     10.2     100     
 0.534    2.33     11.1     10.9     100     
 1.06     1.57     11.2     12.8     100     
 1.19     2.62     9.99     6.39     100     
 0.511    2.6      10.7     8.49     100     
 1.62     2.46     9.83     5.73     100     
 1.3      2.45     9.85     5.84     100     
 0.159    2.5      10.9     12       100     
 0.486    2.35     11.1     10.8     100     
 0.863    2.74     10.4     20       100     
 0.768    2.45     10.5     9.92     100     
 1.31     2.45     9.85     5.78     100     
 0.529    2.17     10.9     11.7     100     
 1.21     2.15     10.2     6.22     100     
 0.551    2.38     10.8     10.9     100     
 0.324    2.22     11       12.5     100     
 1.43     1.46     11.1     7.37     100     
 0.39     2.2      11       12.4     100     
 0.14     2.45     10.9     13       100     
 1        1.82     11.2     10.2     100     
 0.521    2.17     10.9     11.7     100     
 1.28     1.86     10       20       100     
 0.107    0.0437   75.5     75.5     75.5    
 1.63     2.46     9.83     5.72     100     
 0.21     2.45     10.9     11.3     100     
 0.535    2.33     11.1     10.9     100     
 0.0152   0.0643   78.3     78.3     78.3    
 0.186    2.48     11       11.5     100     
 0.313    2.51     10.8     11.1     100     
 0.688    0.00878  75       75       75      
 0.0107   0.275    75.4     75.4     75.4    
 0.993    2.37     10.3     12.6     100     
 1.05     1.6      11.2     12.5     100     
 0.054    0.167    75.2     75.2     75.2    
 0.182    2.84     10.9     16.2     100     
 0.333    2.54     10.9     11       100     
 1.35     1.62     11.2     9.01     100     
 1.08     2.3      10.2     6.29     100     
 0.00055  0.194    77.7     77.7     77.7    
 1        2.46     10.2     12.5     100     
 0.36     2.6      10.8     20       100     
 0.253    2.54     10.9     20       100     
 0.429    2.87     10.7     20       100     
 1.62     2.47     9.83     5.72     100     
 0.754    2.44     10.6     9.8      100     
 0.548    2.47     10.7     10.6     100     
 0.47     2.34     10.8     11.4     100     
 0.513    2.33     11.1     10.8     100     
 0.313    2.51     10.8     11       100     
 0.032    2.59     11       11.8     100     
 0.431    2.5      10.8     10.4     100     
 0.0925   2.86     10.9     16.1     100     
 1.33     2.3      9.95     5.27     100     
 1.18     1.42     11.2     12.8     100     
 0.153    2.48     10.9     12.3     100     
 1.25     2.41     9.96     6.58     100     
 0.52     2.43     10.7     10.7     100     
 0.188    2.48     11       11.5     100     
 0.483    2.34     10.8     11.4     100     
 0.452    2.38     10.8     11.8     100     
 0.732    2.44     10.6     9.66     100     
 0.766    1.69     11.1     13.4     100     
 0.486    2.35     11.1     10.8     100     
 1.61     2.48     9.83     5.76     100     
 0.994    1.94     11.1     9.46     100     
 0.979    1.65     11.2     12.5     100     
 1.18     1.52     11.2     12.8     100     
 0.78     1.63     11.1     13.5     100     
 0.878    2.28     10.5     10.3     100     
 0.383    2.55     10.8     10.8     100     
 0.562    2.43     10.7     11       100     
 0.379    2.45     11.2     10.4     100     
 1.14     1.9      10       20       100     
 0.525    2.53     10.8     10.2     100     
 1.26     2.55     9.91     5.52     100     
 0.39     2.48     10.8     10.7     100     
 0.423    2.26     10.9     12.2     100     
 0.326    2.17     11       12.7     100     
 0.863    2.74     10.4     20       100     
 0.257    2.54     10.9     11.1     100     
 0.86     2.37     10.5     9.99     100     
 0.583    2.59     10.7     8.3      100     
 0.768    2.45     10.5     10       100     
 1.08     2.3      10.2     6.34     100     
 0.279    2.49     10.9     11       100     
 0.466    2.34     10.8     11.4     100     
 0.331    2.32     10.9     12.2     100     
 0.809    2.38     10.6     7.65     100     
 0.192    2.48     10.9     12.4     100     
 1.43     1.46     11.1     7.12     100     
 1.29     2.14     9.96     20       100     
 0.529    2.33     11.1     10.7     100     
 1.31     2.45     9.85     5.77     100     
 1.27     2.48     9.87     6.17     100     
 0.989    1.93     11.1     9.69     100     
 1        2.46     10.2     12.3     100     
 0.394    2.89     10.7     17.6     100     
 0.498    2.63     10.7     8.63     100     
 1.02     1.74     11.2     9.76     100     
 0.579    2.59     10.7     8.32     100     
 0.959    2.3      11.1     6.36     100     
 0.529    2.17     10.9     11.7     100     
 0.139    2.78     10.9     15       100     
 1.26     2.48     9.87     6.09     100     
 0.116    2.47     11       12.3     100     
 1.43     1.46     11.1     7.31     100     
 0.551    2.38     10.8     10.9     100     
 0.485    2.33     10.8     11.4     100     
 0.503    2.9      10.7     18.1     100     
 1.18     2.14     10.2     6.2      100     
 0.508    2.6      10.7     8.5      100     
 0.388    2.48     10.8     10.6     100     
 0.749    1.79     11.1     13.4     100     
 1.29     2.3      9.95     5.42     100     
 0.0418   2.55     11       11.8     100     
 0.307    2.5      10.8     11.3     100     
 0.384    2.86     10.8     16.9     100     
 0.882    2.23     10.5     10.3     100     
 0.976    1.66     11.2     12.6     100     
 0.229    2.68     10.9     13.3     100     
 1.7      2.06     9.9      6.02     100     
 1.01     1.82     11.2     9.7      100     
 0.188    2.48     11       11.6     100     
 0.138    2.46     10.9     12.3     100     
 0.475    2.91     10.7     17.3     100     
 0.43     2.25     10.9     12.4     100     
 0.326    2.18     11       12.6     100     
 1.13     1.37     11.2     13.4     100     
 1.18     1.43     11.2     12.6     100     
 0.49     2.34     10.8     11.1     100     
 0.109    0.0468   75.5     75.5     75.5    
 0.0246   0.132    76.2     76.2     76.2    
 0.324    2.22     11       12.5     100     
 0.811    2.38     10.6     7.64     100     
 0.506    2.33     11.1     11       100     
 0.466    2.4      10.8     10.9     100     
 0.515    2.33     10.8     11.4     100     
 0.988    1.18     11.2     13.1     100     
 0.505    2.34     11       11       100     
 1.6      2.2      9.77     9.13     100     
 1.29     2.3      9.95     5.65     100     
 0.728    1.85     11.1     13.4     100     
 1.3      2.45     9.84     5.48     100     
 0.753    1.79     11.1     13.4     100     
 0.543    2.83     10.6     20       100     
 0.328    2.32     10.9     12.2     100     
 0.526    2.34     10.8     11.4     100     
 1.73     2.49     9.79     5.92     100     
 1.3      2.29     9.87     6.53     100     
 0.455    2.52     10.8     10.2     100     
 0.535    2.33     11.1     10.9     100     
 0.482    2.35     10.8     11.4     100     
 0.975    1.66     11.2     12.6     100     
 0.132    2.66     10.9     20       100     
 0.564    2.46     10.7     10.7     100     
 0.738    2.45     10.6     9.84     100     
 0.988    1.93     11.1     9.77     100     
 0.396    2.89     10.7     17.6     100     
 0.39     2.2      11       12.4     100     
 0.107    0.0483   75.5     75.5     75.5    
 1.19     1.87     10.1     6.63     100     
 1.22     2.65     9.95     6.59     100     
 0.332    2.52     10.8     11.4     100     
 1.62     2.2      9.77     8.71     100     
 1.33     2.3      9.95     5.27     100     
 0.116    2.47     11       12.3     100     
 0.744    2.44     10.6     9.83     100     
 1.69     2.06     9.9      6.03     100     
 0.49     2.34     10.8     11.1     100     
 1.18     1.53     11.2     12.8     100     
 0.407    2.88     10.8     16.3     100     
 1.25     2.41     9.92     7.59     100     
 1.43     1.46     11.1     7.05     100     
 0.45     2.5      10.7     13.8     100     
 1.11     2.65     10.1     7.53     100     
 0.879    2.27     10.5     10.4     100     
 0.552    2.38     10.8     11.2     100     
 0.508    2.33     11.1     11.1     100     
 0.5      2.49     10.8     10.5     100     
 0.52     2.54     10.7     10.2     100     
 1.12     2.3      10.2     6.34     100     
 0.751    2.45     10.5     9.82     100     
 0.511    2.6      10.7     8.49     100     
 1.29     2.3      9.95     5.18     100     
 1        1.82     11.2     10.2     100     
 0.444    2.63     10.7     20       100     
 0.521    2.17     10.9     11.7     100     
 0.154    2.46     10.9     12.5     100     
 1.29     1.79     10       20       100     
 0.527    2.53     10.8     10.2     100     
 1.03     2.43     10.3     12.3     100     
 0.365    2.52     11       9.85     100     
 0.157    2.5      10.9     12       100     
 1.62     2.19     9.77     8.73     100     
 0.882    2.23     10.5     10.4     100     
 0.548    2.47     10.7     10.5     100     
 0.858    2.25     10.5     10.4     100     
 1.08     2.3      10.2     6.34     100     
 0.847    2.41     10.5     10.2     100     
 0.579    2.59     10.7     8.32     100     
 1.86     2.69     9.6      18.7     100     
 0.000238 0.201    77.8     77.8     77.8    
 0.351    2.56     10.8     10.6     100     
 0.811    2.44     10.5     9.79     100     
 1.18     1.42     11.2     12.5     100     
 0.518    2.33     11.1     10.7     100     
 0.159    2.5      10.9     12       100     
 0.303    2.49     10.8     11.2     100     
 1.26     2.48     9.87     6.25     100     
 1.05     1.58     11.2     12.9     100     
 0.487    2.9      10.7     18       100     
 0.21     2.45     10.9     11.3     100     
 0.535    2.33     11.1     10.9     100     
 0.877    2.28     10.5     10.3     100     
 1.32     2.39     9.88     5.79     100     
 0.486    2.35     11.1     10.8     100     
 0.874    2.03     11.2     6.65     100     
 0.863    2.74     10.4     20       100     
 1.62     2.2      9.77     8.56     100     
 1.23     2.07     10.1     6.07     100     
 0.186    2.48     11       11.5     100     
 0.547    2.59     10.7     8.36     100     
 0.814    2.44     10.5     9.82     100     
 0.313    2.51     10.8     11.1     100     
 0.77     2.42     10.6     9.96     100     
 0.498    2.5      10.8     10.4     100     
 0.802    2.35     10.6     9.47     100     
 1.08     2.3      10.2     6.34     100     
 0.684    0.0118   75       75       75      
 0.236    0.000304 76.9     76.9     76.9    
 0.000119 0.201    77.8     77.8     77.8    
 0.0279   0.0828   76.2     76.2     76.2    
 1.24     1.68     11.2     8.78     100     
 0.0876   0.0829   75.5     75.5     75.5    
 0.236    0.0038   76.5     76.5     76.5    
 0.683    0.00335  76.3     76.3     76.3    
 0.405    2.88     10.8     16.3     100     
 0.498    2.51     10.8     10.9     100     
 0.168    2.83     10.9     15.7     100     
 0.592    3.04     10.6     19.9     100     
 1.17     2.79     9.93     15.2     100     
 1.3      2.17     10.1     6.15     100     
 0.734    2.5      10.6     11.1     100     
 1.5      1.63     11       5.96     100     
 0.0857   0.0135   76.3     76.3     76.3    
 0.508    2.51     10.7     10.8     100     
 1.23     2.76     9.88     12.3     100     
 0.39     2.2      11       12.3     100     
 1.06     2.19     10.2     6.87     100     
 0.993    2.37     10.3     12.6     100     
 1.01     2.32     11.1     6.33     100     
 0.325    2.24     11       12.4     100     
 0.537    2.83     10.7     20       100     
 1.05     1.6      11.2     12.5     100     
 0.752    3.05     10.3     20.4     100     
 0.107    0.042    75.5     75.5     75.5    
 0.345    2.86     10.8     16.8     100     
 1.2      2.67     9.94     7.51     100     
 0.0869   0.0164   76.2     76.2     76.2    
 0.0541   0.166    75.2     75.2     75.2    
 1.35     1.88     10.1     6.5      100     
 1.19     1.91     10.1     6.42     100     
 0.183    2.84     10.9     16.2     100     
 0.613    2.33     11       10.8     100     
 0.126    2.76     10.9     20       100     
 0.108    2.31     11.1     12.2     100     
 1.2      1.87     10.1     6.62     100     
 0.432    2.63     10.7     20       100     
 1.7      2.06     9.9      6.02     100     
 0.202    2.73     10.9     13.6     100     
 0.845    2.69     10.4     11.8     100     
 0.451    2.91     10.7     18.3     100     
 0.504    2.91     10.6     18.4     100     
 1.26     2.49     9.89     6.5      100     
 0.267    2.54     10.9     11.2     100     
 1.35     1.62     11.2     8.86     100     
 0.569    3.04     10.6     19.9     100     
 0.0419   0.0969   75.7     75.7     75.7    
 1.13     2.3      10.2     6.39     100     
 1.35     2.72     9.78     10.6     100     
 0.468    2.8      10.7     20       100     
 0.778    3        10.4     20.1     100     
 0.608    2.9      10.6     18.2     100     
 1.18     2.15     10.2     6.21     100     
 1.21     2.64     9.95     6.73     100     
 1.03     2.36     10.3     12.7     100     
 1.26     2.56     9.92     5.56     100     
 1.35     1.57     11.2     8.99     100     
 1.18     2.4      9.98     6.66     100     
 1.27     2.72     9.82     10.5     100     
 0.65     2.71     10.5     8.83     100     
 1.08     2.3      10.2     6.33     100     
 0.271    2.64     10.8     20       100     
 1.2      2.23     10.1     6.12     100     
 0.131    2.79     10.9     15.2     100     
 0.449    2.91     10.7     20       100     
 0.548    2.34     11.1     10.5     100     
 0.468    2.9      10.7     18.1     100     
 0.658    3.01     10.4     20.1     100     
 0.269    2.74     10.8     14.3     100     
 0.267    2.54     10.9     11.2     100     
 0.395    2.84     10.7     20       100     
 0.135    2.44     10.9     12.5     100     
 0.000534 0.194    77.7     77.7     77.7    
 1.21     2.65     9.95     6.58     100     
 0.32     2.52     10.8     11.1     100     
 0.238    2.45     10.9     11.1     100     
 0.295    2.51     10.8     11.4     100     
 0.188    2.5      11       11.5     100     
 1.62     2.25     9.74     8.76     100     
 1.17     2.42     10       6.72     100     
 0.59     3.05     10.6     20       100     
 1.07     2.17     10.2     6.8      100     
 2.29     2.09     9.45     11.1     100     
 0.805    2.47     10.5     7.34     100     
 0.496    2.41     10.8     11.1     100     
 0.0151   0.0645   78.3     78.3     78.3    
 0.365    2.52     11       9.82     100     
 0.728    1.79     11.1     13.4     100     
 0.529    2.5      11       10.1     100     
 0.0841   2.86     10.9     16.1     100     
 0.434    2.26     10.9     12.3     100     
 1.53     1.45     11.1     5.84     100     
 0.713    3.01     10.4     20.1     100     
 0.516    2.51     10.8     10.3     100     
 0.525    2.33     11.1     10.6     100     
 0.611    2.73     10.6     8.97     100     
 0.262    2.54     10.9     11.1     100     
 0.264    2.54     10.9     11.2     100     
 1        2.46     10.2     12.3     100     
 1.32     2.39     9.88     5.79     100     
 0.254    2.45     10.9     10.9     100     
 0.201    2.51     10.9     11.4     100     
 0.253    2.54     10.9     20       100     
 1.23     2.62     9.91     6.38     100     
 0.428    2.87     10.7     20       100     
 1.62     2.47     9.83     5.72     100     
 0.754    2.44     10.6     9.8      100     
 0.548    2.47     10.7     10.6     100     
 0.513    2.33     11.1     10.8     100     
 0.5      2.52     10.7     10.8     100     
 0.313    2.51     10.8     11       100     
 0.0564   2.56     11       11.3     100     
 0.431    2.5      10.8     10.4     100     
 1.18     1.42     11.2     12.7     100     
 0.153    2.48     10.9     12.3     100     
 1.25     2.41     9.96     6.08     100     
 0.52     2.43     10.7     10.7     100     
 0.188    2.48     11       11.5     100     
 0.483    2.34     10.8     11.4     100     
 0.766    1.69     11.1     13.4     100     
 0.487    2.35     11.1     10.7     100     
 0.994    1.94     11.1     9.46     100     
 0.613    2.73     10.6     9        100     
 0.979    1.65     11.2     12.5     100     
 1.18     1.52     11.2     12.8     100     
 0.878    2.28     10.5     10.3     100     
 0.562    2.43     10.7     10.8     100     
 1.14     1.9      10       20       100     
 0.525    2.53     10.8     10.2     100     
 0.0936   2.44     11       12.4     100     
 1.26     2.55     9.91     5.52     100     
 0.39     2.48     10.8     10.7     100     
 0.423    2.26     10.9     12.3     100     
 0.326    2.17     11       12.7     100     
 0.863    2.74     10.4     20       100     
 0.257    2.54     10.9     11.1     100     
 0.86     2.37     10.5     9.99     100     
 0.583    2.59     10.7     8.3      100     
 1.08     2.3      10.2     6.34     100     
 0.802    2.44     10.5     9.85     100     
 0.331    2.32     10.9     12.2     100     
 0.192    2.48     10.9     12.4     100     
 1.29     2.14     9.96     20       100     
 1.31     2.45     9.85     5.73     100     
 0.835    2.45     10.5     7.22     100     
 1.33     2.3      9.94     5.28     100     
 1.27     2.48     9.88     6.39     100     
 0.989    1.93     11.1     9.63     100     
 1.19     2.64     9.97     6.83     100     
 0.181    2.5      11       11.3     100     
 1        2.46     10.2     12.3     100     
 1.02     1.74     11.2     9.76     100     
 0.579    2.59     10.7     8.32     100     
 1.21     2.15     10.2     6.22     100     
 1.26     2.48     9.87     6.39     100     
 0.116    2.47     11       12.3     100     
 1.43     1.46     11.1     7.24     100     
 0.551    2.38     10.8     10.9     100     
 0.485    2.33     10.8     11.4     100     
 1.18     2.14     10.2     6.2      100     
 0.508    2.6      10.7     8.49     100     
 0.749    1.79     11.1     13.4     100     
 1.29     2.3      9.95     5.68     100     
 0.0416   2.55     11       11.8     100     
 0.385    2.86     10.8     16.9     100     
 0.882    2.23     10.5     10.3     100     
 0.976    1.66     11.2     12.6     100     
 0.229    2.68     10.9     13.3     100     
 0.745    3.03     10.4     19.9     100     
 1.7      2.06     9.9      6.02     100     
 0.188    2.48     11       11.6     100     
 0.0875   0.0834   75.5     75.5     75.5    
 0.153    2.48     10.9     12.3     100     
 0.996    1.89     11.1     9.86     100     
 1.13     1.37     11.2     13.4     100     
 1.18     1.43     11.2     12.6     100     
 0.49     2.34     10.8     11.1     100     
 0.683    0.012    76.3     76.3     76.3    
 0.109    0.0469   75.5     75.5     75.5    
 0.0244   0.133    76.2     76.2     76.2    
 0.324    2.22     11       12.5     100     
 0.442    2.49     10.8     10.7     100     
 0.345    2.59     10.9     10.5     100     
 0.811    2.38     10.6     7.64     100     
 0.506    2.33     11.1     11       100     
 0.988    1.18     11.2     13       100     
 0.505    2.34     11       11       100     
 1.29     2.3      9.95     5.31     100     
 1.3      2.45     9.84     5.6      100     
 1.43     1.46     11.1     7.36     100     
 0.328    2.32     10.9     12.2     100     
 1.18     2.14     10.2     6.2      100     
 0.512    2.39     10.8     11       100     
 1.3      2.29     9.87     6.61     100     
 0.454    2.52     10.8     10.2     100     
 0.482    2.35     10.8     11.4     100     
 0.976    1.66     11.2     12.6     100     
 0.132    2.66     10.9     20       100     
 0.564    2.46     10.7     10.7     100     
 0.739    2.45     10.6     9.84     100     
 0.988    1.93     11.1     9.57     100     
 0.499    2.63     10.7     8.63     100     
 0.514    2.33     11.1     11       100     
 0.39     2.2      11       12.4     100     
 0.107    0.0486   75.5     75.5     75.5    
 0.13     2.49     10.9     12.3     100     
 1.21     2.65     9.95     6.59     100     
 0.332    2.52     10.8     11.4     100     
 1.62     2.2      9.77     8.86     100     
 0.47     2.34     10.8     11.4     100     
 1.33     2.3      9.95     5.27     100     
 0.116    2.47     11       12.3     100     
 0.745    2.44     10.6     9.83     100     
 1.69     2.06     9.9      6.03     100     
 0.49     2.34     10.8     11.1     100     
 1.06     1.57     11.2     12.8     100     
 0.611    2.73     10.6     9.01     100     
 1.18     1.53     11.2     12.8     100     
 0.407    2.88     10.8     16.3     100     
 1.43     1.46     11.1     7.29     100     
 0.436    2.63     10.7     20       100     
 0.879    2.27     10.5     10.4     100     
 1.19     2.62     9.99     6.39     100     
 0.552    2.38     10.8     11.2     100     
 0.5      2.49     10.8     10.5     100     
 0.52     2.54     10.7     10.2     100     
 1.12     2.3      10.2     6.34     100     
 0.752    2.45     10.5     9.82     100     
 1.29     2.3      9.95     5.34     100     
 1        1.82     11.2     10.2     100     
 0.444    2.63     10.7     20       100     
 0.521    2.17     10.9     11.7     100     
 0.154    2.46     10.9     12.5     100     
 1.29     1.79     10       20       100     
 0.527    2.53     10.7     10.2     100     
 1.23     2.07     10.1     6.06     100     
 0.157    2.5      10.9     12       100     
 0.519    2.43     10.7     10.7     100     
 1.62     2.19     9.77     8.91     100     
 0.0922   2.44     11       12.7     100     
 0.882    2.23     10.5     10.4     100     
 0.0246   0.138    76.2     76.2     76.2    
 1.62     2.46     9.83     5.73     100     
 1.13     1.36     11.1     13.5     100     
 0.107    0.0445   75.5     75.5     75.5    
 0.0427   0.103    75.6     75.6     75.6    
 0.547    2.47     10.7     10.5     100     
 1.18     1.42     11.2     12.7     100     
 0.858    2.25     10.5     10.5     100     
 1.08     2.3      10.2     6.34     100     
 0.85     2.44     10.5     9.92     100     
 1.3      2.45     9.85     5.79     100     
 0.579    2.59     10.7     8.32     100     
 1.86     2.69     9.6      18.7     100     
 0.000247 0.201    77.8     77.8     77.8    
 1.63     2.46     9.83     5.72     100     
 0.811    2.44     10.5     9.79     100     
 1.18     1.42     11.2     12.4     100     
 0.518    2.33     11.1     10.7     100     
 0.159    2.5      10.9     12       100     
 0.39     2.48     10.8     10.6     100     
 0.303    2.49     10.8     11.2     100     
 1.26     2.48     9.87     6.09     100     
 1.05     1.58     11.2     12.9     100     
 0.511    2.9      10.7     18.1     100     
 0.21     2.45     10.9     11.3     100     
 0.535    2.33     11.1     10.9     100     
 0.877    2.28     10.5     10.3     100     
 0.0152   0.0642   78.3     78.3     78.3    
 0.654    2.31     11.1     10.5     100     
 0.874    2.03     11.2     6.65     100     
 1.62     2.2      9.77     8.57     100     
 1.23     2.07     10.1     6.07     100     
 0.186    2.48     11       11.5     100     
 0.547    2.59     10.7     8.36     100     
 0.814    2.44     10.5     9.94     100     
 0.313    2.51     10.8     11.1     100     
 0.77     2.42     10.6     9.96     100     
 0.498    2.5      10.8     10.4     100     
 0.86     2.37     10.5     10       100     
 0.848    2.44     10.5     9.95     100     
 1.21     2.15     10.2     6.22     100     
 0.511    2.6      10.7     8.49     100     
 0.728    1.85     11.1     13.4     100     
 0.198    2.51     10.9     11.5     100     
 0.5      2.52     10.7     10.5     100     
 1.47     2.17     10.2     3.69     100     
 0.688    0.00878  75       75       75      
 247      247      9.92     1.21     100     
 248      248      1.57     20       100     
 0.236    0.000304 76.9     76.9     76.9    
 0.000119 0.201    77.8     77.8     77.8    
